0000000000000000000000000000000000000000000000000000000000000000000000000000000000000000000000000000000000000000000000110000000011000000000000000000000000001100000000000000000000000000000000000000000000000000000000000000000000000000000000000000000000000000
0000000000000000000000000000000000000000000000000000000000000000000000000000000000000000000000000000000000000000000000110000000111000000000000000000000000001100000000000000000000000000000000000000000000000000000000000000000000000000000000000000000000000000
0000000000000000000000000000000000000000000000000000000000000000000000000000000000000000000000000000000000000000000000110000011110000000000000000000000000001100000000000000000000000000000000000000000000000000000000000000000000000000000000000000000000000000
0000000000000000000000000000000000000000000000000000000000000000000000000000000000000000000000000000000000000011000000011001111100000000000000000000000000001100000000000000000000000000000000000000000000000000000000000000000000000000000000000000000000000000
0000000000000000000000000000000000000000000000000000000000000000000000000000000000000000000000000000000000000011000000011011110000000000000000000000000000011000000000000000000000000000000000000000000000000000000000000000000000000000000000000000000000000000
0000000000000000000000000000000000000000000000000000000000000000000000000000000000000000000000000000000000000001100000011111000000000000011000000000000000011000000000000000000000000000000000000000000000000000000000000000000000000000000000000000000000000000
0000000000000000000000000000000000000000000000000000000000000000000000000000000000000000000000000000000000000001110000001110000000000000111000000000000000001100000000000000000000000000000000000000000000000000000000000000000000000000000000000000000000000000
0000000000000000000000000000000000000000000000000000000000000000000000000000000000000000000000000000000000000000110000011100000000000001110000000000000000011100000000000000000000000000000000000000000000000000000000000000000000000000000000000000000000000000
0000000000000000000000000000000000000000000000000000000000000000000000000000000000000000000000000000000000000000110000111000000000000001100000000000000000011100000000000000000000000000000000000000000000000000000000000000000000000000000000000000000000000000
0000000000000000000000000000000000000000000000000000000000000000000000000000000000000000000000000010000000000000110000110000000000000011100000000000000000011000000000000000000000000000000000000000000000000000000000000000000000000000000000000000000000000000
1000000000000000000000000000000000000000000000000000000000000000000000000000000000000000000000000011000000000000110001100000000000000111000000000000000000110000000000000000000000000000000000000000000000000000000000000000000000000000000000000000000000000000
1000000000000000000000000000000000000000000000000000000000000000000000000000000000000000000000000011100000000000110011100000000000000110000000000000000001110000000000000000000000000000000000000000000000000000000000000000000000000000000000000000000000000000
1000000000000000000000000000000000000000000000000000000000000000000000000000000000000000000000000001100000000000110011000000000000001110000000000000000011100000000000000000000000000000000000000000000000000000000000000000000000000000000000000000000000000000
0000000000000000000000000000000000000000000000000000000000000000000000000000000000000000000000000001100000000000110011000000000000001100000000000000000011000000000000000000000000000000000000000000000000000000000000000000000000000000000000000000000000000000
0000000000000000000000000000000000000000000000000000000000000000000000000000000000000000000000000001100000000000110111000000000000001100000000000000000011000000000000000000000000000000000000000000000000000000000000000000000000000000000000000000000000000000
0000000000000000000000000000000000000000000000000000000000000000000000000000000000000000000000000001100000000000111110000000000000011000000000000000000110000000000000000000000000000000000000000000000000000000000000000000000000000000000000000000000000000000
0000000000000000000000000000000000000000000000000000000000000000000000000000000000000000000000000001100000000000011100000000000000011000000000000000001100000000000000000000000000000000000000000000000000000000000000000000000000000000000000000000000000000000
0000000000000000000000000000000000000000000000000000000000000000000000000000000000000000000000000001100000000000011000000000000000111000000000000000001100000000000000000000000000001100000000000000000000000000000000000000000000000000000000000000000000000000
0000000000000000000000000000000000000000000000000000000000000000000000000000000000000000000000000001100000000000111000000000000000110000000000000000011100000000000000000000000000111100000000000000000000000000000000000000000000000000000000000000000000000000
0000000000000000000000000000000000000000000000000000000000000000000000000000000000000000000000000001100000000011110000000000000000110000000000000000011000000000000000000000000111111000000000000000000000000000000000000000000000000000000000000000000000000000
0000000000000000000000000000000000000000000000000000000000000000000000000000000000000000000000000001110000001111100000000000000001110000000000000000011000000000000000000000111111000000000000000000000000000000000000000000000000000000000000000000000000000000
0000000000000000000000000000000000000000000000000000000000000000000000000000000000000000000000000000110000011110000000000000000001100000000000000000110000000000000000000011111100000000000000000000000000000000000000000000000000000000000000000000000000000000
0000000000000000000000000000000000000000000000000000000000000000000000000000000000000000000000000000111000011000000000000000000001100000000000000000110000000000000000000111100000000000000000000000000000000000000000000000000000000000000000000000000000000000
0000000000000000000000000000000000000000000000000000000000000000000000000000000000000000000000000000011100111000000000000000000011000000000000000001110000000000000000001110000000000000000000000000000000000000000000000000000000000000000000000000000000000000
0000000000000000000000000000000000000000000000000000000000000000000000000000000000000000000000000000001111110000000000000000000011000000000000000001100000000000000000111100000000000000000000000000000000000000000000000000000000000000000000000000000000000000
0000000000000000000000000000000000000000000000000000000000000000000000000000000000000000000000000000001111100000000000000000000011000000000000000001100000000000000001110000000000000000000000000000000000000000000000000000000000000000000000000000000000000000
0000000000000000000000000000000000000000000000000000000000000000000000000000000000000000000000000000001100000000000000000000000011000000000000000001100000000000000011100000000000000000000000000000000000000000000000000000000000000000000000000000000000000000
0000000000000000000000000000000000000000000000000000000000000000000000000000000000000000000000000000011000000000000000000000000111000000000000000011100000000000000011000000000000000000000000000000000000000000000000000000000000000000000000000000000000000000
0000000000000000000000000000000000000000000000000000000000000000000000000000000000000000000000000000011000000000000000000000000110000000000000000011000000000000000111000000000000000000000000000000000000000000000000000000000000000000000000000000000000000000
0000000000000000000000000000000000000000000000000000000000000000000000000000000000000000000000000000011000000000000000000000011110000000000000000111000000000000000110000000000000000000000000000000000000000000000000000000000000000111000000000000000000000000
0000000000000000000000000000000000000000000000000000000000000000000000000000000000000000000000000001111000000001111111000001111100000000000000000110000000000000011100000000000000000000000000000110000000000000000000000000000000111111000000000000000000000000
0000000000011000000000000000000000000000000000000000000000000000000000000000000000000000000000000111110000001111111111111111110000000000000000001110000000000000111000000000000000000000000000001110000000000000000000000000000011111100000000000000000000000000
0000000000011000000000000000000000000000000000000000000000000000000000000000000000000000000000001110000000111110000000111110000000000000000000001100000000000001110000000000000000000000000000001100000000000000000000000000000111100000000000000000000000000000
0000000000011000000000000000000000000000000000000000000000000000000000000000000000000000000000011100000111110000000000011110000000000000000000001100000000000011100000000000000000000000000000011000000000000000000000000000000110000000000000000000000000000000
0000000000011000000000000000000000000000000000000000000000000000000000000000000000000000000011111111111111000000000000000111111111100000000000001101110000000111000000000000000000000000000000111000000000000000000000000000001100000000000000000000000000000000
0000000000111111100000000000000000000000000000000000000000000000000000000000000000000000000111111111111100000000000000000001111111110000000110001111111000001110000000000000000000000000000000110000000000000000000000000000001100000000000000000000000000000000
0000000001111111000000000000000000000000000111100000000000000000000000000000000000000000001110000000000000000000000000000000000000111111111111111111011000011100000000000000000000000000000001110000000000000000000000000000001100000000000000000000000000000000
0000000011111000000000000000000000000000001111000000000000000000000000000000000000000000011000000000000000000000000000000000000000011111111001111111001100111000000000000000000000000000000001100000000000000000000000000000011100000000000000000000000000000000
0000001111000000000000000000000000000000011100000000000000000000000000000000000000000000111000000000000000000000000000000000000000000001100000000011001111110000000000000000000000000000000001100000000000000000000000000001111000000000000000000000000000000000
0000011110000000000000000000000000000000111000000000000000000000000000000000000000000000110000000000000000000000000000000000000000000001100000000001100111100000000000000000000000000000000001100000000000000000000000000011110000000000000000000000000000000000
1111111000000000000000000000000000000011110000000000000000000000000000000000000000000001100000000000000000000000000000000000000000000001100000000001100001111100000000000000000000000000000011100000000000000000000000000011000000000000000000000000000000000000
1111110000000000000000000000000000000111000000000000000000000000000000000000000000000011100000000000000000000000000000000000000000000001100000000001100000111111000000000000000000000000000011100000000000000000000000000111000000000000000000000000000000000000
0000000000000000000000000000000000000110000000000000000000000000000000000000000000000011000000000000000000000000000000000000000000000001100000000001100000000111110000111000000000000000000001100000000000000000000000001110000000000000000000000000000000000000
0000000000000000000000000000000000000110000000000000000000000000000000000000000000000011000000000000000000000000000000000000000000000001100000000001100000000000111111111110000000000000000001100011100000000000000000011100000000000000000000000000000000000011
0000000000000000000000000000000000000110000000000000000000000000000000000000000000000011000000000000000000000000000000000000000000000001100000000001100000000000001111000111100000000000000001100011110000000000000001111000000000000000000000000000000001111111
0000000000000000000000000000000000000110000000000000000000000000000000000000000000000011000000000000000000000000000000000000000000000001100000000011000000000000000000000001110000000000000001100111111111111110000001110000000000000000000000000000000011111100
0000000000000000000000000000000000001100000000000000000000000000000000000000000000000011000000000000000000000000000000000000000000000001100000000011000000000000000000000000111000000000000011111110001111111111110011111111111110000000000000000000000111000000
0000000000000000000000000000000000001100000000000000000000000000000000000000000000000110000000000000000000000000000000000000000000000011000000000011000000000000000000000000011100000001111111111111000000000011111111111111111111110000000000000000001110000000
0000000000000000000000000000000000011100000000000000000000000000000000000000000000000110000000000000000000000000000000000000000000000011000000000011000000000000000000000000001111111111111111111111110000000000011111110000000001111011111111111111111100000000
0000000000000000000000000000000000111000000000000000000000000000000000000000000000001110000000000000000000000000000000000000000000000011000000000011000000000000000000000000000111111110000000000001111111000000000000000000000000011111111111111111111111111000
0000000000000000000000000000000001110000000000000000000000000000000000000000000000001100000000000000000000000000000000000000000000000110000000000011000000000000000000000000000000111000000000000000001111100000000000000000000000001100111100100011000111111110
0000000000000000011111000000111111100000000000000000000000000000000000000000000000001100000000000000000000000000000000000000000000000110000000000011000000000000000000000000000000110000000000000000000001100000000000000000000000000000001111000000000000001111
0000000000000001111111111111111111000000000000000000000000000000000000000000000000001100000000000000001100000000000000000000000000000100000000000011000000000000000000000000000000011000000000000000000001100000000000000000000000000000000011111110000000000011
0000000000000011110001111111100000000000000000000000000000000000000000000000000000001100000000000000111100000000000000000000000000000000000000000011000000000000000000000000000000011000000000000000000001100000000000000000000000000000000001111111100000000000
0000000000000011000000000000000000000000000000000000000000000000000000000000000000001100000000000001110000000000000000000000000000000000000000000011000000000000000000000000000000011000000000000000000001100000000000000000000000000000000000000001111000000000
0000000000000110000000000000000000000000000000000000000000000000000000000000000000001100000000000011100000000000000000000000000000000000000000000011000000000000000000000000000000011000000000000000000001110000000000000000000000000000000000000000011100000000
0000000000001110000000000000000000000000000000000000000000000000000000000000000000001100000000000111000000000000000000000000000000000000000000000111000000000000000000000000000000110000000000000000000000111100000000000000000000000000000000000000001110000000
0000000000001100000000000000000000000000000000000000000000000000000000000000000000011000001111111110000000000000000000000000000000000000000000000110000000000000000000000000000000110000000000000000000000001100000000000000000000000000000000000000000000000000
0000000000011000000000000000000000000000000000000000000000000000000000000000000000111000111111111000000000000000000000000000000000000000000000000110000000000000000000000000000000110000000000000000000000001100000000000000000000000000000000000000000000000000
0000000000111000000000000000000000000000000000000000000000000000000000000000000001100011110000000000000000000000000000000000000000000000000000000000000000000000000000000000000000110000000000000000000000001100000000000000000000000000000000000000000000000000
0000000001110000000000000000000000000000000000000000000000000000000000000000000011111111000000000000000000000000000000000000000000000000000000000000000000000000000000000000000001100000000000000000000000001100000000000000000000000000000000000000000000000000
0000000111100000000000000000000000000000000000000000000000000000000000000000000011111100000000000000000000000000000000000000000000000000000000000000000000000000000000000000000001100000000000000000000000001100000000000000000000000000000000000000000000000000
0001111111000000000000000000000000000000000000000000000000000000000000000000000011100000000000000000000000000000000000000000000000000000000000000000000000000000000000000000000001100000000000000000000000000110000000000000000000000000000000000000000000000000
1111111000000000000000000000000000000000000000000000000000000000000000000000000011000000000000000000000000000000111111000000000000000000000000000000000000000000000000000000000001100000000000000000000000000110000000000000000000000000000000000000000000000000
1110000000000000000000000000000000000000000000000000000000000000000000000000000011000000000000000000000001111111111110000000000000000000000000000000000000000000000000000000000001100000000000000000000000000011000000000000000000000000000000000000000000000000
0000000000000000000000000000000000000000000000000000000000000000000000000000000011000000000000000000000011111111000000000000000000000000000000000000000000000000000000000000000001100000000000000000000000000011100000000000000000000000000000000000000000000000
0000000000000000000000000000000000000000000000000000000000000000000000000000000011000000000000000000000111000000000000000000000000000000000000000000000000000000000000000000000011100000000000000000000000000001110000000000000000000000000000000000000000000000
0000000000000000000000000000000000000000000000000000000000000000000000000000000011000000000000000000001110000000000000000000000000000000000000000000000000000000000000000000000011000000000000000000000000000000110000011000000000000000000000000000000000000000
0000000000000000000000000000000000000000000000000000000000000000000000000000000011000000000000000000011100000000000000000000000000000000000000000000000000000000000000000000000011000000000000000000000000000000011001111100000000000000000000000000000000000000
0000000000000000000000000000000000000000000000000000000000000000000000000000000110000000000000000000011000000000000000000000000000000000000000000000000000000000000000000000000011000000000000000000000000000000011111100110000000000000000000000000000000000000
0000000000000000000000000000000000000000000000000000000000000000000000000000001110000000000000000000110000000000000000000000000000000000000000000000000000000000000000000000000011000000000000000000000000000000001110000110000000000000000000000000000000000000
0000000000000000000000000000000000000000000000000000000000000000000000000000001100000000000000000001110000000000000000000000000000000000000000000000000000000000000000000000000011000000000000000000000000000000001110000111000000000000000000000000000000000000
0000000000000000000000000000000000000000000000000000000000000000000000000000011000000000000011111111100000000000000000000000000000000000000000000000000000000000000000000000000011000000000000000000000000000000000110000011000000000000000000000000000000000000
0000000000000000000000000000000000000000000000000000000000000000000000000000111000000000001111111110000000000000000000000000000000000000000000000000000000000000000000000000000011000000000000000000000000000000000110000011000000000000000000000000000000000000
0000000000000000000000000000000000000000000000000000000000000000000000000000111100000000111110000000000000000000000000000000000000000000000000000000000000000000000000000000000010000000000000000000000000000000000111000001100000000000000000000000000000000000
0000000000000000001100000000000000000000000000000000000000000000000000000001111111000011111111111000000000000000000000000000000000000000000000000000000000000000000000000000000000000000000000000000000000000000000011000001110000000000000000000000000000000000
0000000000000000111100000000000000000000000000000000000000000000000000000001100111111111111111111100000000000000000000000000000000000000000000000000000000000000000000000000000000000000000000000000000000000000000011000000110000000000000000000000000000000000
0000000000000001110000000000000000000000000000000000000000000000000000000011000001111110000000001110000000000000000000000000000000000000000000000000000000000000000000000000000000000000000000000000000000000000000001100000111000000000000000000000000000000000
0000000000000001100000000000000000000000000000000000000000000000000000000011000000000000000000000111100000000000000000000000000000000000000000000000000000000000000000000000000000000000000000000000000000000000000001100000011000000000000000000000000000000000
0000000000000001100000000000000000000000000000000000000000000000000000000111000000000000000000000011110000000000000000000000000000000000000000000000000000000000000000000000000000000000000000000000000000000000000001100000011000000000000000000000000000000000
0000000000000011100000000000000000000000000000000000000000000000000000000111111111000000000000000000111100000000000000000000000000000000000000000000000000000000000000000000000000000000000000000000000000000000000001110000011000000000000000000000000000000000
0000111110011111000000000000000000000000000000000000000000000000000000001111111111111100000000000000001111111111101110000000000000000000000000000000000000000000000000000000000000000000000000000000000000000000000000111000001100000000000000000000000000000000
0001111111111110000000000000000000000000000000000000000000000000000000001100000001111111000000000000000111111111111110000000000000000000000000000000000000000000000000000000000000000000000000000000000000000000000000011110001100000000000000000000000000000000
0011100001100000000000000000000000000000000000000000000000000000000000011000000000000111111110000000000000000000110000000000000000000000000000000000000000000000000000000000000000000000000000000000000000000000000000000110001110000000000000000000000000000000
0111000000000000000000000000000000000000000000000000000000000000000000011000000000000001111111000000000000000000000000000000000000000000000000000000000000000000000000000000000000000000000000000000000000000000000000000011000111000000000000000000000000000000
1110000000000000000000000000000000000000000000000000000000000000000000110000000000000000000011100000000000000000000000000000000000000000000000000000000000000000000000000000000000000000000000000000000000000000000000000011000011100000000000000000000000000000
1100000000000000000000000000000000000000000000000000000000000000000000110000000000000000000001100000000000000000000000000000000000000000000000000000000000000000000000000000000000000000000000000000000000000000000000000001100001110000000000000000000000000000
1000000000000000000000000000000000000000000000000000000000000000000000111000000000000000000000110000000000000000000000000000000000000000000000000000000000000000000000000000000000000000000000000000000000000000000000000001100000111000000000000000000000000000
0000000000000000000000000000000000000000000000000000000000000000000000011000000000000000000000111100000000000000000000000000000000000000000000000000000000000000000000000000000000000000000000000000000000000000000000000011000000011100000000000000000000000000
0000000000000000000000000000000000000000000000000000000000000000000000011000000000000000000000001110000000000000000000000000000000000000000000000000000000000000000000000000000000000000000000000000000000000000000000000011000000001110000000000000000000000000
0000000000000000000000000000000000000000000000000000000000000000000000011000000000000000000000000110000000000000000000000000000000000000000000000000000000000000000000000000000000000000000000000000000000000000000000000011000000000111100000000000000000000000
0000000000000000000000000000000000000000000000000000000000000000000000110000000000000000000000000000000000000000000000000000000000000000000000000000000000000000000000000000000000000000000000000000000000000000000000000000000000000001100000000000000000000000
0000000000000000000000000000000000000000000000000000000000000000000111110000000000000000000000000000000000000000000000000000000000000000000000000000000000000000000000000000000000000000000000000000000000000000000000000000000000000001110000000000000000000000
0000000000000000000000000000000000000000000000000000000000000000001111000000000000000000000000000000000000000000000000000000000000000000000000000000000000000000000000000000000000000000000000000000000000000000000000000000000000000000111000000000000000000000
0000000000000000000000000000000000000000000000000000000000000000011100000000000000000000000000000000000000000000000000000000000000000000000000000000000000000000000000000000000000000000000000000000000000000000000000000000000000000000011000000000000000000000
0000000000000000000000100000000000000000000000000000000000000000011000000000000000000000000000000000000000000000000000000000000000000000000000000000011110000001111111110000000000000000000000000000000000000000000000000000000000000000000000000000000000000000
0000000000000000000001100000000000000000000000000000000000000000011000000000000000000000000000000000000000000000000000000000000000000000000000011111111111111111111111111100000000000000000000000000000000000000000000000000000000000000000000000000000000000000
0000000000000000000011100000000000000000000000000000000000000000011000000000000000000000000000000000000000000000000000000000000000000000001111111111110001111110000000011111110000000000000000000000000000000000000000000000000000000000000000000000000000000000
0000000000000000000111000000000000000000000000000000000000000000011000000000000000000000000000000000000000000000000000000000000000000001111111100000000000000000000000000111100000000000000000000000000000000000000000000000000000000000000000000000000000000000
0000000000000000001110000000000000000000000000000000000000000000011000000000000000000000000000000000000000000000000000000000000000000011110000000000000000000000000000000000000000000000000000000000000000000000000000000000000000000000000000000000000000000000
0000000000000000001100000000000000000000000000000000000000000000110000000000000000000000000000000000000000000000000000000000000000000111000000000000000000000000000000000000000000000000000000000000000000000000000000000000000000000000000000000000000000000000
0000000000000000011100000000000000000000000000000000000000000000110000000000000000000000000000000000000000000000000000000000000000001110000000000000000000000000000000000000000000000000000000000000000000000000000000000000000000000000000000000000000000000000
0000000000000000011000000000000000000100000000000000000000000000110000000000000000000000000000000000000000000000000000000000000000111100000000000000000000000000000000000000000000000000000000000000000000000000000000000000000000000000000000000000000000000000
0000000000000000011000000000000000001100000000000000000000000000110000000000000000000000000000000000000000000000000000000000000001111000000000000000000000000000000000000000000000000000000000000000000000000000000000000000000000000000000000000000000000000000
0000000000000000111000000000000000011100000000000000000000000000110000000000000000000000000000000000000000000000000000000000000111100000000000000000000000000000000000000000000000000000000000000000000000000000000000000000000000000000000000000000000000000000
0000000000000011110000000000000000011000000000000000000000000001100000000000000000000000000000000000000000000000000000000000001110000000000000000000000000000000000000000000000000000000000000000000000000000000000000000000000000000000000000000000000000000000
0000000000111111100000000000000000111000000000000000000000000011100000000000000000000000000000000000000000000000000000000000011100000000000000000000000000000000000000000000000000000000000000000000000000000000000000000000000000000000000000000000000000000000
0000000011111110000000000000000000110000000000000000000000000111000000000000000000000000000000000000000000000000000000000000011000000000000000000000000000000000000000000000000000000000000000000000000000000000000000000000000000000000000000000000000000000000
0000000011100000000000000000000011110000000000000000000000001110000000000000000000000000000000000000000000000000000000000000110000000000000000000000000000000000000000000000000000000000000000000000000000000000000000000000000000000000000000000000000000000000
0000000110000000000000000000001111100000000000000000000000011100000000000000000000000000000000000000000000000000000000000001100000000000000000000000000000000000000000000000000000000000000000000000000000000000000000000000000000000000000000000000000000000000
0000001110000000000000001111111110000000000000000000000000011000000000000000000000000000000000000000000000000000000000000011000000000000000000000000000000000000000000000000000000000000000000000000000000000000000000000000000000000000000000000000000000000000
0000011100000000000000111111110000000000000000000000000000110000000000000000000000000000000000000000000000000000000000000111000000000000000000000000000000000000000000000000000000000000000000000000000000000000000000000000000000000000000000000000000000000000
0000111000000000000011111000000000000000000000000000000001110000000000000000000000000000000000000000000000000000000000000110000000000000000000000000000000000000000000000000000000000000000000000000000000000000000000000000000000000000000000000000000000000000
0001110000000000000111100000000000000000000000000000000001100000000000000000000000000000000000000000000000000000000000000110000000000000000000000000000000000000000000000000000000000000000000000000000000000000000000000000000000000000000000000000000000000000
0001100000000000001110000000000000000000000000000000000011000000000000000000000000000000000000000000000000000000000000000111000000000000000000000000000000000000000000000000000000000000000000000000000000000000000000000000000000000000000000000000000000000000
0001100000000000011000000000000000000000000000000000000011000000000000000000000000000000000000000000000000000000000000000110000000000000000000000000000000000000000000000000000000000000000000000000000000000000000000000000000000000000000000000000000000000000
0011000000000000110000000000000000000000000000000000000110000000000000000000000000000000000000000000000000000000000000000110000000000000000000000000000000000000000000000000000000000000000000000000000000000000000000000000000000000000000000000000000000000000
0011000000000000110000000000000000000000000000000000000110000000000000000000000000000000000000000000000000000000000000001110000000000000000000000000000000000000000000000000000000000000000000000000000000000000000000000000000000000000000000000000000000000000
0011000000000001100000000000000000000000000000000000000110000000000000000000000000000000000000000000000000000000000000011100000000000000000000000000000000000000000000000000000000000000000000000000000000000000000000000000000000000000000000000000000000000000
0011000000000011100000000000000000000000000000000000000110000000000000000000000000000000000000000000000000000000000000011000000000000000000000000000000000000000000000000000000000000000000000000000000000000000000000000000000000000000000000000000000000000000
0011000000000011000000000000000000000000000000000000111100000000000000000000000000000000000000000000000000000000000000111000000000000000000000000000000000000000000000000000000000000000000000000000000000000000000000000000000000000000000000000000000000000000
0011000000000110000000000000000000000000000000000011111100000000000000000000000000000000000000000000000000000000000000110000000000000000000000000000000000000000000000000000000000000000000000000000000000000000000000000000000000000000000000000000000000000000
0011000000000110000000000000000000000000000000000111000000000000000000000000000000000000000000000000000000000000000001100000000000000000000000000000000000000000000000000000000000000000000000000000000000000000000000000000000000000000000000000000000000000000
0011000000001110000000000000000000000000000110000110000000000000000000000000000000000000000000000000000000000000000011100000000000000000000000000000000000000000000000000000000000000000000000000000000000000000000000000000000000000000000000000000000000000000
0011000000001100000000000000000000000000001111111100000000000000000000000000000000000000000000000000000000000000000111000000000000000000000000000000000000000000000000000000000000000000000000000000000000000000000000000000000000000000000000000000000000000000
0011000000011100000000000000000000000000011111111100000000000000000000000000000000000000000000000000000000000000001110000000000000000000000000000000000000000000000000000000000000000000000000000000000000000000000000000000000000000000000000000000000000000000
0011000000011000000000000000000000000011111111100000000000000000000000000000000000000000000000000000000000000000011100000000000000000000000000000000000000000000000000000000000000000000000000000000000000000000000000000000000000000000000000000000000000000000
0011000000011000000000000000000001111111110000111000000000000000000000000000000000000000000000000000000000000000111000000000000000000000000000000000000000000000000000000000000000000000000000000000000000000000000000000000000000000000000000000000000000000000
0011000000011000000000000000001111111100000000011100000000000000000000000000000000000000000000000000000000000001110111111111100000000000000000000000000000000000000000000000000000000000000000000000000000000000000000000000000000000000000000000000000000000000
0110000000011000011110000000111110000000000000001100000000000000000000000000000000000000000000000000000000011111111111111111110000000000000000000000000000000000000000000000000000000000000000000000000000000000000000000000000000000000000000000000000000000000
0110000000011000111111100011110000000000000000001100111000000000000000000000000000000000000000000000000000111111111100000000010000000000000000000000000000000000000000000000000000000000000000000000000000000000000000000000000000000000000000000000000000000000
0110000000011001110011111111000000000000000000001111111111000000000000000000000000000000000000000000000001110000000000000000000000000000000000000000000000000000000000000000000000000000000000000000000000000000000000000000000000000000000000000000000000000000
0110000000001111100000111100000000000000000000000111000111111000000000000000000000000000000000000000000011100000000000000000000000000000000000000110000000000000000000000000000000000000000000000000000000000000000000000000000000000000000000000000000000000000
0110000000011111000000000000000000000000000000000000000001111100000000000000000000000000000000000000000111000000000000000000000000000000000000001110000000000000000000000000000000000000000000000000000000000000000000000000000000000000000000000000000000000000
0110000000111100000000000000000000000000000000000000000000001110000000000000000000000000000000000000000110000000000000000000000000000000000000001100000000000000000000000000000000000000000000000000000000000000000000000000000000000001000000000000000000000000
0110000011110000000000000000000000000000000000000000000000000111110000000000000000000000000000000000001110000000000000000000000000000000000000001100000000000000000000000000000000000000000000000000000000000000000000000000000000000001100000000000000000000000
1111111111000000000000000000000000000000000000000000000000000011111000000000000000000000000000000000001100000000000000000000000000000000000000001100000000000000000000000000000000000000000000000000000000000000000000000000000000000001100000000000000000000000
1111111110000000000000000000000000000000000000000000000000000000011100000000000000000000000000000000011100000000000000000000000000000000000000011000000000000000000000000000000000000000000000000000000000000000000000000000000000000001100000000000000000000000
1100000000000000000000000000000000000000000000000000000000000000001110000000000000000000000000000000111000000000000000000000000000000000000000011000000000000000000000000000000000000000000000000000000000000000000000000000000000000000110000000000000000000000
0000000000000000000000000000000000000000000000000000000000000000000110000000000000000000000000000001110000000000000000000000000000000000000000111000000000000000000000000000000000000000000000000000000000000000000000000000000000000000110000000000000000000000
0000000000000000000000000000000000000000000000000000000000000000000111000000000000000000000000000011100000000000000000000000000000000000000000110000000000000000000000000000000000000000000000000000000000000000000000000000000000000000111000000000000000000000
0000000000000000000000000000000000000000000000000000000000000000000011100000000000000000000000001111000000000000000000000000000000000000000001100000000000000000000000000000000000000000000000000000000000000000000000000000000000000000011000000000000000000000
0000000000000000000000000000000000000000000000000000000000000000000000110000000000000000000000011111000000000000000000000000000000000000000011100000000000000000000000000000000000000000000000000000000001100000000000000000000000000000011100000000000000000000
0000000000000000000000000000000000000000000000000000000000000000000000110000000000000000000000111011000000000000000000000000000000000000000111000000000000000000000000000000000000000000000000000000000001100000000000000000000000000000001100000000000000000000
0000000000000000000000000000000000000000000000000000000000000000000000011111100000000000000000110001110000000000000000000000000000000111111110000000000000000000000000000000000000000000000000000000000001100000000000000000000000000000001100000000000000000000
0000000000000000000000000000000000000000000000000000000000000000000000001111110000000000001111100000111100000000000000000000000000011111111100000000000000000000000000000000000000000000000000000000000011000000000000000000000000000000001100000000000000000000
0000000000000000000000000000000000000000000000000000000000000000000000000000111100111111111111000000011111111000000000000000000001111000000000000000000000000000001100000000000000000000000000000000000111000000000000000000000000000000001100000000000000000000
0000000000000000000000000000000000000000000000000000000000000000000000000000011111111111110000000000000011111111100000000000000011100000000000000000000000000000001100000000000000000000000000000000000110000000000000000000000000000000001100000000000000000000
0000000000000000000000000000000000000000000000000000000000000000000000000000000011000000000000000000000000001111100000000000000111000000000000000000000000000000011100000000000000000000000000000000000110000000000000000000000000000000001100000000000000000000
0000000000000000000000000000000000000000000000000000000000000000000000000000000000000000000000000000000000000000000000000000001110000000000000000000000000000000011000000000000000000000000000000000001110000000000000000000000000000000001100000000000000000000
0000000000000000000000000000000000000000000000000000000000000000000000000000000000000000000000000000000000000000000000000000001100000000000000000000000000000000011000000000000000000000000000000000001100000000000000000000000000000000001100000000000000000000
0000000000000000000000000000000000000000000000000000000000000000000000000000000000000000000000000000000000000000000000000000011000000000000000000000000000000000011000000000000000000000000000000000001100000000000000000000000000000000011000000000000000000000
0000000000000000000000000000000000000000000000000000000000000000000000000000000000000000000000000000000000000000000000000000011000000000000000000000000000000000011000000000000000000000000000000000011100000000000000000000000000000000011000000000000000000000
0000000000000000000000000000000000000000000000000000000000000000000000000000000000000000000000000000000000000000000000000000110000000000000000000000000000000000110000000000000000000000000000000000011000000000000000000000000000000000110000000000000000000000
0000000000000000000000000000000000000000000000000000000000000000000000000000000000000000000000000000000000000000000000000001110000000000000000000000000000000000110000000000000000000000000000000000111000000000000000000000000000000000110000000000000000000000
0000000000000000000000000000000000000000000000000000000000000000000000000000000000000000000000000000000000000000000000000011100000000000000000000000000000000000110000000000000000000000000000000001110000000000000000000000000000000001110000000000000000000000
0000000000000000000000000000000000000000000000000000000000000000000000000000000000000000000000000000000000000000000000000011000000000000000000000000000000000000110000000000000000000000000000000011100000000000000000000000000000000011100000000000000000000000
0000000000000000000000000000000000000000000000000000000000000000000000000000000000000000000000000000000000000000000000000111000000000000000000000000000000000001110000000000000000000000000000000011000000000000000000000000000000000111000000000000000000000000
0000000000000000000000000000000100000000000000000000000000000000000000000000000000000000000000000000000000000000000000000110000000000000000000000000000000000001100000000000000000000000000000000111000000000000000000000000000000000110000000000000000000000000
0000000000000000000000000000011110000000000000000000000000000000000000000000000000000000000000000000000000000000000000001110000000000000000000000000000000000001100000000000000000000000000000000110000000000000000000000000000000001100000000000000000000000000
0000000000000000000000000001111100000000000000000000000000000000000000000000000000000000000000000000000000000000000000001100000000000000000000000000000000000001100000000000000000000000000000000110000000000000000000000000000000001100000000000000000000000000
0000000000000000000000111111110000000000000000000000000000000000000000000000000000000000000000000000000000000000000000001100000000000000000000000000000000000001100000000000000000000000000000000110000000000000000000000000000000011000000000000000000000000000
0000000000000000000001111111000000000000000000000000000000000000000000000000000000000000000000000000000000000000000000011000000000000000000000000000000000000001100000000000000000000000000000000110000000000000000000000000000000011000000000000000000000000000
0000000000000000000011100000000000000000000000000000000000000000000000000000000000000000000000000000000000000000000000011000000000000000000000000000000000000001100000000000000000000000000000000110000000000000000000000000000000011000000000000000000000000000
0000000000000000000011000000000000000000000000000000000000000000000000000000000000000000000000000000000000000000000000111000000000000000000000000000000000000001100000000000000000000000000000000110000000000000000000000000000000111000000000000000000000000000
0000000000000000000110000000000000000000000000000000000000000000000000000000000000000000000000000000000000000000000011110000000000000000000000000000000000000001100000000000000000000000000000000110000000000000000000000000000000110000000000000000000000000000
0000000000000000000110000000000000000000000000000000000000000000000000000000000000000000000000000000000000000000000111000000000000000000000000000000000000000011000000000000000000000000000000001100000000000000000000000000000000110000000000000000000000000000
0000000000000000000110000000000000000000000000000000000000000000000000000000000000000000000000000000000000000000001110000000000000000000000000001000000000000011000000000000000000000000000000001100000000000000000000000000000001100000000000000000000000000000
0000000000000000000110000000000000000000000000000000000000000000000000000000000000000000000000000000000000000000011100000000000000000000000000011000000000000011000000000000000000000000000000001100000000000000000000000000000001100000000000000000000000000000
0000000000000000000110000000000000000000000000000000000000000000000000000000000000000000000000000000000000000000011000000000000000000000000000011000000000000011000000000000000000000000000000001100000000000000000000000000000011000000000000000000000000000000
0000000000000000000110000000000000000000000000000000000000000000000000000000000000000000000000000000000000000000110000000000000000000000000000111000000000000111000000000000000000000000000000001100000000000000000000000000000011000000000000000000000000000000
0000000000000000001100000000000000000000000000000000000000000000000000000000000000000000000000000000000000000000110000000000000000000000000000110000000000001110000000000000000000000000000000001100000000000000000000000000000011000000000000000000000000000000
0000000000000000011100000000000000000000000000000000000000000000000000000000000000000000000000000000000000000000110000000000000000000000000001110000000000001100000000000000000000000000000000011100000000000000000000000000000011000000000000000000000000000000
0000000000000001111000000000000000000000000000000000000000000000000000000000000000000000000000000000000000000000110000000000000000000000000001100000000000001100000000000000000000000000000000011000000000000000000000000000000011000000000000000000000000000000
0000000000000011110000000000000000000000000000000000000000000000000000000000000000000000000000000000000000000000111000000000000000000000000001100000000000011000000000000000000000000000000000011000000000000000000000000000000011000000000000000000000000000000
0000000001101111000000000000000000000000000000001100000000000000000000000000000000000000000000000000000000000000011000000000000000000000000011100000000000011000000000000000000000000000000000011000000000000000000000000000000011000000000000000000000000000000
0000001111111100000000000000000000000000000000011100000000000000000000000000000000000000000000000000000000000000011000000000000000000000000011000000000000011000000000000000000000000000000000111000000000000000000000000000000011000000000000000000000000000000
0000011110010000000000000000000000000000000000111000000000000000000000000000000000000000000000000000000000000000011000000000000000000000011111000000000000011000000000000000000000000000000000110000000000000000000000000000000011000000000000000000000000000000
0000111000000000000000000000000000000000000001110000000000000000000000000000000000000000000000000000000000000000011000000000000000000001111110000000000000011000000000000000000000000000000001100000000000000000000000000000000011000000000000000000000000000000
0001110000000000000000000000000000000000000011100000000000000000000000000000000000000000000000000000000000000000011000000000000000000011100000000000000000011000000000000000000000000000000001100000000000000000000000000000000011000000000000000000000000000000
0111100000000000000000000000000000000000001111000000000000000000000000000000000000000000000000000000000000000000111000000000000000000111000000000000000000110000000000000000000000000000000001100000000000000000000000000000000111000000000000000000000000000000
1110000000000000000000000000000000000000111100000000000000000000000000000000000000000000000000000000000000000001110000000000000000000110000000000000000001110000000000000000000000000000000001110000000000000000000000000000000110000000000000000000000000000000
1100000000000000000000000000000000000111111000000000000000000000000000000000000000000000000000000000000000000001100000000000000000011100000000000000000001100000000000000000000000000000000001110000000000000000000000000000011110000000000000000000000000000000
1100000000000000000000000000000000011111000000000000000000000000000000000000000000000000000000000000000000000001100000000000000000011000000000000000000111000000000000000000000000000000000011100000000000000000000000000001111100000000000000000000000000000000
1100000000000000000000000000000001111100000000000000000000000000000000000000000000000000000000000000000000000001100000000000000000110000000000000000001110000000000000000000000000000000000011000000000000000000000000000111100000000000000000000000000000000000
1100000000000000000000000000011111110000000000000000000000000000000000000000000000000000000000000000000000000011000000000000000001110000000000000000011100000000000000000000000000000000000011000000000000000000000000001110000000000000000000000000000000000000
1100000000000000000000000001111111000000000000000000000000000000000000000000000000000000000000000000000000000011000000000000000011100000000000000000111000000000000000000000000000000000000011000000000000000000000000011100000000000000000000000000000000000000
1000000000000000000000000011100000000000000000000000000000000000000000000000000000000000000000000000000000000011000000000000000111000000000000000011110000000000000000000000000000000000000011000000000000000000000000111000000000000000000000000000000000000000
1000000000000000000000000111000000000000000000000000000000000000000000000000000000000001100000000000000000000011000000000000001110000000000000000011100000000000000000000000000000000000000011000000000000000000000000110000000000000000000000000000000000000000
0000000000000000000000001110000000000000000000000000000000000000000000000000000000000011100000000000000000000111000000000000011100000000000000000110000000000000000000000000000000000000000110000000000000000000000000110000000000000000000000000000000000000000
0000000000000000000000011100000000000000000000000000000000000000000000000000000000000011000000000000000000000110000000000000111000000000000000001110000000000000000000000000000000000000000110000000000000000000000001100000000000000000000000000000000000000000
0000000000000000000001111000000000000000000000000000000000000000000000000000000000000111000000000000000000000110000000000001110000000000000000011100000000000000000000000000000000000000000110000000000000000000000001100000000000000000000000000000000000000000
0000000000000000000111100000000000000000000000000000000000000000000000000000000000000110000000000000000000000110000000000001100000000000000000011000000000000000000000000000000000000000000110000000000000000000000011100000000000000000000000000000000000000000
0000000000000000001110000000000000000000000000000000000000000000000000000000000000000110000000000000000000001100000000000011100000000000000000011000000000000000000000000000000000000000000011000000000000000000000011000000000000000000000000000000000000000000
0000000000000000011100000000000000000000000000000000000000000000000000000000000000001100000000000000000000011100000000000011000000000000000000011000000000000000000000000000000000000000000111000000000000000000000111000000000000000000000100000000000000000000
0000000000000011111000000000000000000000000000111000000000000000000000000000000000001100000000000000000000111000000000000011000000000000000000111000000000000000000000000000000000000000000110000000000000000000001110000000000000000000000110000000000000000000
0000000000000111100000000000000000000000000001110000000000000000000000000000000000001100000000000000000001110000000000000011000000000000000000011000000000000000000000000000000000000000000110000000000000000000001100000000000000000000000110000000000000000000
0000000000001110000000000000000000000000000111100000000000000000000000000000000000001100000000000000000011100000000000000011000000000000000000011000000000000000000000000000000000000000000110000000000000000000011000000000000000000000000110000000000000000000
0000000000001100000000000000000000000000011110000000000000000000000000000000000000001100000000000000000011000000000000000110000000000000000000011100000000000000000000000000000000000000000110000000000000000000111000000000000000000000000110000000000000000000
0000000000011100000000000000000000000000111100000000000000000000000000000000000000001100000000000000000110000000000000000110000000000000000000001100000000000000000000000000000000000000000110000000000000000000110000000000000000000000000110000000000000000000
0000000000111000000000000000000000000011110000000000000000000100000000000000000000011000000000000000000110000000000000000011000000000000000000000110000000000000000000000000000000000000000110000000000000000001100000000000000000000000000011000000000000000000
0000000011110000000000000000000000000111100000000000000000001100000001000000000000111000000000000000001110000000000000000111000000000000000000000111000000000000000000000000000000000000000110000000000000000001100000000000000000000000000011000000000000000000
0000000111100000000000000000000000011110000000000000000000011100000011000000000000110000000000000000001100000000000000000110000000000000000000000011000000000000000000000000000000000000001110000000000000000011100000000000000000000000000111000000000000000000
0000001110000000000000000000000011111000000000000000000000011000000111000000000000110000000000000000001100000000000000000110000000000000000000000011000000000000000000000000000000000000001100000000000000000111000000000000000000000000000110000000000000000000
0000011100000000000000000000011111100000000000000000000000111000000110000000000000110000000000000000001100000000000000000110000000000000000000000011000000000000000000000000000000000000001100000000000000000110000000000000000000000000001110000000000000000000
0000111000000000000000001111111110000000000000000000000001110000000110000000000001110000000000000000001100000000000000000110000000000000000000000011000000000000000000000000000000000000001100000000000000001100000000000000000000000000001100000000000000000000
0001110000000000000000011111110000000000000000000111000001100000000110000000000001100000000000000000001100000000000000000110000000000000000000000011100000000000000000000000000000000000011100000000000000001100000000011100000000000000001100000000000000000000
0111100000000000000000111000000000000000000000001111000011000000000110000000000001100000000000000000011000000000000000000110000000000000000000000001100000000000000000000000000000000011111000000000000000001100000001111000000000000000001100000000000000000000
1111000000000000000001110000000000000000000000011100000111000000000110000000000001100000000000000000011000000000000000000110000000000000000000000001100000000000000000000000000000000111100000000000000000001100000111100000000000000000001100000000000000000000
1000000000000000000011100000000000000000000001111000000110000000000110000000000001100000000000000000011000000000000000000110000000000000000000000001100000000000000000000000000000000110000000000000000000011100001110000000000000000000001100000000000000000000
0000000000000000001111000000000000000000000111110000001110000000001110000000000001100000000000000000011000000000000000000110000000000000000000000011100000000000000000000000000000000110000000000000000000011001111100000000000000000000001100000000000000000000
0000000000000000111100000000000000000000001110000000001100000000001100000000000001100000000000000000011000000000000000000110000000000000000000001111000000000000000000000000000000000110000000000000000000011011110000000000000000000000001100000000000000000000
0000000000000001111000000000000000000000011100000000001100000000011000000000000001100000000000000000110000000000000000000110000000000000000011111110000000000000000000000000000000001110000000000000000000110111000000000000000000000000001100000000000000000000
0000000000000111100000000000000000000000011000000000001100000000011000000000000000110000000000000000110000000000000000001110000000000000111111110000000000000000000000000000000000011100000000000000000000111110000000000000000000000000001100000000000000000000
0000000000011111000000000000000000000000111000000000011000000000110000000000000001110000000000000000110000000000000000001100000000000111111100000000000000000000000000000000000000111000000000000000000000111100000000000000000000000000000110000000000000000000
0000000001111100000000000000000000000001110000000000011000000001110000000000000001100000000000000000110000000000000000001100000000011111100000000000000000000000000000000000000000110000000000000000000000111000000000000000000000000000000110000000000000000000
0000001111110000000000000000000000000011100000000000011000000001100000000000000001100000000000000001110000000000000000001100000000111100000000000000000000000000000000000000000000110000000000000000000001110000000000000000000000000000000110000000000000000000
0000011111000000000000000000000000000110000000000000110000000011000000000000000001100000000000000001100000000000000000011000000001110000000000000000000000000000000000000000000001110000000000000000000111100000000000000000000000000000000110000000000000000000
0000111000000000000000000000000000001110000000000001110000000011000000000000000001100000000000000000110000000000000000111000000111100000000000000000000000000000000000000000000011100000000000000000011110000000000000000000000000000000000110000000000000000000
0001110000000000000000000000000000011100000000000001100000000011000000000000000001100000000000000000111000000000000011110000001110000000000000000000000000000000000000000000000110000000000000000000011100000000000000000000000000000000000110000000000000000000
1111100000000000000000000000000000111000000000000011000000000011000000000000000001100000000000000000011000000000000111000000111100000000000000000000000000000000000000000000001110000000000000000000011000000000000000000000000000000000000110000000000000000000
1110000000000000000000000000000001110000000000000111000000000011000000000000000001110000000000000000011000000000000110000001111000000000000000000000000000000000000000000001111100000000000000000000011000000000000000000000000000000000011100000000000000000000
0000000000000000000000000000000011100000000000000110000000000110000000000000000000110000000000000000011000000000001100000001100000000000000000000000000000000000000000000011110000000000000000000000011000000000000000000000000000000000111000000000000000000000
0000000000000000011110000000000111000000000000001100000000000110000000000000000000110000000000000000011111000001111100000001100000000000000000000000000000000000000000001111000000000000000000000000011000000000000000000000000000000001110000000000000000000000
0000000000000011111110000000001110000000000000011100000000000110000000001100000000110000000000000000001111000011110000000001100000000000000000000000000000000000000000111100000000000000000000000000111000000000000000000000000000000001100000000000000000000000
0000000000000111100000000000011100000000000000011000000000000110000000001100000000110000000000000000000001101111000000000001100000000000000000000000000000000000000011110000000000000000000000000000110000000000000000000000000000000001100000000000000000000000
0000000000001110000000000000011000000000000000111000000000001110000000001100000000110000000000000000000001111110000000000001100000000000000000000000000000000000000111000000000000000000000000000000110000000000000000000000000000000001100000000000000010000000
0000000000011100000000000000110000000000000000110000000000001100000000001100000000110000000000000000000001111000000000000001100000000000000000000000000000000000001110000000000000000000000000000000110000000000000000000000000000000001100000000000000011000000
0000000001111000000000000001110000000000000001110000000000001100000000001100000001110000000000000000000001110000000000000001110000000000000000000000000000000000001100000000000000000000000000000000110000000000000000000000000000000001100000000000000011000000
0000000111110000000000000001100000000000000001100000000000001100000000001100000001100000000000000000000001100000000000000000110000000000000000000000000000000000001100000000000000000000000000000001100000000000000000000000000000000001100000000000000111000000
0000111111000000000000000111100000000000000001100000000000001100000000001100000011100000000000000000000001100000000000000000110000000000000000000000000000000000011000000000000000000000000000000001100000000000000000000000000000000001100000000000000110000000
0111111100000000000000001111000000000000000001100000000000001100000000011000000011000000000000000000000001110000000000000000110000000000000000000000000000000000011000000000000000000000000000000001100000000000000000000000000000000000110000000000001100000000
1111000000000000000000011100000000000000000001100000000000001100000000011000000011000000000000000000000000110000000000000000110000000000000000000000000000000000110000000000000000000000000000000001100000000000000000000000000000000000110000000000001100000000
1000000000000000000000111000000000000000000001100000000000011000000000011000000011000000000000000000000000110000000000000000110000000000000000000000000000000001100000000000000000000000000000000001100000000000000000000000000000000000110000000000001110000000
0000000000000000000001110000000000000000000001100000000000011000000000011000000011000000000000000000000000110000000000000000110000000000000000000000000000000011000000000000000000000000000000000001100000000000000000000000000000000000110000000000000110000000
0000000000000000000011100000000000000000000011000000000000011000000000011000000011000000000000000000000000011000000000000000110000000000000000000000000000000111000000000000000000000000000000000001110000000000000000000000000000000000110000000000000011000000
0000000000000000000111000000000000000000000011000000000000011000000000011000000011000000000000000000000000111000000000000001110000000000000000000000000000000110000000000000000000000000000000000000111000000000000000000000000000000000110000000000000011000000
0000000000000000000110000000000000000000000011000000000000011000000000011000000011000000000000000000000001110000000000000001100000000000000000000000000000001100000000000000000000000000000000000000011000000000000000000000000000000000111000000000000011000000
0000000000000000001110000000000000000000000111000000000000110000000000011000000011000000000000000000000001100000000000000011100000000000000000000000000000011100000000000000000000000000000000000000011000000000000000000001100000000000011000000000000011000000
0000000000000000011100000000000000000000000110000000000000110000000000011000000011000000000000000000000001100000000000000011000000000000000000000000000000011000000000000000000000000000000000000000001100000000000000000001100000000000011000000000000011000000
0000000000000001111000000000000000000000000110000000000000110000000000011000000011000000000000000000000001100000000000000111000000000000000000000000000000110000000000000000000000000000000000000000001100000000000000000011000000000000001100000000000110000000
0000000000000001110000000000000000000000001100000000000000110000000000011000000111000000000000000000000001100000000000000110000000000000000000000000000000110000000000000000000000000000000000000000001110000000000000000011000000000000001100000000000110000000
0000000000000011000000000000000000000000001100000000000000110000000000011000000011000000000000000000000000110000000000011110000000000000000000000000000001100000000000000000000000000000000000000000000110000000000000000011000000000000001110000000000110000000
0000000000000111000000000000000000000000011100000000000000110000000000011000000011000000000000000000000000110000000000111100000000000000000000000000000001100000000000000000000000000000000000000000000110000000000000000110000000000000000110000000000110000000
0000000000001110000000000000000000000000011000000000000000110000000000011000000011000000000000000000000001110000000000110000000000000000000000000000000001100000000000000000000000000000000000000000000011000000000000000110000000000000000110000000000011000000
0000000000011100000000000000000000000000111000000000000000110000000000110000000001100000000000000000000011100000000001100000000000000000000000000000000001100000000000000000000000000000000000000000000011000000000000000110000000000000000110000000000011000000
0000000000011000000000000000000000000001110000000000000000110000000000110000000001100000000000000000000011000000000011100000000000000000000000000000000001100000000000000000000110000000000000000000000011000000000000000110000000000000000110000000000011000000
0000000000110000000000000000000000000011100000000000000000110000000000110000000001100000000000000000000011000000000111000000000000000000000000000000000001100000000000000000000110000000000000000000000011000000000000000110000000000000000110000000000011000000
0000000000110000000000000000000000000011000000000000000000110000000001110000000001100000000000000000000001100000000110000000000000000000000000000000000011100000000000000000000110000000000000000000000011000000000000000110000000000000001100000000000011100000
0000000000110000000000000000000000000011000000000000000000110000000011100000000000110000000000000000000000110000001110000000000000000000000000000000001111000000000000000000000110000000000000000000000011000000000000001100000000000000011100000000000001100000
0000000000110000000000000000000000000011000000000000000001110000000011000000000000110000000000000000000000111000001100000000000000000000000000000000111110000000000000000000000111000000000000000000000111000000000000001100000000000000011000000000000001100000
0000000000110000000000000000000000000110000000000000000001110000000011100000000000110000000000000000000000011000011100000000000000000000000000000001111000000000000000000000000011000000000000000000000110000000000000001100000000000000011000000000000001110000
0000000000110000000000000000000000000110000000000000000000110000000001100000000000110000000000000000000000011000011000000000000000000000000000000001100000000000000000000000000011000000000000000000000110000000000000001100000000000000011000000000000000111100
0000000000110000000000000000000000000110000000000000000000110000000001100000000000110000000000000000000000011000011000000000000000001100000000000011000000000000000000000000000001100000000000000000000110000000000000011100000000000000001100000000000000001110
0000000000110000000000000000000000000110000000000000000000110000000001100000000000111000000000000000000000110000110000000000000000001100000000000111000000000000000000000000000001110000000000000000000110000000000000011000000000000000001100000000000000000011
0000000001100000000000000000000000000110000000000000000000110000000001100000000000011000000000000000000000110111110000000000000000011000000000000110000000000000000000000000000000110000000000000000000110000000000000011000000000000000001100000000000000000011
