0000000000000000000000000000000111000000000000000000000000000000000000000000000000111111000000000000000000000000000000000000000000000000000000000000000000000000000000000000000000000000000000000011100000000000000000000000000000000000000000000000000000001110
0000000000000000000000000000000111000000000000000000000000000000000000000000000001110000000000000000000000000000000000000000000000000000000000000000000000000000000000000000000000000000000000000001110000000000000000000000000000000000000000000000000000000110
0000000000000000000000000000000110000000000000000000000000000000000000000000000001100000000000000000000000000000000000000000000000000000000000000000000000000000000000000000000000000000000000000000111000000000000000000000000000000000000000000000000000001110
0000000000000000000000000000000110000000000000000000000000000000000000000000000011000000000000000000000000000000000000000000000000000000000000000000000000000000000000000000000000000000000000000000011100000000000000000000000000000000000000000000000000111100
0000000000000000000000000000011100000000000000000000000000000000000000000000000111000000000000000000000000000000000000000000000000000000000000000000000000000000000000000000000000000000000000000000001100000000000000000000000000000000000000000000000001110000
0000000000000000000000000000111000000000000000000000000000000000000000000000000110000000000000000000000000000000000000000000000000000000000000000000000000000000000000000000000000000000000000000000000110000000000000000000000000000000000000000000000001100000
0000000000000000000000000000110000000000000000000000000000000000000000000000001100000000000000000000000000000000000000000000000000000000000000000000000000000000000000000000000000000000000000000000000111000000000000000000000000000000000000000000000001100000
0000000000000000000000000001100000000000000000000000000000000000000000000000111100000000000000000000000000000000000000000000000000000000000000000000000000000000000000000000000000000000000000000000000011000000000000000000000000000000000000000000000011100000
0000000000000000000000000011100000000000000000000000000000000000000000001111110000000000000000000000000000000000000000000000000000000000000000000000000000000000000000000000000000000000000000000000000011000000000000000000000000000000000000000000000111000000
0000000000000000000000000111000000000000000000000000000000000000000000011111000000000000000000000000000000000000000000000000000000000000000000000000000000000000000000000000000000000000000000000000000001100000000000000000000000000000000000000000000110000111
0000000000000000000001111110000000000000000000000000000000000000000000111000000000000000000000000000000000000000000000000000000000000000000000000000000000000000000000000000000000000000000000000000000001100000000000000000000000000000000000000000000111111111
0000000000000000000111111100000000000000000000000000000000000000000001110000000000000000000000000000000000000000000000000000000000000000000000000000000000000000000000000000000000000000000000000000000000111000000000000000000000000000000000000000000111111000
0000000000000000011111000000000000000000000000000000000000000000000011100000000000000000000000000000000000000000000000000000000000000000000000000000000000000000000000000000000000000000000000000000000000011110000000000000000000000000000000000000011111000000
0000000000000000111000000000000000000000000000000000000000000000001111000000000000000000000000000000000000000000000000000000000000000000000000000000000000000000000000000000000000000000000000000000000000001111000000000000000000000000000000000000011110000000
0000000000000111110000000000000000000000000000000000000000000001111100000000000000000000000000000000000000000000000000000000000000000000000000000000000000000000000000000000000000000000000000000000000000000011100000000000000000000000000000000000111000000000
0000000000011111100000000000000000000000000000000000000000000001110000000000000000000000000000000000000000000000000000000000000000000000000000000000000000000000000000000000000000000000000000000000000000000001110000000000000000000000000000000000110000000000
0000000000111010000000000000000000000000000000000000000000000011000000000000000000000000000000000000000000000000000000000000000000000000000000000000000000000000000000000000000000000000000000000000000000000000110000000000000000000000000000000000111100000000
0000000001110000000000000000000000000000000000000000000000000011000000000000000000000000000000000000000000000000000000000000000000000000000000000000000000000000000000000000000000000000000000000000000000000000111000000000000000000000000000000000001100000000
0000000111100000000000000000000000000000000000000000000000000011000000000000000000000000000000000000000000000000000000000000000000000000000000000000000000000000000000000000000000000000000000000000000000000000011000000000000000000000000000000000001100000000
0000001110000000000000000000000000000000000000000000000000000110000000000000000000000000000000000000000000000000000000000000000000000000000000000000000000000000000000000000000000000000000000000000000000000000011100000000000000000000000000000000001100000000
0000011100000000000000000000000000000000000000000000000001111110000000000000000000000000000000000000000000000000000000000000000000000000000000000000000000000000000000000110000000000000000000000000000000000000001111100000000000000000000000000000001100000000
0000111000000000000000000000000000000000000000000000000011111000000000000000000000000000000000000000000000000000000000000000000000000000000000000000000000000000000000011110000000000000000000000000000000000000000111100000000000000000000000000000011000000000
0000110000000000000000000000000000000000000000000000000111000000000000000000000000000000000000000000000000000000000000000000000000000000000000000000000000000000000011111100000000000000000000000000000000000000000001110000000000000000000000000000111000000000
0001100000000000000000000000000000000000000000000000001110000000000000000000000000000000000000000000000000000000000000000000000000000000000000000000000000000000000111100000000000000000000000000000000000000000000000111000000000000000000000000000110000000000
0001100000000000000000000000000000000000000000000000011100000000000000000000000000000000000000000000000000000000000000000000000000000000000000000000000000000000011110000000000000000000000000000000000000000000000000011000000000000000000000000001100000000000
0001100000000000000000000000000000000000000000000001111000000000000000000000000000000000000000000000000000000000000000000000000000000000000000000000000000000001111000000000000000000000000000000000000000000000000000011000000000000000000000000001111100000000
0001100000000000000000000000000000000000000000000011110000000000000000000000000000000000000000000000000000000000000000000000000000000000000000000000000000000011110000000000000000000000000000000000000000000000000000011000000000000000000000000001111110000000
0001100000000000000000000000000000000000000000000111000000000000000000000000000000000000000000000000000000000000000000000000000000000000000000000000000000000111000000000000000000000000000000000000000000000000000000011000000000000000000000000000000110000000
0001100000000000000000000000000000000000000000001100000000000000000000000000000000000000000000000000000000000000000000000000000000000000000000000000000000011100000000000000000000000000000000000000000000000000000000011000000000000000000000000000001110000000
0001100000000000000000000000000000000000000000011100000000000000000000000000000000000000000000000000000000000000000000000000000000000000000000000000000000011000000000000000000000000000000000000000000000000000000000001100000000000000000000000000001100000000
0001100000000000000000000000000000000000000000011000000000000000000000000000000000000000000000000000000000000000000000000000000000000000000000000000000000110000000000000000000000000000000000000000000000000000000000001100000000000000000000000000001100000000
0001100000000000000000000000000000000000000000110000000000000000000000000000000000000000000000000000000000000000000000000000000000000000000000000000000001110000000000000000000000000000000000000000000000000000000000001110000000000000000000000000011000000000
0001100000000000000000000000000000000000000000110000000000000000000000000000000000000000000000000000000000000000000000000000000000000000000000000000000001100000000000000000000000011000000000000000000000000000000000000110000000000000000000000000001100000000
0001100000000000000000000000000000000000000001111110000000000000000000000000000000000000000000000000000000000000000000000000000000000000000000000000000011000000000000000000000000111000000000000000000000000000000000000110000000000000000000000000001100000000
0001100000000000000000000000000000000000000001111111000000000000000000000000000000000000000000000000000000000000000000000000000000000000000000000000000111000000000000000000000000110000000000000000000000000000000000000110000000000000000000000000001100000000
0001100000000000000000000000000000000000000011100011100000000000000000000000000000000000000000000000000000000000000000000000000000000000000000000000000110000000000000000000000001100000000000000000000000000000000000000111100000000000000000000000001100000000
0001100000000000000000000000000000011111001111000001110000000000000000000000000000000000000000000000000000000000000000000000000000000000000000000000000110000000000000000000000011100000000000000000000000000000000000000011110000000000000000000000000110000000
0011000011110000000000000000000000111111111110000000111000000000000000000000000000000000000000000000000000000000000000000000000100000000000000000000000110000000000000000000000111000000000000000000000000000000000000000000111100000000000000000000000110000001
0011000111111111110000000000000000110001111000000000011000000000000000000000000000000000000000000000000000000000000000000000000110000000000000000000000110000000000000000000001110000000000000000000000000000000000000000000011111110000000000000000000111110011
0011011110001111111000000000000011100000000000000000001100000000000000000000000000000000000000000000000000000000000000000000000110000000000000000000001100000000000000000000011100000000000000000000000000000000000000000000000111110000000000000000000001111111
0011111100000000011000011100011111000000000000000000001100000000000000000000000000000000000000000000000000000000000000000000000111000000000000000000000110000000000000000000011000000000000000000000000000000000000000000000000000110000000000000000000000011110
0011110000000000011100111110111100000000000000000000001110000000000000000000000000000000000000000000000000000000000000000000000011000000000000000000000110000000000000000000110000000000000000000000000000000000000000000000000000110000000000000000000000001100
0011100000000000001101110111110000000000000000000000000111000000000000000000000000000000000000000000000000000000000000000000000011000000000000000000001110000000000000000001110000000000000000000000000000000000000000000000000000111100000000000000000000001100
0011000000000000001111100001100000000000000000000000000011100000000000000000000000000000000000000000000000000000000000000000000001100000000000000000001100000000000000000011100000000000000000000000000000000000000000000000000000001110000000000000000000001100
0011000000000000000011000000000000000000000000000000000001111000000000000000000000000000000000000000000000000000000000000000000001110000000000000000001100000000000000001110000000000000000000000000000000000000000000000000000000000011000000000000000000011100
0011000000000000000000000000000000000000000000000000000000111000000000000000000000000000000000000000000000000000000000000000000000110000000000000000001100000000000000011100000000000000000000000000000000000000000000000000000000000001100000000000000000111000
0110000000000000000000000000000000000000000000000000000000011000000000000000000000000000000000000000000000000000000000000000000000011000000000000000011000000000011101111000000000000000000000000000000000000000000000000000000000000001110000000000000001110000
1110000000000000000000000000000000000000000000000000000000011000000000000000000000000000000000000000000000000000000000000000000000011100000000000000111000000011111111110000000000000000000000000000000000000000000000000000000000000000111100000000000011100000
1100000000000000000000000000000000000000000000000000000000011100000000000000000000000000000000000000000000000000000000000000000000001110000000000001111110011111111111000000000000000000000000000000000000000000000000000000000000000000001110000000000111000000
0000000000000000000000000000000000000000000000000000000000001111110000000000000000000000000000000000000000000000000000000000000000000111000000000011111111111111000000000000000000000000000000000000000000000000000000000000000000000000000110000000000110000000
0000000000000000000000000000000000000000000000000000000000000111111100000000000000000000000000000000000000000000000000000000000000000011100000001111111111111000000000000000000000000000000000000000000000000000000000000000000000000000000011000000001100000000
0000000000000000000000000000000000000000000000000000000000000000001111000000000000000000000000000000000000000000000000000000000000000001100000011111000000000000000000000000000000000000000000000000000000000000000000000000000000000000000001100001111100000000
0000000000000000000000000000000000000000000000000000000000000000000011100000000000000000000000000000000000000000000000000000000000000001110000111100000000000000000000000000000000000000000000000000000000000000000000000000000000000000000000110011110000011100
0000000000000000000000000000000000000000000000000000000000000000000001100000000000000000000000000000000000000000000000000000000000000000110000110000000000000000000000000000000000000000000000000000000000000000000000000000000000000000000000110111000001111111
0000000000000000000000000000000000000000000000000000000000000000000000110000000000000000000000000000000000000000000000000000000000000000111000110000000000000000000000000000000000000000000000000000000000000000000000000000000000000000000000111110000001110111
0000000000000000000000000000000000000000000000000000000000000000000000110000000000000000000000000000000000000000000000000000000000000000011100110000000000000000000000000000000000000000000000000000000000000000000000000000000000000000000000011100000011000000
0000000000000000000000000000000000000000000000000000000000000000000000000000000000000000000000000000000000000000000000000000000000000000001110110000000000000000000000000000000000000000000000000000000000000000000000000000000000000000000000011100000011000000
0000000000000000000000000000000000000000000000000000000000000000000000000000000000000000000000000000000000000000000000000000000000000000000111110000000000000000000000000000000000000000000000000000000000000000000000000000000000000000000000001100000011000000
0000000000000000000000000000000000000000000000000000000000000000000000000000000000000000000000000000000000000000000000000000000000000000000001110000000000000000000000000000000000000000000000000000000000000000000000000000000000000000000000011000000011000000
0000000000000000000000000000000000000000000000000000000000000000000000000000000000000000000000000000000000000000000000000000000000000000000001110000000000000000000000000000000000000000000000000000000000000000000000000000000000000000000000111000000111000000
0000000000000000000000000000000000000000000000000000000000000000000000000000000000000000000000000000000000000000000000000000000000000000000001110000000000000000000000000000000000000000000000000000000000000000000000000000000000000000000000110000011110000000
0000000000000000000000000000000000000000000000000000000000000000000000000000000000000000000000000000000000000000000000000000000000000000000001100000000000000000000000000000000000000000000000000000000000000000000000000000000000000000000000110000011000000000
0000000000000000000000000000000000000000000000000000000000000000000000000000000000000000000000000000000000000000000000000000000000000000000001100000000000000000000000000000000000000000000000000000000000000000000000000000000000000000000000110000011000000000
0000000000000000000000000000000000000000000000000000000000000000000000000000000000000000000000000000000000000000000000000000000000000000000011100000000000000000000000000000000000000000000000000000000000000000000000000000000000000000000000110000011000000000
0000000000000000000000000000000000000000000000000000000000000000000000000000000000000000000000000000000000000000000000000000000000000000000011000000000000000000000000000000000000000000000000000000000000000000000000000000000000000000000000110000011100000000
0000000000000000000000000000000000000000000000000000000000000000000000000000000000000000000000000000000000000000000000000000000000000000000011000000000000000000000000000000000000000000000000000000000000000000000000000000000000000000000000110000001100000000
0000000000000000000000000000000000000000000000000000000000000000000000000000000000000000000000000000000000000000000000000000000000000000000011000000000000000000000000000000000000000000000000000000000000000000000000000000000000000000000000110000001100000000
0000000000000000000000000000000000000000000000000000000000000000000000000000000000000000000000000000000000000000000000000000000000000000000011000000000000000000000000000000000000000000000000000000000000000000000000000000000000000000000000110000001100000000
0000000000000000000000000000000000000000000000000000000000000000000000000000000000000000000000000000000000000000000000000000000000000000000111000000000000000000000000000000000000000000000000000000000000000000000000000000000000000000000000110000111100000000
0000000000000000000000000000000000000000000000000000000000000000000000000000000000000000000000000000000000000000000000000000111111111100000110000000000000000000000000000000000000000000000000000000000000000000000000000000000000000000000000111000110000000000
0000000000000000000000000000000000000000000000000000000000000000000000000000000000000000000000000000000000000000000000000111111111111111001110000000000000000000000000000000000000000000000000000000000000000000000000000000000000000000000000011101110000000000
0000000000000000000000000000000000000000000000000000000000000000000000000000000000000000000000000000000000000000000000011111000000000111111100000000000000000000000000000000000000000000000000000000000000000000000000000000000000000000000011111111100000000000
0000000000000000000000000000000000000000000000000000000000000000000000000000000000000000000000000000000000000000000011111100000000000001111000000000000000000000000000000000000000000000000000000000000000000000000000000000000000000000001111111111000000000000
0000000000000000000000000000000000000000000000000000000000000000000000000000000000000000000000000000000000001111111111100000000000000000011100000000000000000000000000000000000000000000000000000000000000000000000000000000000000000000111100000111000000000000
0000000000000000000000000000000000000000000000000000000000000000000000000000000000000000000000000000000011111111111100000000000000000000011100000000000000000000000000000000000000000000000000000000000000000000000000000000000000000011110000000011000000000000
0000000000000000000000000000000000000000000000000000000000000000000000000000000000000000000000000000001111111000000000000000000000000000001100000000000000000000000000000000000000000000000000000000000000000000000000000011111111111111100000000011100000000000
0000000000000000000000000000000000000000000000000000000000000000000000000000000000000000000000000000111100000000000000000000000000000000001100000000000000000000000000000000000000000000000000000000000000000000000000000111111111111110000000000001100000000000
0000000000000000000000000000000000000000000000000000000000000000000000000000000000000000000000000001111000000000000000000000000000000000001100000000000000000000000000000000000000000000000000000000000000000000000000000000000000000000000000000001110000000000
0000000000000000000000000000000000000000000000000000000000000000000000000000000000000000000000000001100000000000000000000000000000000000001100000000000000000000000000000000000000000000000000000000000000000000000000000000000000000000000000000000110000000000
0000000000000000000000000000000000000000000000000000000000000000000000000000000000000000000000000000000000000000000000000000000000000000001100000000000000000000000000000000000000000000000000000000000000000000000000000000000000000000000000000000111000000000
0000000000000000000000000000000000000000000000000000000000000000000000000000000000000000000000000000000000000000000000000000000000000000001100000000000000000000000000000000000000000000000000000000000000000000000000000000000000000000000000000000011000000000
0000000000000000000000000000000000000000000000000000000000000000000000000000000000000000000000000000000000000000000000000000000000000000001100000000000000000000000000000000000000000000000000000000000000000000000000000000000000000000000000000000011000000000
0000000000000000000000000000000000000000000000000000000000000000000000000000000000000000000000000000000000000000000000000000000000000000001110000000000000000000000000000000000000000000000000000000000000000000000000000000000000000000000000000000011000000000
0000000000000000000000000000000000000000000000000000000000000000000000000000000000000000000000000000000000000000000000000000000000000000000110000000000000000000000000000000000000000000000000000000000000000000000000000000000000000000000000000000111000000000
0000000000000000000000000000000000000000000000000000000000000000000000000000000000000000000000000000000000000000000000000000000000000000000111000000000000000000000000000000000000000000000000000000000000000000000000000000000000000000000000000001110000000000
0000000000000000000000000000000000000000000000000000000000000000000000000000000000000000000000000000000000000000000000000000000000000000000011000000000000000000000000000000000000000000000000000000000000000000000000000000000000000000000000000011100000000000
0000000000000000000000000000000000000000000000000000000000000000000000000000000000000000000000000000000000000000000000000000000000000000000011000000000000000000000000000000000000000000000000000000000000000000000000000000000000000000000000000011000000000000
0000000000000000000000000000000000000000000000000000000000000000000000000000000000000000000000000000000000000000000000000000000000000000000011000000000000000000000000000000000000000000000000000000000000000000000000000000000000000000000000000011000000000000
0000000000000000000000000000000000000000000000000000000000000000000000000000000000000000000000000000000000000000000000000000000000000000000011000000000000000000000000000000000000000000000000000000000000000000000000000000000000000000000000000011100000000000
0000000000000000000000000000000000000000000000000000000000000000000000000000000000000000000000000000000000000000000000000000000000000000000011000000000000000000000000000000000000000000000000000000000000000000000000000000000000000000000000000001111000000000
0000000000000000000000000000000000000000000000000000000000000000000000000000000000000000000000000000000000000000000000000000000000000000000011000000000000000000000000000000000000000000000000000000000000000000000000000000000000000000000000000000111000000000
0000000000000000000000000000000000000000000000000000000000000000000000000000000000000000000000000000000000000000000000000000000000000000000001100000000000000000000000000000000000000000000000000000000000000000000000000000000000000000000000000000011100000000
0000000000000000000000000000000000000000000000000000000000000000000000000000000000000000000000000000000000000000000000000000000000000000000001100000000000000000000000000000000000000000000000000000000000000000000000000000000000000000000000000000001100000000
0000000000000000000000000000000000000000000000000000000000000000000000000000000000000000000000000000000000000000000000000000000000000000000001100000000000000000000000000000000000000000000000000000000000000000000000000000000000000000000000000000001100000000
0000000000000000000000000000000000000000000000000000000000000000000000000000000000000000000000000000000000000000000000000000000000000000000000110000000000000000000000000000000000000000000000000000000000000000000000000000000000000000000000000000001100000000
0000000000000000000000000000000000000000000000000001000000000000000000000000000000000000000000000000000000000000000000000000000000000000000000111110000000000000000000000000000000000000000000000000000000000000000000000000000000000000000000000000000110000000
0000000000000000000000000000000000000000000000000011000000000000000000000000000000000000000000000000000000000000000000000000000000000000000000001111000000000000000000000000000000000000000000000000000000000000000000000000000000000000000000000000000111000000
0000000000000000000000000000000000000000000000000011000000000000000000000000000000000000000000000000000000000000000000000000000000000000000000000111000000000000000000000000000000000000000000000000000000000000000000000000000000000000000000000000000011100000
0000000000000000000000000000000000000000000000000110000000000000000000000000000000000000000000000000000000000000000000000000000000000000000000000011110000000000000000000000000000000000000000000000000000000000000000000000000000000000000000000000000001110000
0000000000000000000000000000000000000000000000000110000000000000000000000000000000000000000000000000000000000000000000000000000000000000000000000001111000000000000000000000000000000000000000000000000000000000000000000000000000000000000000000000000000111000
0000000000000000000000000000000000000000000000001110000000000000000000000000000000000000000000000000000000000000000000000000000000000000000000000000011000000000000000000000000000000000000000000000000000000000000000000000000000000000000000000000000000011100
0000000000000000000000000000000000000000000000011100000000000000000000000000000000000000000000000000000000000000000000000000000000000000000000000000011111110000000000000000000000000000000000000000000000000000000000000000000000000000000000000000000001111000
0000000000000000000000000000000000000000000000011000000000000000000000000000000000000000000000000000000000000000000000000000000000000000000000000000001111111100000000000000000000000000000000000000000000000000000000000000000000000000000000000000000111111000
0000000000000000000000000000000000000000000000110000000000000000000000000000000000000000000000000000000000000000000000000000000000000000000000000000000000011111100000000000000000000000000000000000000000000000000000000000000000000000000000000000001111000000
0000000000000000000000000000000000000000000000110000000000000000000000000000000000000000000000000000000000000000000000000000000000000000000000000000000000000111111000000000000000000000000000000000000000000000000000000000000000000000000000000000011100000000
0000000000000000000000000000000000000000000000110000000000000000000000000000000000000000000000000000000000000000000000000000000000000000000000000000000000000000111110000000000000000000000000000000000000000000000000000000000000000000000000000000011000000000
0000000000000000000000000000000000000000000000110000000000000000000000000000000000000000000000000000000000000000000000000000000000000000000000000000000000000000000111000000000000000000000000000000000000000000000000000000000000000000000000000000111011000000
0000000000000000000000000000000000000000000000110000000000000000000000000000000000000000000000000000000000000000000000000000000000000000000000000000000000000000000011100000000000000000000000000000000000000000000000000000000000000000000000000001110111100001
0000000000000000000000000000000000000000000000011000000000000000000000000000000000000000000000000000000000000000000000000000000000000000000000000000000000000000000000110000000000000000000000000000000000000000000000000000000000000000000000000111111111111111
0000000000000000000000000000000000000000000000011000000000000000000000000000000000000000000000000000000000000000000000000000000000000000000000000000000000000000000000111111110000000000000000000000000000000000000000000000000000000000000000001111111100111110
0000000000000000000000000000000000000000000000011000000000000000000000000000000000000000000000000000000000000000000000000000000000000000000000000000000000000000000000011111111111000000000000000000000000000000000000000000000000000000000000011100000000000000
0000000000000000000000000000000000000000000000011000000000000000000000000000000000000000000000000000000000000000000000000000000000000000000000000000000000000000000000000000011111111100000000000000000000000000000000000000000000000000000001111000000000000000
0000000000000000000000000000000000000000000000001100000000000000000000000000000000000000000000000000000001110000000000000000000000000000000000000000000000000000000000000000000001111111100000000000000000000000000000000000000000000000000011110000000000000000
0000000000000000000000000000000000000000000000001100000000000000000000000000000000000000000000000000000000111000000000000000000000000000000000000000000000000000000000000000000000011011111000000000000000000000000000000000000000000000000111000000000000000000
0000000000000000000000000000000000000000000000001110000000000000000000000000000000000000000000000000000000011100000000000000000000000000000000000000000000000000000000000000000000000000011000000000000000000000000000000000000000000000000110000000000000000000
0000000000000000000000000000000000000000000000000111000000000000000000000000000000000000000000000000000000001100000000000000000000000000000000000000000000000000000000000000000000000000011000000000000000000000000000000000000000000000001110000000000000000000
0000000000000000000000000000000000000000000000000011110000000000000000000000000000000000000000000000000000000110000000000000000000000000000000000000000000000000000000000000000000000000011000000000000000000000000000000000000000000000001100000000000000000000
0000000000000000000000000000000000000000000000000001110000000000000000000000000000000000000000000000000000000110000000000000000000000000000000000000000000000000000000000000000000000000011111110000000000000000000000000000000000000000001100000000000000000000
0000000000000000000000000000000000000000000000000000011000000000000000000000000000000000000000000000000000000110000000000000000000000000000000000000000000000000000000000000000000000000001111111000000000000000000000000000000000000000011000000000000000000000
0000000000000000000000000000000000000000000000000000011000000000000000000000000000000000000000000000000000000110000000000000000000000000000000000000000000000000000000000000000000000000000000011110000000000000000000000000000000000000011000000000000000000000
0000000000000000000000000000000000000000000000000000011000000000000000000000000000000000000000000000000000001100000000000000000000000000000000000000000000000000000000000000000000000000000000001111000000000000000000000000000000000000011000000000000000000000
0000000000000000000000000000000000000000000000000000001100000000000000000000000000000000000000000000000000111100000000000000000000000000000000000000000000000000000000000000000000000000000000000001100000000000000000000000000000000000111000000000000000000000
0000000000000000000000000000000000000000000000000000001110000000000000000000000000000000000000000000000111111100000000000000000000000000000000000000000000000000000000000000000000000000000000000001110000000000000000000000000000000001110000000000000000000000
0000000000000000000000000000000000000000000000000000000111100000000000000000000000000000000000000000011111001100000000000000000000000000000000000000000000000000000000000000000000000000000000000000110000000000000000000000000000001111100000000000000000000000
0000000000000000000000000000000000000000000000000000000001111000000000000000000000000000000000000001111100000110000000000000000000000000000000000000000000000000000000000000000000000000000000000000011000000000000000000000000000111111000000000000000000000000
0000000000000000000000000000000000000000000000000000000000011111000000000000000000000000000000000011100000000111100000000000000000000000000000000000000000000000000000000000000000000000000000000000001100000000000000000000000000111000000000000000000000000000
0000000000000000000000000000000000000000000000000000000000000111000000000000000000000000000000000111000000000011110000000000000000000000000000000000000000000000000000000000000000000000000000000000001100000000000000000000000011100000000000000000000000000000
0000000000000000000000000000000000000000000000000000000000000001100000000000000000000000000000001110000000000000111000000000000000000000000000000000000000000000000000000000000000000000000000000000001100000000000000011111111111000000000000000000000000000000
0000000000000000000000000000000000000000000000000000000000000001100000000000000000000000000000011100000000000000011000000000000000000000000000000000000000000000000000000000000000000000000000000000001110000000000001111111111100000000000000000000000000000000
0000000000000000000000000000000000000000000000000000000000000000110000000000000000000000000000111000000000000000001100000000000000000000000000000000000000000000000000000000000000000000000000000000000111000000000011110000000000000000000000000000000000000000
0000000000000000000000000000000000000000000000000000000000000000111000000000000000000000000011100000000000000000001110000000000000000000000000000000000000000000000000000000000000000000000000000000000011000000001111000000000000000000000000000000000000000000
0000000000000000000000000000000000000000000000000000000000000000011100000000000000000000000011000000000000000000000111000000000000000000000000000000000000000000000000000000000000000000000000000000000001100000011100000000000000000000000000000000000000000000
0000000000000000000000000000000000000000000000000000000000000000001111100000000000000000000111000000000000000000000011000000000000000000000000000000000000000000000000000000000000000000000000000000000001100000111000000000000000000000000000000000000000000000
0000000000000000000000000000000000000000000000000000000000000000000011111000000000000000111110000000000000000000000000000000000000000000000000000000000000000000000000000000000000000000000000000000000001110011110000000000000000000000000000000000000000000000
0000000000000000000000000000000000000000000000000000000000000000000000111100000000000001111100000000000000000000000000000000000000000000000000000000000000000000000000000000000000000000000000000000000000111111000000000000000000000000000000000000000000000000
0000000000000000000000000000000000000000000000000000000000000000000000001110000000000001100000000000000000000000000000000000000000000000000000000000000000000000000000000000000000000000000000000000000000001111000000000000000000000000000000000000000000000000
0000000000000000000000000000000000000000000000000000000000000000000000000111000000000001100000000000000000000000000000000000000000000000000000000000000000000000000000000000000000000000000000000000000000000011000000000000000000000000000000000000000000000000
0000000000000000000000000000000000000000000000000000000000000000000000000011110000000011000000000000000000000000000000000000000000000000000000000000000000000000000000000000000000000000000000000000000000000011000000000000000000000000000000000000000000000000
0000000000000000000000000000000000000000000000000000000000000000000000000000111100001111000000000000000000000000000000000000000000000000000000000000000000000000000000000000000000000000000000000000000000000001100000000000000000000000000000000000000000000000
0000000000000000000000000000000000000000000000000000000000000000000000000000011110011110000000000000000000000000000000000000000000000000000000000000000000000000000000000000000000000000000000000000000000000001100000000000000000000000000000000000000000000000
0000000000000000000000000000000000000000000000000000000000000000000000000000000111111000000000000000000000000000000000000000000000000000000000000000000000000000000000000000000000000000000000000000000000000001100000000000000000000000000000000000000000000000
0000000000000000000000000000000000000000000000000000000000000000000000000000000011110000000000000000000000000000000000000000000000000000000000000000000000000000000000000000000000000000000000000000000000000001100000000000000000000000000000000000000000000000
0000000000000000000000000000000000000000000000000000000000000000000000000000000011100000000000000000000000000000000000000000000000000000000000000000000000000000000000000000000000000000000000000000000000000001100000000000000000000000000000000000000000000000
0000000000000000000000000000000000000000000000000000000000000000000000000000000001110000000000000000000000000000000000000000000000000000000000000000000000000000000000000000000000000000000000000000000000000001100000000000000000000000000000000000000000000000
0000000000000000000000000000000000000000000000000000000000000000000000000000000000110000000000000000000000000000000000000000000000000000000000000000000000000000000000000000000000000000000000000000000000000001100000000000000000000000000000000000000000000000
0000000000000000000000000000000000000000000000000000000000000000000000000000000000110000000000000000000000000000000000000000000000000000000000000000000000000000000000000000000000000000000000000000000000000001100000000000000000000000000000000000000000000000
0000000000000000000000000000000000000000000000000000000000000000000000000000000000110000000000000000000000000000000000000000000000000000000000000000000000000000000000000000000000000000000000000000000000000000110000000000000000000000000000000000000000000000
0000000000000000000000000000000000000000000000000000000000000000000000000000000000110000000000000000000000000000000000000000000000000000000000000000000000000000000000000000000000000000000000000000000000000000110000000000000000000000000000000000000000000000
0000000000000000000000000000000000000000000000000000000000000000000000000000000000110000000000000000000000000000000000000000000000000000000000000000000000000000000000000000000000000000000000000000000000000000110000000000000000000000000000000000000000000000
0000000000000000000000000000000000000000000000000000000000000000000000000000000000110000000000000000000000000000000000000000000000000000000000000000000000000000000000000000000000000000000000000000000000000000110000000000000000000000000000000000000000000000
0000000000000000000000000000000000000000000000000000000000000000000000000000000000110000000000000000000000000000000000000000000000000000000000000000000000000000000000000000000000000000000000000000000000000000110000000000000000000000000000000000000000000000
0000000000000000000000000000000000000000000000000000000000000000000000000000000000110000000000000000000000000000000000000000000000000000000000000000000000000000000000000000000000000000000000000000000000000000110000000000000000000000000000000000000000000000
0000000000000000000000000000000000000000000000000000000000000000000000000000000000110000000000000000000000000000000000000000000000000000000000000000000000000000000000000000000000000000000000000000000000000001100000000000000000000000000000000000000000000000
0000000000000000000000000000000000000000000000000000000000000000000000000000000000110000000000000000000000000000000000000000000000000000000000000000000000000000000000000000000000000000000000000000000000000001100000000000000000000000000000000000000000000000
0000000000000000000000000000000000000000000000000000000000000000000000000000000000110000000000000000000000000000000000000000000000000000000000000000000000000000000000000000000000000000000000000000000000000001100000000000000000000000000000000000000000000000
0000000000000000000000000000000000000000000000000000000000000000000000000000000001110000000000000000000000000000000000000000000000000000000000000000000000000000000000000000000000000000000000000000000000000001100000000000000000000000000000000000000000000000
0000000000000000000000000000000000000000000000000000000000000000000000000000000011100000000000000000000000000000000000000000000000000000000000000000000000000000000000000000000000000000000000000000000000000001100000000000000000000000000000000000000000000000
0000000000000000000000000000000000000000000000000000000000000000000000000000000111000000000000000000000000000000000000000000000000000000000000000000000000000000000000000000000000000000000000000000000000000011100000000000000000000000000000000000000000000000
0000000000000000000000000000000000000000000000000000000000000000000000000000001110000000000000000000000000000000000000000000000000000000000000000000000000000000000000000000000000000000000000000000000000000011000000000000000000000000000000000000000000000000
0000000000000000000000000000000000000000000000000000000000000000000000000000001100000000000000000000000000000000000000000000000000000000000000000000000000000000000000000000000000000000000000000000000000000011000000000000000000000000000000000000000000000000
0000000000000000000000000000000000000000000000000000000000000000000000000000001100000000000000000000000000000000000000000000000000000000000000000000000000000000000000000000000000000000000000000000000000000011000000000000000000000000000000000000000000000000
0000000000000000000000000000000000000000000000000000000000000000000000000000001110000000000000000000000000000000000000000000000000000000000000000000000000000000000000000000000000000000000000000000000000000110000000000000000000000000000000000000000000000000
0000000000000000000000000000000000000000000000000000000000000000000000000000000110000000000000000000000000000000000000000000000000000000000000000000000000000000000000000000000000000000000000000000000000000110000000000000000000000000000000000000000000000000
0000000000000000000000000000000000000000000000000000000000000000000000000000000110000000000000000000000000000000000000000000000000000000000000000000000000000000000000000000000000000000000000000000000000000011000000000000000000000000000000000000000000000000
0000000000000000000000000000000000000000000000000000000000000000000000000000000110000000000000000000000000000000000000000000000000000000000000000000000000000000000000000000000000000000000000000000000000000011000000000000000000000000000000000000000000000000
0000000000000000000000000000000000000000000000000000000000000000000000000000000110000000000000000000000000000000000000000000000000000000000000000000000000000000000000000000000000000000000000000000000000000011000000000000000000000000000000000000000000000000
0000000000000000000000000000000000000000000000000000000000000000000000000000001110010000000000000000000000000000000000000000000000000000000000000000000000000000000000000000000000000000000000000000000000000011100000000000000000000000000000000000000011111111
0000000000000000000000000000000000000000000000000000000000000000000000000000001111111110000000000000000000000000000000000000000000000000000000000000000000000000000000000000000000000000000000000000000000000001100000000000000000000000000000000000111111111111
0000000000000000000000000000000000000000000000000000000000000000000000000000011001101111000000000000000000000000000000000000000000000000000000000000000000000000000000000000000000000000000000000000000000000001100011111111111100000000000000000011111100000000
0000000000000000000000000000000000000000000000000000000000000000000000000000011000000011110000000000000000000000000000000000000000000000000000000000000000000000000000000000000000000000000000000000000000000001100111111111111111111111000000011111100000000000
0000000000000000000000000000000000000000000000000000000000000000000000000001111000000001111110000000000000000000000000000000000000000000000000000000000000000000000000000000000000000000000000000000000000000011001110000000000111111111111111111100000000000000
0000000000000000000000000000000000000000000000000000000000000000000000000111110000000000001111000000000000000000000000000000000000000000000000000000000000000000000000000000000000000000000000000000000000000011001100000000000000000000111111100000000000000000
0000000000000000000000000000000000000000000000000000000000000000000000000111000000000000000011110000000000000000000000000000000000000000000000000000000000000000000000000000000000000000000000000000000000000011011000000000000000000000000000000000000000000000
0000000000000000000000000000000000000000000000000000000000000000000000000111000000000000000000111000000000000000000000000000000000000000000000000000000000000000000000000000000000000000000000000000000000000011111000000000000000000000000000000000000000000000
0000000000000000000000000000000000000000000000000000000000000000000000000111000000000000000000000000000000000000000000000000000000000000000000000000000000000000000000000000000000000000000000000000000000000011110000000000000000000000000000000000000000000000
0000000000000000000000000000000000000000000000000000000000000000000000001110000000000000000000000000000000000000000000000000000000000000000000000000000000000000000000000000000000000000000000000000000000000011110000000000000000000000000000000000000000000000
0000000000000000000000000000000000000000000000000000000000000000000000111110000000000000000000000000000000000000000000000000000000000000000000000000000000000000000000000000000000000000000000000000000000000011100000000000000000000000000000000000000000000000
0000000000000000000000000000000000000000000000000000000000000000000000110000000000000000000000000000000000000000000000000000000000000000000000000000000000000000000000000000000000000000000000000000000000000001100000000000000000000000000000000000000000000000
0000000000000000000000000000000000000000000000000000000000000000000001100000000000000000000000000000000000000000000000000000000000000000000000000000000000000000000000000000000000000000000000000000000000000001100000000000000000000000000000000000000000000000
0000000000000000000000000000000000000000000000000000000000000000001111100000000000000000000000000000000000000000000000000000000000000000000000000000000000000000000000000000000000000000000000000000000000000011100000000000000000000000000000000000000000000000
0000000000000000000000000000000000000000000000000000000000000000011111000000000000000000000000000000000000000000000000000000000000000000000000000000000000000000000000000000000000000000000000000000000000000111000000000000000000000000000000000000000000000000
0000000000000000000000000000000000000000000000000000000000000000011000000000000000000000000000000000000000000000000000000000000000000000000000000000000000000000000000000000000000000000000000000000000000000110000000000000000000000000000000000000000000000000
0000000000000000000000000000000000000000000000000000000000000000011000000000000000000000000000000000000000000000000000000000000000000000000000000000000000000000000000000000000000000000000000000000000000000110000000000000000000000000000000000000000000000000
0000000000000000000000000000000000000000000000000000000000000000011000000000000000000000000000000000000000000000000000000000000000000000000000000000000000000000000000000000000000000000000000000000000000000110000000000000000000000000000000000000000000000000
0000000000000000000000000000000000000000000000000000000000000000011000000000000000000000000000000000000000000000000000000000000000000000000000000000000000000000000000000000000000000000000000000000000000000110000000000000000000000000000000000000000000000000
0000001100000000000000000000000000000000000000000000000000000000111000000000000000000000000000000000000000000000000000000000000000000000000000000000000000000000000000000000000000000000000000000000000000000110000000000000000000000000000000000000000000000000
0000011111000000000000000000000000000000000000000000000000000001110000000000000000000000000000000000000000000000000000000000000000000000000000000000000000000000000000000000000000000000000000000000000000000110000000000000000000000000000000000000000000000000
0000000111100000000000000000000000000000000000000000000000000001100000000000000000000000000000000000000000000000000000000000000000000000000000000000000000000000000000000000000000000000000000000000000000001110000000000000000000000000000000000000000000000000
0000000001100000000000000000000000000000000000000000000000000011000000000000000000000000000000000000000000000000000000000000000000000000000000000000000000000000000000000000000000000000000000000000000000001100000000000000000000000000000000000000000000000000
0000000000111000000000000000000000000000000000000000000000000011000000000000000000000000000000000000000000000000000000000000000000000000000000000000000000000000000000000000000000000000000000000000000000001100000000000000000000000000000000000000000000000000
0000000000011100000000000000000000000000000000000000000000000111000000000000000000000000000000000000000000000000000000000000000000000000000000000000000000000000000000000000000000000000000000000000000000011000000000000000000000000000000000000000000000000000
0000000000001110000000000000000000000000000000000000000000000110000000000000000000000000000000000000000000000000000000000000000000000000000000000000000000000000000000000000000000000000000000000000000000111000000000000000000000000000000000000000000000000000
0000000000000111000000000000000000000000000000000000000000000110000000000000000000000000000000000000000000000000000000000000000000000000000000000000000000000000000000000000000000000000000000000000000000110000000000000000000000000000000000000000000000000000
0000000000000011100000000000000000000000000000000000000000000011000000000000000000000000000000000000000000000000000000000000000000000000000000000000000000000000000000000000000000000000000000000000000001100000000000000000000000000000000000000000000000000000
0000000000000001110000000000000000000000000000000000000000011111000000000000000000000000000000000000000000000000000000000000000000000000000000000000000000000000000000000000000000000000000000000000000001100000000000000000000000000000000000000000000000000000
0000000000000000111000000000000000000000000000000000000000111110000000000000000000000000000000000000000000000000000000000000000000000000000000000000000000000000000000000000000000000000000000000000000001100000000000000000000000000000000000000000000000000000
0000000000000000011000000000000000000000000000000000000000110000000000000000000000000000000000000000000000000000000000000000000000000000000000000000000000000000000000000000000000000000000000000000000011000000000000000000000000000000000000000000000000000000
0000000000000000001100000000000000000000000000000000000000110000000000000000000000000000000000000000000000000000000000000000000000000000000000000000000000000000000000000000000000000000000000000000000011000000000000000000000000000000000000000000000000000000
0000000000000000001111000000000000000000000000000000000000110000000000000000000000000000000000000000000000000000000000000000000000000000000000000000000000000000000000000000000000000000000000000000000011000000000000000000000000000000000000000000000000000000
0000000000000000000011000000000000000000000000000000000000110000000000000000000000000000000000000000000000000000000000000000000000000000000000000000000000000000000000000000000000000000000000000000000011000000000000000000000000000000000000000000000000000000
0000000000000000000011100000000000000000000000000000000111110000000000000000000000000000000000000000000000000000000000000000000000000000000000000000000000000000000000000000000000000000000000000000000011000000000000000000000000000000000000000000000000000000
0000000000000000000001100000000000000000000000000000001111100000000000000000000000000000000000000000000000000000000000000000000000000000000000000000000000000000000000000000000000000000000000000000000111000000000000000000000000000000000000000000000000000000
0000000000000000000001110000000000000000000000000000001110000000000000000000000000000000000000000000000000000000000000000000000000000000000000000000000000000000000000000000000000000000000000000000000110000000000000000000000000000000000000000000000000000000
0000000000000000000000110000000000000000000000000000000110000000000000000000000000000000000000000000000000000000000000000000000000000000000000000000000000000000000000000000000000000000000000000000000110000000000000000000000000000000000000000000000000000000
0000000000000000000000111000000000000000000000000000000110000000000000000000000000000000000000000000000000000000000000000000000000000000000000000000000000000000000000000000000000000000000000000000000110000000000000000000000000000000000000000000000000000000
0000000000000000000000011000000000000000000000000000000110000000000000000000000000000000000000000000000000000000000000000000000000000000000000000000000000000000000000000000000000000000000000000000001110000000000000000000000000000000000000000000000000000000
0000000000000000000000011100000000000000000000000000001100000000000000000000000000000000000000000000000000000000000000000000000000000000000000000000000000000000000000000000000000000000000000000000111100000000000000000000000000000000000000000000000000000000
0000000000000000000000001100000000000000000000000000001100000000000000000000000000000000000000000000000000000000000000000000000000000000000000000000000000000000000000000000000000000000000000000111111000000000000000000000000000000000000000000000000000000000
0000000000000000000000001110000000000000000000000000001100000000000000000000000000000000000000000000000000000000000000000000000000000000000000000000000000000000000000000000000000000000000000001111000000000000000000000000000000000000000000000000000000000000
0000000000000000000000000110000000000000000000000000011100000000000000000000000000000000000000000000000000000000000000000000000000000000000000000000000000000000000000000000000000000000000000011100000000000000000000000000000000000000000000000000000000000000
0000000000000000000000000110000000000000000000000000011000000000000000000000000000000000000000000000000000000000000000000000000000000000000000000000000000000000000000000000000000000000000000110000000000000000000000000000000000000000000000000000000000000000
0000000000000000000000000110000000000000000000000000111000000000000000000000000000000000000000000000000000000000000000000000000000000000000000000000000000000000000000000000000000000000000001110000000000000000000000000000000000000000000000000000000000000000
0000000000000000000000000111000000000000000000000001110000000000000000000000000000000000000000000000000000000000000000000000000000000000000000000000000000000000000000000000000011111111111111100000000000000000000000000000000000000000000000000000000000000000
0000000000000000000000000011000000000000000000000001100000000000000000000000000000000000000000000000000000000000000000000000000000000000000000000000000000000000000000000000001111111111111111100000000000000000000000000000000000000000000000000000000000000000
0000000000000000000000000011100000000000000000000001100000000000000000000000000000000000000000000000000000000000000000000000000000000000000000000000000000000000000000000000011110000000111000000000000000000000000000000000000000000000000000000000000000000000
0000000000000000000000000001100000000000000000000001100000000000000000000000000000000000000000000000000000000000000000000000000000000000000000000000000000000000000000000000111000000000110000000000000000000000000000000000000000000000000000000000000000000000
0000000000000000000000000001100000000000000001111101100000000000000000000000000000000000000000000000000000000000000000000000000000000000000000000000000000000000000000000001110000000000011000000000000000000000000000000000000000000000000000000000000000000000
0000000000000000000000000001100000000000000111111111000000000000000000000000000000000000000000000000000000000000000000000000000000000000000000000000000000000000000000000011100000000000011100000000000000000000000000000000000000000000000000000000000000000000
0000000000000000000000000011000000000000001110000110000000000000000000000000000000000000000000000000000000000000000000000000000000000000000000000000000000000000000000000111000000000000001110000000000000000000000000000000000000000000000000000000000000000000
0000000000000000000000000011000000000000001100000000000000000000000000000000000000000000000000000000000000000000000000000000000000000000000000000000000000000000000000000110000000000000000111000000000000000000000000000000000000000000000000000000000000000000
0000000000000000000000000011000000000000011100000000000000000000000000000000000000000000000000000000000000000000000000000000000000000000000000000000000000000000000000000110000000000000000011100000000000000000000000000000000000000000000000000000000000000000
0000000000000000000000000011000000000000011000000000000000000000000000000000000000000000000000000000000000000000000000000000000000000000000000000000000000000000000000000011100000000000000001100000000000000000000000000000000000000000000000000000000000000000
0000000000000000000000000011111111100000011000000000000000000000000000000000000000000000000000000000000000000000000000000000000000000000000000000000000000000000000000000001110000000000000001100000000000000000000000000000000000000000000000000000000000000000
0000000000000000000000000001111111111100111000000000000000000000000000000000000000000000000000000000000000000000000000000000000000000000000000000000000000000000000000000000110000000000000000110000000000011111110000011111100000000000000000000000000000000000
0000000000000000000000000000000000011111111000000000000000000000000000000000000000000000000000000000000000110000000000000000000000000000000000000000000000000000000000000000110000000000000000111100011111111111111111111111110000000000000000000000000000000000
0000000000000000000000000000000000000011110000000000000000000000000000000000000000000000000000000000000011111000000000000000000000000000000000000000000000000000000000000001110000000000000000011111111111100000001111100000111000000000000000000000000000000000
0000000000000000000000000000000000000011100000000000000000000000000000000000000000000000000000000000000111001100000000000000000000000000000000000000000000000000000000000001100000000000000000000111100000000000000000000000011000000000000000000000000000000000
0000000000000000000000000000000000000011000000000000000000000000000000000000110000000000000000000000000110001110000000000000000000000000000000000000000000000000000000000011000000000000000000000000000000000000000000000000001110000000000000000000000000000000
0000000000000000000000000000000000000110000000000000000000000000000000000000110000000000000000000000001100000110000000000000000000000000000000000000000000000000000000000011000000000000000000000000000000000000000000000000000111111111000000000000000000000000
0000000000000000000000000000000000000110000000000000000000000000000000000000110000000000000000000000001100000111000000000000000000000000000000000000000000000000000000000011000000000000000000000000000000000000000000000000000011111111110000000000000000000000
0000000000000000000000000000000000001110000000000000000000000000000000000000110000000000000000000000011100000011000000000000000000000000000000000000000000000000000000000001100000000000000000000000000000000000000000000000000000000001110000000000000000000000
0000000000000000000000000000000000000110000000000000000000000000000000000000110000000000000000000000011000000011100000000000000000000000000000000000000000000000000000000001100000000000000000000000000000000000000000000000000000000000000000000000000000000000
0000000000000000000000000000000000000110000000000000000000000000000000000000111000000000000000000000011000000001100000000000000000000000000000000000000000000000000000000001110000000000000000000000000000000000000000000000000000000000000000000000000000000000
0000000000000000000000000000000000001100000000000000000000000000000000000000011000000000000000000000011000000001110000000000000000000000000000000000000000000000000000000000110000000000000000000000000000000000000000000000000000000000000000000000000000000000
0000000000000000000000000000000000001100000000000000000000000000000000000000011000000000000000000000110000000000110000000000000000000000000000000000000000000000000000000000111000000000000000000000000000000000000000000000000000000000000000000000000000000000
0000000000000000000000000000000000001100000000000000000000000000000000000000011000000000000000000000110000000000111000000000000000000000000000000000000000000000000000000000011000000000000000000000000000000000000000000000000000000000000000000000000000000000
0000000000000000000000000000010000001100000000000000000000110000000000000000011000000000000000000001110000000000011000000000000000000000000000000000000000000000000000000000011000000000000000000000000000000000000000000000000000000000000000000000000000000000
0000000000000000000000000000110000001100000000000000000001100000000000000000011000000000000000000001100000000000011100000000000000000000000000000000000000000000000000000000001100000000000000000000000000000000000000000000000000000000000000000000000000000000
0000000000000000000000000001100000001100000000000000000001100000000000000000011000000000000000000011100000000000001110000000000000000000000000000000000000000000000000000000001100000000000000000000000000000000000000000000000000000000000000000000000000000000
0000000000000000000000000011100000001100000000000000000011000000000000000000011000000000000000000111000000000000000111100000000000000000000000000000000000000000000000000000011100000000000000000000000000000000000000000000000000000000000000000000000000000000
0000000000000000000011000111000000001100000000000000000111000000000000000000011000000000000000001110000000000000000011111000000000000000000000000000000000000000000000000000111000000000000000000000000000000000000000000000000000000000000000000000000000000000
0000000000000000000011000110000011111100000000000000001110000000000000000000111000000000000000011100000000000000000000111111100000000000000000000000000000000000000000000011110000000000000000000000000000000000000000000000000000000000000000000000000000000000
0000000000000000000011000110000011111000000000000000011100000000000000000000110000000000000001111000000000000000000000001111111110000000000000000000000000000000000000001111000000000000000000000000000000000000000000000000000000000000000000000000000000000000
0000000000000000000011001100000011000000000000000000111000000000000000000000110000000000000111110000000000000000000000000000011111100000000000000000000000000000000000001100000000000000000000000000000000000000000000000000000000000000000000000000000000000000
0000000000000000000011101100000011000000000000000001110000000000000000000000011000000000001111000000000000000000000000000000000011110000000000000000000000011100000000001100000000000000000000000000000000000000000000000000000000000000000000000000000000000000
0000000000000000000011111100000011000000000000000001100000000000000000000000011100000000011100000000000000000000000000000000000000011000000000000000000000111110000000001100000000000000000000000000000000000000000000000000000000000000000000000000000000000000
0000000000000000000011111000000011000000000000000001100000000000000000000000001110000000111000000000000000000000000000000000000000011000000000000000000001110111100000011100000000000000000000000000000000000000000000000000000000000000000000000000000000000000
0000000000000000000011111000000011000000000000000001100000000000000000000000000111000000110000000000000000000000000000000000000000011000000011111000000001100001110000011000000000000000000000000000000000000000000000000000000000000000000000000000000000000000
0000000000000000000011110000000111000000000000000011100000000000000000000000000011100001110000000000000000000000000000000000000000011100001111111110000001100000111111111000000000000000000000000000000000000000000000000000000000000000000000000000000000000000
0000000000000000000011110000001110000000000000000111000000000000000000000000000001110001100000000000000000000000000000000000000000001100011100001111100001100000011111100000000000000000000000000000000000000000000000000000000000000000000000000000000000000000
0000000000000000000001110000011100000000000000001110000000000000000000000000000000111001100000000000000000000000000000000000000000001100111000000011110001100000000000000000000000000000000000000000000000000000000000000000000000000000000000000000000000000000
0000000000000000000001100000011000000000000000011100000000000000000000000000000000011101100000000000000000000000000000000000000000000111110000000000111001100000000000000000000000000000000000000000000000000000000000000000000000000000000000000000000000000000
0000000000000000000011100000011000000000000001111000000000000000000000000000000000001101100000000000000000000000000000000000000000000111100000000000011111100000000000000000000000000000000000000000000000000000000000000000000000000000000000000000000000000000
0000000000000000000011000000011000000000000011110000000000000000001111100000000000000111100000000000000000000000000000000000000000000000000000000000001111000000000000000000000000000000000000000000000000000000000000000000000000000000000000000000000000000000
0000000000000000000111000000011000000000000111000000000000000000011111111111110000000111000000000000000000000000000000000000000000000000000000000000000110000000000000000000000000000000000000000000000000000000000000000000000000000000000000000000000000000000
0000000000000000000110000000011100000000000110000001111111000000111000011111111111111110000000000000000000000000000000000000000000000000000000000000000110000000000000000000000000000000000000000000000000000000000000000000000000000000000000000000000000000000
