0000011110000000000000000011111110000000000000000000000000000000000000000000000000000000000000000000000000000000000000000000000000011110000000000000000000000000000000000000000000000000011110000000000000000000000000000000000000000000001110000000000000000000
0000001111000000000000000000001111000000000000000000000000000000000000000000000000000000000000000000000000000000000000000000000000111110000000000000000000000000000000000000000000000000000111000000000000000000000000000000000000000000111100000000000000000000
0000000011100000000000000000000011111100000000000000000000000000000000000000000000000000000000000000000000000000000000000000000000110000000000000000000000000000000000000000000000000000000011000000000000000111100000000000000000000011111000000000000000000000
0000000001110000000000000000000001111111000000000000000000000000000000000000000000000000000000000000000000000000000000000000000000110000000000000000000000000000000000000000000000000000000011000000000000111111110000000000000000000111000000000000000000000000
0000000000110000000000000000000000000011100000000000000000000000000000000000000000000000000000000000000000000000000000000000001111100000000000000000000000000000000000000000000000000000000011100000000011111000111100000000000000001110000000000000000000000000
0000000000111000000000000000000000000000111100000000000000000000000000000000000000000000000000000000000000000000000100000000011111100000000000000000000000000000000000000000000000000000000001111111110111100000001111110000000000001100000000000000000000000000
0000000000011100000000000000000000000000011111111000000000000000000000000000000000000000000000000000000000000000011110011111111000000000000000000000000000000000000000000000000000000000000000111111111110000000000111111111000000011000000000000000000000000000
0000000000001110000000000000000000000000000111111110000000000000000000000000000000000000000000000000000000011000111111111111110000000000000000000000000000000000000000000000000000000000000000000000011110000000000000001111111111111000000000000000000000000000
0000000000000111100000000000000000000000000000000111000000000000000000000000000000000000000000000000000011111111110011100000000000000000000000000000000000000000000000000000000000000000000000000000001111000000000000000001111111110000000000000000000000000000
0000000000000011111111100000000000000000000000000011110000000000000000000000000000000000000000000000001111100111100000000000000000000000000000000000000000000000000000000000000000000000000000000000000011000000000000000000011000000000000000000000000000000000
0000000000000000111111100000000000000000000000000000111110000000000000000000000000000000000000000000001110001000000000000000000000000000000000000000000000000000000000000000000000000000000000000000000001100000000000000000000000000000000000000000000000000000
0000000000000000000000110000000000000000000000000000011111111100000000000000000000000000000000000000011001111111000000000000000000000000000000000000000000000000000000000000000000000000000000000000000001110000000000000000000000000000000000000000000000000000
0000000000000000000000111000000000000000000000000000000001111100000000000000000000000000000000000000011111111111100000000000000000000000000000000000000000000000000000000000000000000000000000000000000000011000000000000000000000000000000000000000000000000000
0000000000000000000000011100000000000000000000000000000000000000000000000000000000000000000000000000111111000001111000000000000000000000000000000000000000000000000000000000000000000000000000000000000000011000000000000000000000000000000000000000000000000000
0000000000000000000000001100000000000000000000000000000000000000000000000000000000000000000000000000111000000000111110000001110000000000000000000000000000000000000000000000000000000000000000000000000000011110000000000000000000000000000000000000000000000000
0000000000000000000000000000000000000000000000000000000000000000000000000000000000000000000000000001110000000000001111111001111100000000000000000000000000000000000000000000000000000000000000000000000000000111000000000000000000000000000000000000000000000000
0000000000000000000000000000000000000000000000000000000000000000000000000000000000000000000000000011100000000000000001111111011111100000000000000000000000000000000000000000000000000000000000000000000000000011100000000000000000000000000000000000000000000000
0000000000000000000000000000000000000000000000000000000000000000000000000000000000000000000000000011000000000000000000000110000011111100000000000000000000000000000000000000000000000000000000000000000000000001100000000000000000000000000000000000000000000000
0000000000000000000000000000000000000000000000000000000000000000000000000000000000000000000000000110000000000000000000000000000000011111000000000000000000000000000000000000000000000000000000000000000000000001110001110000000000000000000000000000000000000000
0000000000000000000000000000000000000000000000000000000000000000000000000000000000000000000000000110000000000000000000000000000000000111100000000000000000000000000000000000000000000000000000000000000000000000111111111000000000000000000000000000000000000000
0000000000000000000000000000000000000000000000000000000000000000000000000000000000000000000000000011000000000000000000000000000000000001111000000000000000000000000000000000000000000000000000000000000000000000001111011111000000000000000000000000000000000000
0000000000000000000000000000000000000000000000000000000000000000000000000000000000000000000000000111000000000000000000000000000000000000011100000000000000000000000000000000000000000000000000000000000000000000000000001111110000000000000000000000000000000000
0000000000000000000000000000000000000000000000000000000000000000000000000000000000000000000000011110000000000000000000000000000000000000001110000000000000000000000000000000000000000000000000000000000000000000000000000001111100000000000000000000000000000000
0000000000000000000000000000000000000000000000000000000000000000000000000000000000000000000001111000000000000000000000000000000000000000000111110000000000000000000000000000000000000000000000000000000000000000000000000000001111000000000000000000000000000111
0000000000000000000000000000000000000000000000000000000000000000000000000000000000000000000011100000000000000000000000000000000000000000000001111100000000000000000000000000000000000000000000000000000000000000000000000000000011000000000000000000000000001111
0000000000000000000000000000000000000000000000000000000000000000000000000000000000111001110111000000000000000000000000000000000000000000000000001110000000000000000000000000000000000000000000000000000000000000000000000000000001100000000000000000000000111100
0000000000000000000000000000000000000000000000000000000000000000000011100000110011111111111110000000000000000000000000000000000000000000000000000011000000000000000000000000000000000000000000000000000000000000000000000000000001110000000000000000000001110000
0000000000000000000000000000000000000000000000000000000000000011111111110001111111001110011000000000000000000000000000000000000000000000000000000011100000000000000000000000000000000000000000000000000000000000000000000000000000110000011110000000000011100000
0000000000000000000000000000000000000000000000000000011111111111111100111001101110000000000000000000000000000000000000000000000000000000000000000001110000000000000000000000000000000000000000000000000000000000000000000000000000011000111111000000001111000000
0000000000000000000000000000000000000000000000000000111111111110000000011111000000000000000000000000000000000000000000000000000000000000000000000000110000000000000000000000000000000000000000000000000000000000000000000000000000011111110011111110111100000000
0000000000000000000000000000000000000000000000000000110000000000000000001111000000000000000000000000000000000000000000000000000000000000000000000000000000000000000000000000000000000000000000000000000000000000000000000000000000011111100001111111110000000000
0000000000000000000000000000000000000000000000000000110000000000000000000100000000000000000000000000000000000000000000000000000000000000000000000000000000000000000000000000000000000000000000000000000000000000000000000000000000000000000000010011110000000000
0000000000000000000000000000000000000000000000000001110000000000000000000000000000000000000000000000000000000000000000000000000000000000000000000000000000000000000000000000000000000000000000000000000000000000000000000000000000000000000000000000111000000000
0000000000000000000000000000000000000000001111000011100000000000000000000000000000000000000000000000000000000000000000000000000000000000000000000000000000000000000000000000000000000000000000000000000000000000000000000000000000000000000000000000011011100000
0000000000000000000000000000000000000000011111100111000000000000000000000000000000000000000000000000000000000000000000000000000000000000000000000000000000000000000000000000000000000000000000000000000000000000000000000000000000000000000000000000011111111001
0000000000000000000000000000000000000000111001111110000000000000000000000000000000000000000000000000000000000000000000000000000000000000000000000000000000000000000000000000000000000000000000000000000000000000000000000000000000000000000000000000001100111111
0000000000000000000000000000000000000000110000111100000000000000000000000000000000000000000000000000000000000000000000000000000000000000000000000000000000000000000000000000000000000000000000000000000000000000000000000000000000000000000000000000000000000111
0000000000000000000000000000000000000000110000011100001111100000000000000000000000000000000000000000000000000000000000000000000000000000000000000000000000000000000000000000000000000000000000000000000000000000000000000000000000000000000000000000000000000000
0000000000000000000000000000000000000000110000011100111111000000000000000000000000000000000000000000000000000000000000000000000000000000000000000000000000000000000000000000000000000000000000000000000000000000000000000000000000000000000000000000000000000000
0000000000000000000000000000000000000000110000001111110000000000000000000000000000000000000000000000000000000000000000000000000000000000000000000000000000000000000000000000000000000000000000000000000000000000000000000000000000000000000000000000000000000000
0000000000000000000000000000000000000001100000000111110000000000000000000000000000000000000000000000000000000000000000000000000000000000000000000000000000000000000000000000000000000000000000000000000000000000000000000000000000000000000000000000000000000000
0000000000000000000000000000000000000001100000000001111000000000000000000000000000000000000000000000000000000000000000000000000000000000000000000000000000000000000000000000000000000000000000000000000000000000000000000000000000000000000000000000000000000000
0000000000000000000000000000000000000011000000000000011100000000000000000000000000000000000000000000000000000000000000000000000000000000000000000000000000000000000000000000000000000000000000000000000000000000000000000000000000000000000000000000000000000000
0000000000000000000000000000000000000111000000000000001110000000000000000000000000000000000000000000000000000000000000000000000000000000000000000000000000000000000000000000000000000000000000000000000000000000000000000000000000000000000000000000000000000000
0000000000000000000000000000000000001110000000000000000110000000000000000000000000000000000000000000000000000000000000000000000000000000000000000000000000000000000000000000000000000000000000000000000000000000000000000000000000000000000000000000000000000000
0000000000000000000000000000000000011100000000000000000000000000000000000000000000000000000000000000000000000000000000000000000000000000000000000000000000000000000000000000000000000000000000000000000000000000000000000000000000000000000000000000000000000000
0000000000000000000000000000000000111000000000000000000000000000000000000000000000000000000000000000000000000000000000000000000000000000000000000000000000000000000000000000000000000000000000000000000000000000000000000000000000000000000000000000000000000000
0000000000000000000000000000000001110000000000000000000000000000000000000000000000000000000000000000000000000000000000000000000000000000000000000000000000000000000000000000000000000000000000000000000000000000000000000000000000000000000000000000000000000000
0000000000000000000000000000000001100000000000000000000000000000000000000000000000000000000000000000000000000000000000000000000000000000000000000000000000000000000000000000000000000000000000000000000000000000000000000000000000000000000000000000000000000000
0000000000000000000000000000000011000000000000000000000000000000000000000000000000000000000000000000000000000000000000000000000000000000000000000000000000000000000000000000000000000000000000000000000000000000000000000000000000000000000000000000000000000000
0000000000000000000000000000000011000000000000000000000000000000000000000000000000000000000000000000000000000000000000000000000000000000000000000000000000000000000000000000000000000000000000000000000000000000000000000000000000000000000000000000000000000000
0000000000000000000000000000000111000000000000000000000000000000000000000000000000000000000000000000000000000000000000000000000000000000000000000000000000000000000000000000000000000000000000000000000000000000000000000000000000000000000000000000000000000000
0000000000000000000000000000000110000000000000000000000000000000000000000000000000000000000000000000000000000000000000000000000000000000000000000000000000000000000000000000000000000000000000000000000000000000000000000000000000000000000000000000000000000000
0000000000000000000000000000001110000000000000000000000000000000000000000000000000000000000000000000000000000000000000000000000000000000000000000000000000000000000000000000000000000000000000000000000000000000000000000000000000000000000000000000000000000000
0000000000000000000000000000011100000000000000000000000000000000000000000000000000000000000000000000000000000000000000000000000000000000000000000000000000000000000000000000000000000000000000000000000000000000000000000000000000000000000000000000000000000000
0000000000000000000000000000111000000000000000000000000000000000000000000000000000000000000000000000000000000000000000000000000000000000000000000000000000000000000000000000000000000000000000000000000000000000000000000000000000000000000000000000000000000000
0000000000000000000000000000110000000000000000000000000000000000000000000000000000000000000000000000000000000000000000000000000000000000000000000000000000000000000000000000000000000000000000000000000000000000000000000000000000000000000000000000000000000000
0000000000000000000000000001110000000000000000000000000000000000000000000000000000000000000000000000000000000000000000000000000000000000000000000000000000000000000000000000000000000000000000000000000000000000000000000000000000000000000000000000000000000000
0000000000000000000000000011100000000000000000000000000000000000000000000000000000000000000000000000000000000000000000000000000000000000000000000000000000000000000000000000000000000000000000000000000000000000000000000000000000000000000000000000000000000000
0000000000000000000000000110000000000000000000000000000000000000000000000000000000000000000000000000000000000000000000000000000000000000000000000000000000000000000000000000000000000000000000000000000000000000000000000000000000000000000000000000000000000000
0000000000000000000000000110000000000000000000000000000000000000000000000000000000000000000000000000000000000000000000000000000000000000000000000000000000000000000000000000000000000000000000000000000000000000000000000000000000000000000000000000000000000000
0000000000000000000000001100000000000000000000000000000000000000000000000000000000000000000000000000000000000000000000000000000000000000000000000000000000000000000000000000000000000000000000000000000000000000000000000000000000000000000000000000000000000000
0000000000000000000000001100000000000000000000000000000000000000000000000000000000000000000000000000000000000000000000000000000000000000000000000000000000000000000000000000000000000000000000000000000000000000000000000000000000000000000000000000000000000000
0000000000000000000000011100000000000000000000000000000000000000000000000000000000000000000000000000000000000000000000000000000000000000000000000000000000000000000000000000000000000000000000000000000000000000000000000000000000000000000000000000000000000000
0000000000000000000000011000000000000000000000000000000000000000000000000000000000000000000000000000000000000000000000000000000000000000000000000000000000000000000000000000000000000000000000000000000000000000000000000000000000000000000000000000000000000000
0000000000000000000000111000000000000000000000000000000000000000000000000000000000000000000000000000000000000000000000000000000000000000000000000000000000000000000000000000000000000000000000000000000000000000000000000000000000000000000000000000000000000000
0000000000000000000000110000000000000000000000000000000000000000000000000000000000000000000000000000000000000000000000000000000000000000000000000000000000000000000000000000000000000000000000000000000000000000000000000000000000000000000000000000000000000000
0000000000000000000000110000000000000000000000000000000000000000000000000000000000000000000000000000000000000000000000000000000000000000000000000000000000000000000000000000000000000000000000000000000000000000000000000000000000000000000000000000000000000000
0000000000000000000001100000000000000000000000000000000000000000000000000000000000000000000000000000000000000000000000000000000000000000000000000000000000000000000000000000000000000000000000000000000000000000000000000000000000000000000000000000000000000000
0000000000000000000011100000000000000000000000000000000000000000000000000000000000000000000000000000000000000000000000000000000000000000000000000000000000000000000000000000000000000000000000000000000000000000000000000000000000000000000000000000000000000001
0000000000000000000011000000000000000000000000000000000000000000000000000000000000000000000000000000000000000000000000000000000000000000000000000000000000000000000000000000000000000000000000000000000000000000000000000000000000000000000000000000000000000011
0000000000000000000111000000000000000000000000000000000000000000000000000000000000000000000000000000000000000000000000000000000000000000000000000000000000000000000000000000000000000000000000000000000000000000000000000000000000000000000000000000000000001111
0000000000000000000110000000000000000000000000000000000000000000000000000000000000000000000000000000000000000000000000000000000000000000000000000000000000000000000000000000000000000000000000000000000000000000000000000000000000000000000000000000000000011100
0000000000000000001100000000000000000000000000000000000000000000000000000000000000000000000000000000000000000000000000000000000000000000000000000000000000000000000000000000000000000000000000000000000000000000000000000000000000000000000000000000000000111000
0000000000000001111000000000000000000000000000000000000000000000000000000000000000000000000000000000000000000000000000000000000000000000000000000000000000000000000000000000000000000000000000000000000000000000000000000000000000000000000000000000000000110000
0000000000111111110000000000000000000000000000000000000000000000000000000000000000000000000000000000000000000000000000000000000000000000000000000000000000000000000000000000000000000000000000000000000000000000000000110000000000000000000000000000000001110000
0000000000111111000000000000000000000000000000000000000000000000000000000000000000000000000000000000000000000000000000000000000000000000000000000000000000000000100000000000000000000000000000000000000000000000000000110000000000000000000000000000000011100000
0000000001110000000000000000000000000000000000000000000000000000000000000000000000000000000000000000000000000000000000000000000000000000000000000000000000000000110000000000000000000000000000000000000000000000000000110000000000000000000000000000000011000000
0000000001100000000000000000000000000000000000000000000000000000000000000000000000000000000000000000000000000000000000000000000000000000000000000000000000000000111000000000000000000000000000000000000000000000000001110000000000000000000000000000000011000000
0000000001100000000000000000000000000000000000000000000000000000000000000000000000000000000000000000000000000000000000000000000000000000000000000000000000000000011000000000000000000000000000000000000000000000000001100000000000000000000000000000000011000000
0000000011000000000000000000000000000000000000000000000000000000000000000000000000000000000000000000000000000000000000000000000000000000000000000000000000000000011000000000000000000000000000000000000000000000000001100000000000000000000000000000000111000000
0000000111000000000000000000000000000000000000000000000000000000000000000000000000000000000000000000000000000000000000000000000000000000000000000000000000000000011000000000000000000000000000000000000000000000000001100000000000000000000000000000001110000000
0000001110000000000000000000000000000000000000000000000000000000000000000000000000000000000000000000000000000000000000000000000000000000000000000000000000000000011000000000000000000000000000000000000000000000000001110000000000000000000000000000001100000000
0011111100000000000000000000000000000000000000000000000000000000000000000000000000000000000000000000000000000000000000000000000000000000000000000000000000000000011000000000000000000000000000000000000000000000000000110000000000000000000000000000001100000000
0111110000000000000000000000000000000000000001000000000000000000000000000000000000000000000000000000000000000000000000000000000000000000000000000000000000000000011000000000000000000000000000000000000000000000000000011000000000000000000000000000011100000000
0110000000000000000000000000000000000000000011111111000000000000000000000000000000000000000000000000000000000000000000000000000000000000000000000000000000000000011000000000000000000000000000000000000000000000000000011100000000000000000000000000111000000000
1100000000000000000000000000000000000000011111111111000000000000000000000000000000000000000000000000000000000000000000000000000000000000000000000000000000000000011000000000000000000000000000000000000000000000000000001100000000000000000000000011110000000000
1100000000000000000000000000000000000111111100000000000000000000000000000000000000000000000000000000000000000000000000000000000000000000000000000000000000000000011000000000000000000000000000000000000001100000000000001100000000000000000110000111100000000000
1000000000000000000000000000000000011111110000000000000000000000000000000000000000000000000000000000000000000000000000000000000000000000000000000000000000000000011100000000000000000000000000000000000001111000000000001110000000000000001111111110000000000000
1000000000000000000000000000000000111100000000000000000000000000000000000000000000000000000000000000000000000000000000000000000000000000000000000000000000000000011000000000000000000000000000000000000000011111111111111111000000000000011101111000000000000000
1000000000000000000000000000000000110000000000000000000000000000000000000000000000000000000000000000000000000000000000000000000000000000000000000000000000000000011000000000000000000000000000000000000000000111111111111111100000000011111000000000000000000000
0000000000000000000000000000000001110000000000000000000000000000000000000000000000000000000000000000000000000000000000000000000000000000000000000000000000000000011000000000000000000000000000000000000000000000000000000111110000001111110000000000000000000000
0000000000000000000000000000000001100000000000000000000000000000000000000000000000000000000000000000000000000000000000000000000000000000000000000000000000000000011000000000000000000000000000000000000000000000000000000111111111111110000000000000000000000000
0000000000000000000000000000000001100000000000000000000000000000000000000000000000000000000000000000000000000000000000000000000000000000000000000000000000000000011000000000000000000000000000000000000000000000000000000011111111110000000000000000000000000000
0000000000000000000000000000000001100000000000000000000000000000000000000000000000000000000000000000000000000000000000000000000000000000000000000000000000000000111000000000000000000000000000000000000000000000000000000001111111000000000000000000000000000000
0000000000000000000000000000000011000000000000000000000000000000000000000000000000000000000000000000000000000000000000000000000000000000000000000000000000000000111000000000000000000000000000000000000000000000000000000000000110000000000000000000000000000000
0000000000000000000000000000000011100000000000000000000000000000000000000000000000000000000000000000000000000000000000000000000000000000000000000000000000000000011000000000000000000000000000000000000000000000000000000000000110000000000000000000000000000000
0000000000000000000000000000000011110000000000000000000000000000000000000000000000000000000000000000000000000000000000000000000000000000000000000000000000000000011000000000000000000000000000000000000000000000000000000000001100000000000000000000000000000000
0000000000000000000000000000000011100000000000000000000000000000000000000000000000000000000000000000000000000000000000000000000000000000000000000000000000000000011000000000000000000000000000000000000000000000000000000000011100000000000000000000000000000000
0000000000000000000000000000001111100000000000000000000000000000000000000000000000000000000000000000000000000000000000000000000000000000000000000000000000000000011000000000000000000000000000000000000000000000000000000000011000000000000000000000000000000000
0000000000000000000000000000011111100000000000000000000000000000000000000000000000000000000000000000000000000000000000000000000000000000000000000000000000000000011000000000000000000000000000000000000000000000000000000000011000000000000000000000000000000000
0000000000000000000000000000111001100000000000000000000000000000000000000000000000000000000000000000000000000000000000000000000000000000000000000000000000000000011000000000000000000000000000000000000000000000000000000000011100000000000000000000000000000000
0000000000000000000000001111100001110000000000000000000000000000000000000000000000000000000000000000000000000000000000000000000000000000000000000000000000000000110000000000000000000000000000000000000000000000000000000000001100000000000000000000000000000000
0000000000000000000000111111000001100000000000000000000000000000000000000000000000000000000000000000000000000000000000000000000000000000000000000000000000000000110000000000000000000000000000000000000000000000000000000000000110000000000000000000000000000001
0000000000000001111101111000000001100000000000000000000000000000000000000000000000000000000000000000000000000000000000000000000000000000000000000000000000000000110000000000000000000000000000000000000000000000000000000000000111100000000000000000000000111111
0000000000001111111111100000000001100000000000000000000000000000000000000000000000000000000000000000000000000000000000000000000000000000000000000000000000000000110000000000000000000000000000000000000000000000000000000000000001100000000000000000001111111111
0000000000011111000011000000000001100000000000000000000000000000000000000000000000000000000000000000000000000000000000000000000000000000000000000000000000000000110000000000000000000000000000000000000000000000000000000000000000110000000000000000011111000000
0000000000011000000000000000000001100000000000000000000000000000000000000000000000000000000000000000000000000000000000000000000000000000000000000000000000000011110000000000000000000000000000000000000000000000000000000000000000110000000000000000111000000000
0000000000110000000000000000000001100000000000000000000000000000000000000000000000000000000000000000000000000000000000000000000000000000000000000000000000000111100000000000000000000000000000000000000000000000000000000000000001100000000000000001110000000000
0000000000110000000000000000000011100000000000000000000000000000000000000000000000000000000000000000000000000000000000000000000000000000000000000000000000001110000000000000000000000000000000000000000000000000000000000000000011100000000000000111100000000000
0000000001100000000000000000000011000000000000000000000000000000000000000000000000000000000000000000000000000000000000000000000000000000000000000000000000001100000000000000000000000000000000000000000000000000000000000000000011000000000000111111000000000000
0000000011100000000000000000000111000000000000000000000000000000000000000000000000000000000000000000000000000000000000000000000000000000000000000000000000001100000000000000000000000000000000000000000000000000000000000000000011000000000011111100000000000000
0000000011000000000000000000001110000000000000000000000000000000000000000000000000000000000000000000000000000000000000000000000000000000000000000000000000001100000000000000000000000000000000000000000000000000000000000000000110000000000111000000000000000000
0000000111000000001111111111111100000000000000000000000000000000000000011111100000000000000000000000000000000000000000000000000000000000000000000000000000000110000000000000000000000000000000000000000000000000000000000000000110000000001110000000000000000000
0000001110000000011111111111111000000000000000000000000000000000000001111111100000000000000000000000000000000000000000000000000000000000000000000000000000000111000000000000000000000000000000000000000000000000000000000000000011000000001100000000000000000000
0000011100000000111000000000000000000000000000000000000000000000011111110000000000000000000000000000000000000000000000000000000000000000000000000000000000000011000000000000000000000000000000000000000000000000000000000000000011100000001100000000000000000000
0001111000011111110000000000000000000000000000000000000000000000111110000000000000000000000000000000000000000000000000000000000000000000000000000000000000000011000000000000000000000000000000000000000000000000000000000000000001100000011000000000000000000000
0001100000111111100000000000000000000000000000000000000000000011110000000000000000000000000000000000000000000000000000000000000000000000000000000000000000000011000000000000000000000000000000000000000000000000000000000000000001100000011000000000000000000000
0111000011110000000000000000000000000000000000000000000000001111100000000000000000000000000000000000000000000000000000000000000000000000000000000000000000000011000000000000000000000000000000000000000000000000000000000000000001110000110000000000000000000000
1110000111000000000000000000000000000000000000000000000000111110000000000000000000000000000000000000000000000000000000000000000000000000000000000000000000000011000000000000000000000000000000000000000000000000000000000000000000110001110000000000000000000000
1100001110000000000000000000000000000000000000000000000001110000000000000000000000000000000000000000000000000000000000000000000000000000000000000000000000000011100000000000000000000000000000000000000000000000000000000000000001100111100000000000000000000000
0000111000000000000000000000000000000000000000000000000111100000000000000000000000000000000000000000000000000000000000000000000000000000000000000000000000000001100000000000000000000000000000000000000000000000000000000000000001111111000000000000000000000000
0001110000000000000000000000000000000000000000000000011111000000000000000000000000000000000000000000000000000000000000000000000000000000000000000000000000000000110000000000000000000000000000000000000000000000000000000000000001111000000000000000000000000000
0111100000000000000000000000000000000000000000000000111100000000000000000000000000000000000000000000000000000000000000000000000000000000000000000000000000000000110000000000000000000000000000000000000000000000000000000000000001110000000000000000000000000000
1111000000000000000000000000000000000000000000000001110000000000000000000000000000000000000000000000000000000000000000000000000000000000000000000000000000000000110000000000000000000000000000000000000000000000000000000000000001110000000000000000000000000000
1000000000000000000000000000000000000000000000000111100000000000000000000000000000000000000000000000000000000000000000000000000000000000000000000000000000000001100000000000000000000000000000000000000000000000000000000000000001100000000000000000000000000000
0000000000000000000000000000000000000000000000011110000000000000000000000000000000000000000000000000000000000000000000000000000000000000000000000000000000000001100000000000000000000000000000000000000000000000000000000000000000110000000000000000000000000000
0000000000000000000000000000000000000000000000111000000000000000000000000000000000000000000000000000000000000000000000000000000000000000000000000000000000000011000000000000000000000000000000000000000000000000000000000000000000110000000000000000000000000000
0000000000000000000000000000000000000000000001110000000000000000000000000000000000000000000000000000000000000000000000000000000000000000000000000000000000000011000000000000000000000000000000000000000000000000000000000000000000011000000000000000000000000000
0000000000000000000000000000000000000000000001100000000000000000000000000000000000000000000000000000000000000000000000000000000000000000000000000000000000000110000000000000000000000000000000000000000000000000000000000000000000011100000000000000000000000000
0000000000000000000000000000000000000000000001100000000000000000000000000000000000000000000000000000000000000000000000000000000000000000000000000000000000000110000000000000000000000000000000000000000000000000000000000000000000001100000000000000000000000000
1000000000000000000000000000000000000000000011100000000000000000000000000000000000000000000000000000000000000000000000000000000000000000000000000000000000000111000000000000000000000000000000000000000000000000000000000000000000001100000000000000000000000000
1100001110000000000000000000000000000000000011000000000000000000000000000000000000000000000000000000000000000000000000000000000000000000000000000000000000000110000000000000000000000000000000000000000000000000000000000000000000001100000000000000000000000000
1111111111100000000000000000000000000000001110000000000000000000000000000000000000000000000000000000000000000000000000000000000000000000000000000000000000000110000000000000000000000000000000000000000000000000000000000000000000001100000000000000000000000000
0011111011110000000000000000000000000000011100000000000000000000000000000000000000000000000000000000000000000000000000000000000000000000000000000000000000001110000000000000000000000000000000000000000000000000000000000000000000001100000000000000000000000000
0000000000111000000000000000000000000000111000000000000000000000000000000000000000000000000000000000000000000000000000000000000000000000000000000000000000011100000000000000000000000000000000000000000000000000000000000000000000001100000000000000000000000000
0000000000011100000000000000000000000001110000000000000000000000000000000000000000000000000000000000000000000000000000000000000000000000000000000000000000111000000000000000000000000000000000000000000000000000000000000000000000001100000000000000000000000000
0000000000001100000000000000000000111111100000000000000000000000000000000000000000000000000000000000000000000000000000000000000000000000000000000000000001110000000000000000000000000000000000000000000000000000000000000000000000011100000000000000000000000000
0000000000000110000000000000000001111111000000000000000000000000000000000000000000000000000000000000000000000000000000000000000000000000000000000000000001100000000000000000000000000000000000000000000000000000000000000000000000111000000000000000000000000000
0000000000000110000000000000001111100000000000000000000000000000000000000000000000000000000000000000000000000000000000000000000000000000000000000000000011000000000000000000000000000000000000000000000000000000000000000000000001110000000000000000000000000000
0000000000000111000000000000111111000000000000000000000000000000000000000000000000000000000000000000000000000000000000000000000000000000000000000000011111000000000000000000000000000000000000000000000000000000000000000000000001100000000000000000000000000000
0000000000000011111000001111110000000000000000000000000000000000000000000000000000000000000000000000000000000000000000000000000000000000000000000011111100000000000000000000000000000000000000000000000000000000000000000000000001100000000000000000000000000000
0000000000000001111100111111100000000000000000000000000000000000000000000000000000000000000000000000000000000000000000000000000000000000000000000111110000000000000000000000000000000000000000000000000000000000000000000000000001100000000000000000000000000000
0000000000000000001111111000000000000000000000000000000000000000000000000000000000000000000000000000000000000000000000000000000000000000000000011110000000000000000000000000000000000000000000000000000000000000000000000000000001100000000000000000000000000000
0000000000000000000111100000000000000000000000000000000000000000000000000000000000000000000000000000000000000000000000000000000000000000000000111100000000000000000000000000000000000000000000000000000000000000000000000000000001100000000000000000000000000000
0000000000000000000000000000000000000000000000000000000000000000000000000000000000000000000000000000000000000000000000000000000000000000000001110000000000000000000000000000000000000000000000000000000000000000000000010000000011100000000000000000000000000000
0000000000000000000000000000000000000000000000000000000000000000000000000000000000000000000000000000000000000000000000000000000000000000000011100000000000000000000000000000000000000000000000000000000000000000000000111100000111000000000000000000000000000000
0000000000000000000000000000000000000000000000000000000000000000000000000000000000000000000000000000000000000000000000000000000000000000000111000000000000000000000000000000000000000000000000000000000000000000000000011111111110000000000000000000000000000000
0000000000000000000000000000000000000000000000000000000000000000000000000000000000000000000000000000000000000000000000000000000000000000011110000000000000000000000000000000000000000000000000000000000000000000000000000011111100000000000000000000000000000001
0000000000000000000000000000000000000000000000000000000000000000000000000000000000000000000000000000000000000000000000000000000000000001111000000000000000000000000000000000000000000000000000000000000000000000000000000000001100000000000000000000000000000011
0000000000000000000000000000000000000000000000000000000000000000000000000000000000000000000000000000000000000000000000000000000000000011110000000000000000000000000000000000000000000000000000000000000000000000000000000000001110000000000000000000000000000111
0000000000000000000000000000000000000000000000000000000000000000000000000000000000000000000000000000000000000000000000000000000000000110000000000000000000000000000000000000000010000000000000000000000000000000000000000000001100000000000000000000000011111110
0000000000000000000000000000000000000000000000000000000000000000000000000000000000000000000000000000000000000000000000000000000000001110000000000000000000000000000000000000000011000000000000000000000000000000000000000000001100000000000000000000001111111000
0000000000000000000000000000000000000000000000000000000000000000000000000000000000000000000000000000000000000000000000000000000000001100000000000000000000000000000000000000000011000000000000000000000000000000000000000000001100000000000000000000011110000000
0000000000000000000000000000000000000000000000000000000000000000000000000000000000000000000000000000000000000000000000000000000000011100000000000000000000000000000000000000000110000000000000000000000000000000000000000000001100000000000000000000111000000000
0000000000000000000000000000000000000000000000000000000000000000000000000000000000000000000000000000000000000000000000000000000000111000000000000000000000000000000000000000000110000000000000000000000000000000000000000000000110000000000000000000110000000000
0000000000000000000000000000000000000000000000000000000000000000000000000000000000000000000000000000000000000000000000000000000000110000000000000000000000000000000000000000000110000000000000000000000000000000000000000000000110000000000000000001100000000000
0000000000000000000000000000000000000000000000000000000000000000000000000000000000000000000000000000000000000000000000000000000001110000000000000000000000000000000000000000000110000000000000000000000000000000000000000000001110000000000000000011100000000000
0000000000000000000000000000000000000000000000000000000000000000000000000000000000000000000000000000000000000000000000000000000011100000000000000000000000000000000000000000000110000000000000000000000000000000000000000000111110000000000000001111000000000000
0000000000000000000000000000000000000000000000000000000000000000000000000000000000000000000000000000000000000000000000000000000111000000000000000000000000000000000000000000000111000000000000000000000000000000000000000000111000000000000000001100000000000000
0000000000000000000000000000000000000000000000000000000000000000000000000000000000000000000000000000000000000000000000000000001110000000000000000000000000000000000000000000000011000000000000000000000000000000000000000000110000000000000000011000000000000000
0000000000000000000000000000000000000000000000000000000000000000000000000000000000000000000000000000000000000000000000000000011100000000000000000000000000000000000000000000000011000000000000000000000000000000000000000000110000000000000000011000000000000000
0000000000000000000000000000000000000000000000000000000000000000000000000000000000000000000000000000000000000000000000000000011000000000000000000000000000000000000000000000000011000000000000000000000000000000000000000001110000000000000000110000000000000000
0000000000000000000000000000000000000000000000000000000000000000000000000000000000000000000000000000000000000000000000000000111000000000000000000000000000000000000000000000000011000000000000000000000000000000000000000001100000000000000000110000000000000000
0000000000000000000000000000000000000000000000000000000000000000000000000000000000000000000000000000000000000000000000000001110000000000000000000000000000000000000000000000000111000000000000000000000000000000000000000011100000000000000000110000000000000000
0000000000000000000000000000000000000000000000000000000000000000000000000000000000000000000000000000000000000000000000000011000000000000000000000000000000000000000000000000000110000000000000000000000000000000000000000011000000000000000001110000000000000000
0000000000000000000000000000000000000000000000000000000000000000000000000000000000000000000000000000000000000000000000000111000000000000000000000000000000000000000000000000001100000000000000000000000000000000000000000111000000000000000011100000000000000000
0000000000000000000000000000000000000000000000000000000000000000000000000000000000000000000000000000000000000000000000000110000000000000000000000000000000000000000000000000011100000000000000000000000000000000000000000111111000000000000111000000000000000000
0000000000000000000000000000000000000000000000000000000000000000000000000000000000000000000000000000000000000000000000001110000000000000000000000000000000000000000000000000011000000000000000000000000000000000000000000011111100000000001110000000000000000000
0000000000000000000000000000000000000000000000000000000000000000000000000000000000000000000000000000000000000000000000001100000000000000000001110000000000000000000000000001110000000000000000000000000000000000000000000000001100000000001100000000000000000000
0000000000000000000000000000000000000000000000000000000000000000000000000000000000000000000000000000000000000000000000111000000000000000000011100000000000000000000000000011110000000000000000000000000000000000000000000000011100000000011000000000000000000000
0000000000000000000000000000000000000000000000000000000000000000000000000000000000000000000000000000000000000000000001110000000000000000000011000000000000000000000000000111000000000000000000000000000000000000000000000001111000000000111000000000000000000000
0000000000000000000000000000000000000000000000000000000000000000000000000000000000000000000000000000000000000000000011100000000000000000000011000000000000000000000000000110000000000000000000000000000000000000000000000011110000000001110000000000000000000000
0000000000000000000000000000000000000000000000000000000000000000000000000000000000000000000000000000000000000000000011000000000000000000000110000000000000000000000000001100000000000000000000000000000000000000000000000011000000000011100000000000000000000000
0000000000000000000000000000000000000000000000000000000000000000000000000000000000000000000000000000000000000000001111000000000000000000000110000000000000000000000000000110000000000000011100000000000000000000000000000110000000000111000000000000000000000000
0000000000000000000000000000000000000000000000000000000000000000000000000000000000000000000000000000000000000000011110000000000000000000001100000000000000000000000000000110000000001111111000000000000000000000000000000110000000001110000000000000000000000000
0000000000000000000000000000000000000000000000000000000000000000000000000000000000000000000000000000000000000000001100000000000000000000001100000000000000000000000000000110000000011111110000000000000000000000000000000110000000011100000000000000000000000000
0000000000000000000000000000000000000000000000000000000000000000000000000000000000000000000000000000000000000000001110000000000000000000001100000000000000000000000000001100000000111000000000000000000000000000000000000110000000011000000000000000000000000000
0000000000000000000000000000000000000000000000000000000000000000000000000000000000000000000000000000000000000000000110000000000000000000001100000000000000000000000000011100000000110000000000000000000000000000000000000110000000110000000000000000000000000000
0000000000000000000000000000000000000000000000000000000000000000000000000000000000000000000000000000000000000000000110000000000000000000011000000000000000000000000000011000000000110000000000000000000000000000000000000110000000110000000000000000000000000000
0000000000000000000000000000000000000000000000000000000000000000000000000000000000000000000000000000000000000000000110000000000000000000011000000000000000000000000000011000000001100000000000000000000000000000000000001100000000110000000000000000000000000000
0000000000000000000000000000000000000000000000000000000000000000000000000000000000000000000000000000000000000000000110000000000000000000011000000000000000000000000000110000000001100000000000000000000000000000000000011000000001100000000000000000000000000000
0000000000000000000000000000000000000000000000000000000000000000000000000000000000000000000000000000000000000000001110000000000000000000011000000000000000000000000000110000000011100000000000000000000000000000000000110000000111100000000000000000000000000000
0000000000000000000000000000000000000000000000000000000000000000000000000000000000000000000000000000000000000000001110000000000000000000110000000000000000000000000001110000000011000000000000000000000000000000000001110000011110000000000000000000000000000000
0000000000000000000000000000000000000000000000000000000000000000000000000000000000000000000000000000000000000000000111000000000000000000110000000000000001000000000001100000000011000000000000000000000000000000000011111111111000000000000000000000000000000000
0000000000000000000000000000000000000000000000000000000000000000000000000000000000000000000000000000000000000000011111111110000000000000111000000000000011111111111111100000000011000000000000000000000000000000000011011111110000000000000000000000000000000000
0000000000000000000000000000000000000000000000000000000000000000000000000000000000000000000000000000000000000001111110111111111000000000011000000000000111111111111111110000000111000000000000000000000000000000000011000000000000000000000000000000000000000000
0000000000000000000000000000000000000000000000000000000000000000000000000000000000000000000000000000000000000111110000000001111110000000011000000000000110000000000000111000000110000000000000000000000000000000000011000000000000000000000000000000000000000000
0000000000000000000000000000000000000000000000000000000000000000000000000000000000000000000000000000000000011111000000000000000111110000111000000000001100000000000000011100001110000000000000000000000000000000000011100000000000000000000000000000000000000000
0000000000000000000000000000000000000000000000000000000000000000000000000000000000000000000000000000000001111100000000000000000011111111111000000000001100000000000000001111111100000000000000000000000000000000000001100000000000000000000000000000000000000000
0000000000000000000000000000000000000000000000000000000000000000000000000000000000000000000000000000000011110000000000000000000000001111111111111000011000000000000000000011111000000000000000000000000000000000000011000000000000000000000000000000000000000000
0000000000000000000000000000000000000000000000000000000000000000000000000000000000000000000000000000000111000000000000000000000000000000011111111110111000000000000000000000111000000000000000000000000000000000000111000000000000000000000111100000000000000000
0000000000000000000000000000000000000000000000000000000000000000000000000000000000000000000000000000001110000000000000000000000000000000000000001111110000000000000000000000000000000000000000000000000000000000011111000000000000000000111111100000000000000000
0000000000000000000000000000000000000000000000000000000000000000000000000000000000000000000000000000111100000000000000000000000000000000000000000001111000000000000000000000000000000000000000000000000000000000011100000000000000000111111000000000000000000000
1110000000000000000000000000000000000000000000000000000000000000000000000000000000000000000000000001110000000000000000000000000000000000000000000000011000000000000000000000000000000000000000000000000000000000011000000000000000011111000000000000000000000000
1111000000000000000000000000000000000000000000000000000000000000000000000000000000000000000000000011100000000000000000000000000000000000000000000000001100000000000000000000000000000000000000000000000000000000011000000000000000111000000000000000000000000000
0011100000000000000000000000000000000000000000000000000000000000000000000000000000000000000000000111000000000000000000000000000000000000000000000000001110000000000000000000000000000000000000000000000000000000011000000000000000110000000000000000000000000000
0001110000000000000000000000000000000000000000000000000000000000000000000000000000000000000000001110000000000000000000000000000000000000000000000000000111100000000000000000000000000000000000000000000000000000011000000000000000110000000000000000000000000000
0000110000000000000000000000000000000000000000000000000000000000000000000000000000000000000000011100000000000000000000000000000000000000000000000000000001110000000000000000000000000000000000000000000000000011111000000000000000110000000000000000000000000000
0000110000000000000000000000000000000000000000000000000000000000000000000000000000000000000000111000000000000000000000000000000000000000000000000000000000111000000000000000000000000000000000000000000000001111110000000000000000110000000000000000000000000000
0000011000000000000000000000000000000000000000000000000000000000000000000000000000000000000001110000000000000000000000000000000000000000000000000000000000011000000000000000000000000000000000000000000000001100000000000000000001100000000000000000000000000000
0000011100000000000000000000000000000000000000000000000000000000000000000000000000000000000011000000000000000000000000000000000000000000000000000000000000011100000000000000000000000000000000000000000000001110000000000000000001100000000000000000000000000000
0000001111100000000000000000000000000000000000000000000000000000000000000000000000000000000011000000000000000000000000000000000000000000000000000000000000001100000000000000000000000000000000000000000000000111100000000000000001100000000000000000000000000000
0000000011110000000000000000000000000000000000000000000000000000000000000000000000000000000110000000000000000000000000000000000000000000000000000000000000000110000000000000000000000000000000000000000000000111110000000000000011000000000000000000000000000000
0000000000111000000000000000000000000000000000000000000000000000000000000000000000000000000110000000000000000000000000000000000000000000000000000000000000000111100000000000000000000000000000000000000000001110111100000000000111000000000000000000000000000000
0000000000011000000000000000000000000000000000000000000000000000000000000000000000000000001100000000000000000000000000000000000000000000000000000000000000000001110000000000000000000000000000000000000000001100011111100000001110000000000000000000000000000000
0000000000011000000000000000000000000000000000000000000000000000000000000000000000000001111100000000000000000000000000000000000000000000000000000000000000000000111100000000000000000000000000000000000000011000000111111000011100000000000000000000000000000000
0000000000011000000110000000000000000000000000000000000000000000000000000000000000011111110000000000000000000000000000000000000000000000000000000000000000000000011111100011111111000000000000000000000001111000000000011100011000000000000000000000000000000000
0000000000011000000111000000000000000000000000000000000000000000000000000000000011111110000000000000000000000000000000000000000000000000000000000000000000000000000111111111111111111111111111111100000111110000000000001100110000000000000000000000000000000000
0000000000011000001111100000000000000000000000000000000000000000000000000000001111100000000000000000000000000000000000000000000000000000000000000000000000000000000011111100000000111111111111111111111111000000000000000111110000000000000000000000000000000000
0000000000011000001111110000000000000000000000000000000000000000000001111111111110000000000000000000000000000000000000000000000000000000000000000000000000000000000001100000000000000000001000000011111100000000000000000111100000000000000000000000000000000000
0000000000011100001110111000000000000000000000000000000000000000000111111111110000000000000000000000000000000000000000000000000000000000000000000000000000000000000001100000000000000000000000000000000000000000000000000011000000000000000000000000000000000000
0000000000001110001100011000000000000000000000000000000000000000000111000000000000000000000000000000000000000000000000000000000000000000000000000000000000000000000001100000000000000000000000000000000000000000000000000011000000000000000000000000000000000000
0000000000000110001100001100000000000000000000000000000000000000001100000000000000000000000000000000000000000000000000000000000000000000000000000000000000000000000001100000000000000000000000000000000000000000000000000111000000000000000000000000000000000000
0000000000000111011000001110000000000000000000000000000000000000001100000000000000000000000000000000000000000000000000000000000000000000000000000000000000000000000001110000000000000000000000000000000000000000000000000110000000000000000000000000000000000000
0000000000000011111000000111000000000000000000000000000000000000001100000000000000000000000000000000000000000000000000000000000000000000000000000000000000000000000000110000000000000000000000000000000000000000000000000110000000000000000000000000000000000000
0000000000000001100000000011100000000000000000000000000000000000001100000000000000000000000000000000000000000000000000000000000000000000000000000000000000000000000000111000000000000000000000000000000000000000000000000110000000000000000000000000000000000000
0000000000000000000000000000110000000000000000000000000000000000001100000000000000000000000000000000000000000000000000000000000000000000000000000000000000000000000000011000000000000000000000000000000000000000000000000011000000000000000000000000000000000000
0000000000000000000000000000111000000000000000110000000000000000011100000000000000000000000000000000000000000000000000000000000000000000000000000000000000000000000000011000000000000000000000000000000000000000000000000011000000000000000000000000000000000000
0000000000000000000000000000011000000000000001111100000000000000011000000000000000000000000000000000000000000000000000000000000000000000000000000000000000000000000000111001111100000000000000000000000000000000000000000011000000000000000000000000000000000000
0000000000000000000000000000011000000000000011101111100000000000111000000000000000000000000000000000000000000000000000000000000000000000000000000000000000000000000000111111111111000000000000000000000000000000000000000001110000000000010000000000000000000000
0000000000000000000000000000001100000000001110000111111110000001110000000000000000000000000000000000000000000000000000000000000000000000000000000000000000000000000000011111000111100000000000000000000000000000000000000000111000000001110000000000000000000000
0000000000000000000000000000001100000000011100000000111111111111100000000000000000000000000000000000000000000000000000000000000000000000000000000000000000000000000000000000000001110000000000000000000000000000000000000000011100000001100000000000000000000000
0000000000000000000000000000001110000000111000000000000001111110000000000000000000000000000000000000000000000000000000000000000000000000000000000000000000000000000000000000000000111100000000000000000000000000000000000000001111111111000000000000000000000000
0000000000000000000000000000000110000001110000000000000000001111111100000000000000000000000000000000000000000000000000000000000000000000000000000000000000000000000000000000000000001111111111000000000000000000000000000000000011111110000000000000000000000000
0000000000000000000000000000000011111111100000000000000000000011111110000000000000000000000000000000000000000000000000000000000000000000000000000000000000000000000000000000000000000011111111100000000011000000000000000000000000000000000000000000000000000000
0000000000000000000000000000000001111110000000000000000000000000000111000000000000000000000000000000000000000000000000000000000000000000000000000000000000000000000000000000000000000000100000110000000111100000000000000000000000000000000000000000000000000000
0000000000000000000000000000000000001100000000000000000000000000000011000000000000000000000000000000000000000000000000000000000000000000000000000000000000000000000000000000000000000000000000110000001111110000000000000000000000000000000000000000000000000000
0000000000000000000000000000000000001100000000000000000000000000000011000000000000000000000000000000000000000000000000000000000000000000000000000000000000000000000000000000000000000000000000110000001100110000000000000000000000000000000000000000000000000000
0000000000000000000000000000000000001100000000000000000000000000000011100000000000000000000000000000000000000000000000000000000000000000000000000000000000000000000000000000000000000000000000011000111000111000000000000000000000000000000000000000000000000000
0000000000000000000000000000000000001100000000000000000000000000000001100000000000000000000000000000000000000000000000000000000000000000000000000000000000000000000000000000000000000000000000011111110000011000000000000000000000000000000000000000000000000000
0000000000000000000000000000000000001110000000000000000000000000000001100000000000000000000000000000000000000000000000000000000000000000000000000000000000000000000000000000000000000000000000000111100000011000000000000000000000000000000000000000000000000000
0000000000000000000000000000000000000110000000000000000000000000000001110000000000000000000000000000000000000000000000000000000000000000000000000000000000000000000000000000000000000000000000000000000000011000000000000000000000000000000000000000000000000000
0000000000000000000000000000000000000110000000000000000000000000000000111100000000000000000000000000000000000000000000000000000000000000000000000000000000000000000000000000000000000000000000000000000000011000000000000000000000000000000000000000000000000000
0000000000000000000000000000000000000111000000000000000000000000000000011110000000000000000000000000000000000000000000000000000000000000000000000000000000000000000000000000000000000000000000000000000000011000000000000000000000000000000000000000000000000000
0000000000000000000000000000000000000110000000000000000000000000000000000111011100000000000000000000000000000000000000000000000000000000000000000000000000000000000000000000000000000000000000000000000000011000000000000000000000000000000000000000000000000000
0000000000000000000000000000000000000110000000000000000000000000000000000011111110000000000000000000000000000000000000000000000000000000000000000000000000000000000000000000000000000000000000000000000000011000000000000000000000000000000000000000000000000000
0000000000000000000000000000000000000110000000000000000000000000000000000011110111000000000000000000000000000000000000000000000000000000000000000000000000000000000000000000000000000000000000000000000000011000000000000000000000000000000000000000000000000000
0000000000000000000000000000000000000110000000000000000000000000000000000000000001110000000000000000000000000000000000000000000000000000000000000000000000000000000000000000000000000000000000000000000000011000000000000000000000000000000000000000000000000000
0000000000000000000000000000000000000110000000000000000000000000000000000000000000111000000000000000000000000000000000000000000000000000000000000000000000000000000000000000000000000000000000000000000000110000000000000000000000000000000000000000000000000000
0000000000000000000000000000000000000111000000000000000000000000000000000000000000011110000000000000000000000000000000000000000000000000000000000000000000000000000000000000000000000000000000000000000001110000000000000000000000000000000000000000000000000000
0000111000000000000000000000000000000011000000000000000000000000000000000000000000001111111111000011100000000000000000000000000000000000000000000000000000000000000000000000000000000000000000000000000001100000000000000000000000000000000000000000000000000000
0111111111000000000000000000000000000011110000000000000000000000000000000000000000000011111111111111110000000000000000000000000000000000000000000000000000000000000000000000000000000000000000000000000001100000000000000000000000000000000000000000000000000000
1111100111111000000000000000000000000001111000000000000000000000000000000000000000000000000111111100110000000000000000000000000000000000000000000000000000000000000000000000000000000000000000000000000001100000000000000000000000000000000000000000000000000000
1100000001111100000000000000000000000000011100000000000000000000000000000000000000000000000011000000110000000000000000000000000000000000000000000000000000000000000000000000000000000000000000000000000001100000000000000000000000000000000000000000000000000000
0000000000001110000000000000000000000000001100000000000000000000000000000000000000000000000011000000110000000000000000000000000000000000000000000000000000000000000000000000000000000000000000000000000000110000000000000000000000000000000000000000000000000000
0000000000000111000000000000000000000000011100000000000000000000000000000000000000000000000011000000110000000000000000000000000000000000000000000000000000000000000000000000000000000000000000000000000000111110000000000000000000000000000000000000000000000000
0000000000000011100000000000000000000000011000000000000000000000000000000000000000000000000111000000011000000000000000000000000000000000000000000000000000000000000000000000000000000000000000000000000000011111100000000000000000000000000000000000000000000000
0000000000000001100000000000000000000000011000000000000000000000000000000000000000000000001110000000011111100000000000000000000000000000000000000000000000000000000000000000000000000000000000000000000000000001100000000000000000000000000000000000000000000000
0000000000000001110000000000000000000000011000000000000000000000000000000000000000000000011100000000001111110110000000000000000000000000000000000000000000000000000000000000000000000000000000000000000000000000110000000000000000000000000000000000000000000000
0000000000000000111000000000000000000000011000000000000000000000000000000000000000000000011000000000000110111111100000000000000000000000000000000000000000000000000000000000000000000000000000000000000000000000111110110000000000000000000000000000000000000000
0000000000000000011000000000000000000000011100000000000000000000000000000000000000000000111000000000000000011101100000000000000000000000000000000000000000000000000000000000000000000000000000000000000000000000001111111111000000000000000000000000000000000000
0000000000000000001110000000000000000000001100000000000000000000000000000000000000000000110000000000000000000001100000000000000000000000000000000000000000000000000000000000000000000000000000000000000000000000000001001111110000000000000000000000000000000000
0000000000000000000110000000000000000000000110000000000000000000000000000000000000000000000000000000000000000011000000000000000000000000000000000000000000000000000000000000000000000000000000000000000000000000000000000001111000000000000000000000000000010000
0000000000000000000011100000000000000000000111000000000000000000000000000000000000000000000000000000000000000111000000000000000000000000000000000000000000000000000000000000000000000000000000000000000000000000000000000000011100000000000000000000000101111101
0000000000000000000011100000000000000000000001100000000000000000000000000000000000000000000000000000000000000110000000000000000000000000000000000000000000000000000000000000000000000000000000000000000000000000000000000000001111011111111000111100001111111111
