0000000000000000000000000000000000000000000000000000001110000000000000000000000001111111111000000011111110000000000000000000000000000000000000000000000000000000000000000000000000110000000000000000000000000000000000000000000000000111000001100000000000000000
1000000000000000000000000000000000000000000000000000000110000000000000000000000000111000000000000000011000000000000000000000000000000000000000000000000000000000000000000000000000110000000000000000000000000000000000000000000000000011000001100000000000000000
1100000000000000000000000000000000000000000000000000000110001110000000000000000000110000000000000000000000000000000000000000000000000000000000000000000000000000000000000000000000110000000000000000000000000000000000000000000000000001100001100000000000000000
1110000000000000000000000000000000000000000000000000000011111111111111001111111111100000000000000000000000000000000000000000000000000000000000000000000000000000000000000000000000110000000000000000000000000000000000000000000000000001110011100000000000000000
0111000000000000000000000000000000000000000000000000000011110011111111111111111111100000000000000000000000000000000000000000000000000000000000000000000000000000000000000000000000110000000000000000000000000000000000000000000000000000111011000000000000000000
0011100000000000000000000000000000000000000000000000000000000111001111110000000000000000000000000000000000000000000000000000000000000000000000000000000000000000000000000000000000110000000000000000000000000000000000000000000000000000011110000000000000000000
0001100000000000000000000000000000000000000000000000000000000110001111100000000000000000000000000000000000000000000000000000000000000000000000000000000000000000000000000000000000110000000000000000000000000000000000000000000000000000001110000000000000000000
0011000000000000000000000000000000000000000000000000000000011100001100000000000000000000000000000000000000000000000000000000000000000000000000000000000000000000000000000000000000011000000000000000000000000000000000000000000000000000000110000000000000000000
0001100000000000000000000000000000000000000000000000000000111000111100000000000000000000000000000000000000000000000000000000000000000000000000000000000000000000000000000000000000011000000000000000000000000000000000000000000000000000000110000000000000000000
0001100000000000000000000000000000000000000000000000000001110001110000000000000000000000000000000000000000000000000000000000000000000000000000000000000000000000000000000000000000011000000000000000000000000000000000000000000000000000000110000000000000000000
0011000000000000000000000000000000000000000000000000000011100001100000000000000000000000000000000000000000000000000000000000000000000000000000000000000000000000000000000000000000011000000000000000000000000000000000000000000000000000000110000000000000000000
0011000000000000000000000000000000000000000000000000000111000001100000000000000000000000000000000000000000000000000000000000000000000000000000000000000000000000000000000000000000011000000000000000000000000000000000000000000000000000000110000000000000000000
0011000000000000000000000000000000000000000000000000001110000001100000000000000000000000000000000000000000000000000000000000000000000000000000000000000000000000000000000000000000011000000000000000000000000000000000000000000000000000000110000000000000000000
0011000000000000000000000000000000000000000000000000111100000011100000000000000000000000000000000000000000000000000000000000000000000000000000000000000000000000000000000000000000111000000000000000000000000000000000000000000000000000000111000000000000000000
0011000000000000000000000000000000000000000000000011111000000011000000000000000000000000000000000000000000000000000000000000000000000000000000000000000000000000000000000000000000110000000000000000000000000000000000000000000000000000000011110000000000000000
0011000000000000000000000000000000000000000000000111100000000001100000000000000000000000000000000000000000000000000000000000000000000000000000000000000000000000000000000000000001100000000000000000000000000000000000000000000000000000000000110000000000000000
0011000000000000000000000000000000000000000000000000000000000001110000000000000000000000000000000000000000000000000000000000000000000000000000000000000000000000000000000000000001100000000000000000000000000000000000000000000000000000000000011000000000000000
0011000000000000000000000000000000000000000000000000000000000000011000000000000000000000000000000000000000000000000000000000000000000000000000000000000000000000000000000000000001100000000000000000000000000000000000000000000000000000000000011100000000000000
0110000000000000000000000000000000000000000000000000000000000000111000000000000000000000000000000000000000000000000000000000000000000000000000000000000000000000000000000000000001100000000000000000000000000000000000000000000000000000000000001110000000000000
0110000000000000000000000000000000000000000000000000000000000011111000000000000000000000000000000000000000000000000000000000000000000000000000000000000111100000000000000000000001100000000000000000000000000000000000000000000000000000000000000111000000000000
0110000000000000000000000000000000000000000000000000000000001111101100000000000000000000000000000000000000000000000000000000000000000000000000000000000111111100000000000000000001100000000000000000000000000000000000000000000000000000000000000011000000000000
0110000000000000000000000000000000000000000000000000000000001100001100000000000000000000000000000000000000000000000000000000000000000000000000000000000000011100000000000000000001100000000000000000000000000000000000000000000000000000000000000011000000000000
0110000000000000000000000000000000000000000000000000000000001100001110000000000000000000000000000000000000000000000000000000000000000000000000000000000000000110000000000000000001100000000000000000000000000000000000000000000000000000000000000011000000000000
0110000000000000000000000000000000000000000000000000000000011000000110000000000000000000000000000000000000000000000000000000000000000000000000000000000000000111111000000000000001110000000000000000000000000000000000000000000000000000000000000011000000000000
0110000000000000000000000000000000000000000000000000000000011000000111000000000000000000000000000000000000000000000000000000000000000000000000000000000000000011111100000000000000110000000000000000000000000000000000000000000000000000000000000011000000000000
1100000000000000000000000000000000000000000000000000000000011000000011000000000000000000000000000000000000000000000000000000000000000000000000000000000000000000001110000000000000011000000000000000000000000000000000000000000000000000000000000011100000000000
1100000000000000000000000000000000000000000000000000000000011000000001000000000000000000000000000000000000000000000000000000000000000000000000000000000000000000000111100000000000001100000000000000000000000000000000000000000000000000000000000001100000000000
1100000000000000000000000000000000000000000000000000000000110000000000000000000000000000000000000000000000000000000000000000000000000000000000000000000000000000000001110000000000001110000000000000000000000000000000000000000000000000000000000001110000000000
1000000000000000000000000000000000000000000000000000000000110000000000000000000000000000000000000000000000000000000000000000000000000000000000000000000000000000000000111000000000111100000000000000000000000000000000000000000000000000000000000000110000000000
1000000000000000000000000000000000000000000000000000000000010000000000000000000000000000000000000000000000000000000000000000000000000000000000000000000000000000000000011100000011111100000000000000000000000000000000000000000000000000000000000000111000000000
1000000000000000000000000000000000000000000000000000000000000000000000000000000000000000000000000000000000000000000000000000000000000000000000000000000000000000000000001110000111100000000000000000000000000000000000000000000000000000000000000000011100000000
1000000000000000000000000000000000000000000000000000000000000000000000000000000000000000000000000000000000000000000000000000000000000000000000000000000000000000000000000111001110000000000000000000000000001000000000000000000000000000000000000000001110000000
1000000000000000000000000000000000000000000000000000000000000000000000000000000000000000000000000000000000000000000000000000000000000000000000000000000000000000000000000011111100000000000000000000000000111100000000000000000000000000000000000000001110000000
1000000000000000000000000000000000000000000000000000000000000000000000000000000000000000000000000000000000000000000000000000000000000000000000000000000000000000000000000001111100000000000000000000000001111000000000000000000000000000000000001111111110000000
1000000000000000000000000000000000000000000000000000000000000000000000000000000000000000000000000000000000000000000000000000000000000000000000000000000000000000000000000000111100000000000000000000000001110000000000000000000000000000000000111111111111000000
1000000000000000000000000000000000000000000000000000000000000000000000000000000000000000000000000000000000000000000000000000000000000000000000000000000000000000000000000000011100000000000000000000000000110000000000000000000000000000000001110000000011110000
1000000000000000000000000000000000000000000000000000000000000000000000000000000000000000000000000000000000000000000000000000000000000000000000000000000000000111111110000000001110000000000000000000000000110000000000000000000000000000001111100000000000111000
1000000000000000000000000000000000000000000000000000000000000000000000000000000000000000000000000000000000000000000000000000000000000000000000000000000000001111111111100000001110000000000000000000000000110000000000000000000000000000111110000000000000011000
1000000000000000000000000000000000000000000000000000000000000000000000000000000000000000000000000000000000000000000010000000000000000000000000000000001000011100000011110000000111000000000000000000000000110000000000000000000000000001110000000000000000001100
0000000000000000000000000000000000000000000000000000000000000000000000000000000000000000000000000000000000000000001111000000000000000000000000000001111111110000000000111000000011100000000000000000000001100000000000000000000000000011100000000000000000001100
0000000000000000000000000000000000000000000000000000000000000000000000000000000000000000000000000000000000000000011111100000000000000000000000000011111111110000000000011000000001110000000000000000000001100000000000000000000000000011000000000000000000001100
0000000000000000000000000000000000000000000000000000000000000000000000000000000000000000000000000000000000000000111001111110000000000000000000001111000001000000000000011000000000111000000000000000000001100000000000000000000000000011000000000000000000001100
0000000000000000000000000000000000000000000000000000000000000000000000000000000000000000000000000000000000000111110000111111000000000000000000011100000000000000000000011110000000111000000000000000000001100000000000000000000000000011000000000000000000001100
0000000000000000000000000000000000000000000000000000000000000000000000000000000000000000000000000000000000001111100000000011000000000000000000011000000000000000000000001111111001111000000000000000000001100000000000000000000000000011100000000000000000001100
0000000000000000000000000000000000000000000000000000000000000000000000000000000000000000000000000000000000001100000000000011000000000000000011111000000000000000000000000011111111111000000000000000000001100000000000000000000000000001100000000000000000000110
0000000000000000000000000000000000000000000000000000000000000000000000000000000000000000000000000000000000001100000000000011011111000000111111110000000000000000000000000000000110011000000000000000000001111111110000000000000000000001110000000000000000000110
0000000000000000000000000000000000000000000000000000000000000000000000000000000000000000000000000000000000001100000000000011111111111111111100000000000000000000000000000000000000011000000000000000000000111111111000000000000000000000110000000000000000000110
0000000000000000000000000000000000000000000000000000000000000000000000000000000000000000000000000000000000001100000000000001110000111111000000000000000000000000000000000000000000011000000000000111110000000000011000000000000000000000110000000000000000000110
1000000000000000000000000000000000000000000000000000000000000000000000000000000000000000000000000000000000001100000000000000000000000000000000000000000000000000000000000000000000011110000001111111111111111111111000000000000000000000011000000000000000000110
1111111100000000000000000000000000000000000000000000000000000000000000000000000000000000000000000000000000001100000000000000000000000000000000000000000000000000000000000000000000001111111111111000011111111111111100000000000000000000011000000000000000000110
0111111110000000000000000000000000000000000000000000000000000000000000000000000000000000000000000000000000011100000000000000000000000000000000000000000000000000000000000000000000000011111110000000000000000000001110000000000000000000011000000000000000000110
0000000110000000000000000000000000000000000000000000000000000000000000000000000000000000000000000000000011111000000000000000000000000000000000000000000000000000000000000000000000000000000000000000000000000000000110000000000000000000001100000000000000000110
0000011110000000000000000000000000000000000000000000000000000000000000000000000000000000000000000000000111100000000000000000000000000000000000000000000000000000000000000000000000000000000000000000000000000000000110000000000000000000001100000000000000000110
0000111100000000000000000000000000000000000000000000000000000000000000000000000000000000000000000000000110000000000000000000000000000000000000000000000000000000000000000000000000000000000000000000000000000000000110000000000000000000000110000000000000000110
0000110000000000000000000000000000000000000000000000000000000000000000000000000000000000000000000000011110000000000000000000000000000000000000000000000000000000000000000000000000000000000000000000000000000000000110000000000000000000000011000000000000000111
0001100000000000000000000000000000000000000000000000000000000000000000000000000000000000000000000000111100000000000000000000000000000000000000000000000000000000000000000000000000000000000000000000000000000000000110000000000000000000000001100000000000000011
0011100000000000000000000000000000000000000000000000000000000000000000000000000000000000000000000001110000000000000000000000000000000000000000000000000000000000000000000000000000000000000000000111110000000000000110000000000000000000000001110000000000000001
0111000000000000000000000000000000000000000000000000000000000000000000000000000000000000000000000011100000000000000000000000000000000000000000000000000000000000000000000000000000000000000000011111111111000000001110000000000000000000000000111000000000000000
1110000000000000000000000000000000000000000000000000000000000000000000000000000000000000011000000111000000000000000000000000000000000000000000000000000000000000000000000000000000000000000000111100001111110000001100000000000000000000000000011100000000000000
1110000000000000000000000000000000000000000000000000000000000000000000000000000000000000111110011110000000000000000000000000000000000000000000000000000000000000000000000000000000000000000001110000000000111110001100000000000000000000000000001110000000000000
0111000000000000000000000000000000000000000000000000000000000000000000000000000000000001111111111000000000000000000000000000000000000000000000000000000000000000000000000000000000000000000001100000000000001111111000000000000000000000000000000110000000000000
0011100000000000000000000000000000000000000000000000000000000000000000000000000000000011100001100000000000000000000000000000000000000000000000000000000000000000000000000000000000000000000001100000000000000001111000000000000000000000000000000111000000000000
0001110000000000000000000000000000000000000000000000000000000000000000000000000000000111000000000000000000000000000000000000000000000000000000000000000000000000000000000000000000000000000001100000000000000000011000000000000000000000000000000011000000000000
0000111000000000000000000000000000000000000000000000000000000000000000000000000000000000000000000000000000000000000000000000000000000000000000000000000000000000000000000000000000000000000001100000000000000000011000000000000000000000000000000011000000000000
0000011000000000000000000000000000000000000000000000000000000000000000000000000000000000000000000000000000000000000000000000000000000000000000000000000000000000000000000000000000000000000011100000000000000000011000000000000000000000000000000011000000000000
0000001100000000000000000000000000000000000000000000000000000000000000000000000000000000000000000000000000000000000000000000000000000000000000000000000000000000000000000000000000000000000011000000000000000000011100000000000000000000000000000011000000000000
0000001110000000000000000000000000000000000111000000000000000000000000000000000000000000000000000000000000000000000000000000000000000000000000000000000000000000000000000000000000000000000011000000000000000000001100000000000000000000000000000011000000000000
0000000110000000000000000000000000000000001110000000000000000000000000000000000000000000000000000000000000000000000000000000000000000000000000000000000000000000000000000000000000000000000011000000000000000000001110000000000000000000000000000111000000000000
0000000011000000000000000000000000000000001100000000000000000000000000000000000000000000000000000000000000000000000000000000000000000000000000000000000000000000000000000000000000000000000011000000000000000000000111100000000000000000000000001110000000000000
0000000011100000000000000000000100000000111100000000000000000000000000000000000000000000000000000000000000000000000000000000000000000000000000000000000000000000000000000000000000000000000011000000000000000000000001111111111111111111000001111100000000000000
0000000001110000000000000000001100000001110000000000000000000000000000000000000000000000000000000000000000000000000000000000000000000000000000000000000000000000000000000000000000000000000111000000000000000000000000111111111111111111111111111000000000000000
0000000000111100000000000000001100000011100000000000000000000000000000000000000000000000000000000000000000000000000000000000000000000000000000000000000000000000000000000000000000000000000110000000000000000000000000000001100000000000111111100000000000000000
0000000000011110000000000000001100001111000000000000000000000000000000000000000000000000000000000000000000000000000000000000000000000000000000000000000000000000000000000000000000000000001110000000000000000000000000000011100000000000000011100000000000000000
0000000000000111000000000000000110111110000000000000000000000000000000000000000000000000000000000000000000000000000000000000000000000000000000000000000000000000000000000000000000000000001100000000000000000000000000000011000000000000000011000000000000000000
0000000000000110000000000000000111110000000000000000000000000000000000000000000000000000000000000000000000000000000000000000000000000000000000000000000000000000000000000000000000000000001100000000000000000000000000000011000000000000000011100000000000000000
0000000000000110000000000000000111100000000000000000000000000000000000000000000000000000000000000000000000000000000000000000000000000000000000000000000000000000000000000000000000000000001100000000000000000000000000000011000000000000000011100000000000000000
0000000000000110001111000000000111100000000000000000000000000000000000000000000000000000000000000000000000000000000000000000000000000000000000000000000000000000000000000000000000000000001110000000000000000000000000000110000000000000011111000000000000000000
0000000000000111111111111000000111000000000000000000000000000000000000000000000000000000000000000000000000000000000000000000000000000000000000000000000000000000000000000000000000000000000110000000000000000000000000000110000000000001111110000000000000000000
0000000000000111110001111100000110000000000000000000000000000000000000000000000000000000000000000000000000000000000000000000000000000000000000000000000000000000000000000000000000000000000011000000000000000000000000001100000000000011110000000000000000000000
0000000000000011000000001110000110000000000000000000000000000000000000000000000000000000000000000000000000000000000000000000000000000000000000000000000000000000000000000000000000000000000011100000000000000000000000011100000000000111000000000000000000000000
0000000000000000000000000110000110000000000000000000000000000000000000000000000000000000000000000000000000000000000000000000000000000000000000000000000000000000000000000000000000000000000001100000000000000000000000011000000000001110000000000000000000000000
0000000000000000000000000111001100000000000000000000000000000000000000000000000000000000000000000000000000000000000000000000000000000000000000000000000000000000000000000000000000000000000000110000000000000000000010111000000000011100000000000000000000000000
0000000000000000000000000011101100000000000000000000000000000000000000000000000000000000000000000000000000000000000000000000000000000000000000000000000000000000000000000000000000000000000000111000000000000000111111110000000000011000000000000000000000000000
0000000000000000000000000001111000000000000000000000000000000000000000000000000000000000000000000000000000000000000000000000000000000000000000000000000000000000000000000000000000000000000000011100000000000011111101110000000000110000000000000000000000000000
0000000000000000000000000000111000000000000000000000000000000000000000000000000000000000000000000000000000000000000000000001100000000000000000000000000000000000000000000000000000000000000000011100000000000111000000110000000000110000000000000000000000000000
0000000000000000000000000000011100000000000000000000000000000000000000000000000000000000000000000000000000000000000000000001100000000000000000000000000000000000000000000000000000000000000001111100000000001110000000110000000000110000000000000000000000000000
0000000000000000000000000000001111000000000000000000000000000000000000000000000000000000000000000000000000000000000000000001110000000000000000000000000000000000000000000000000000000000011111110000000000011100000001100000000000110000000000000000000000000000
0000000000000000000000000000000111111110000000000000000000000000000000000000000000000000000000000000000000000000000000000000111000000000000000000000000000000000000000000000000000000001111111100000000000011000000001100000000000110000000000000000000000000000
0000000000000000000000000000000000111111000000000000000000000000000000000000000000000000000000000000000000000000000000000000011111100000000000000000000000000000000000000000000000000111110001100000000000000000000001100000000000110000000000000000000000000000
0000000000000000000000000000000000000011000000000000000000000000000000000000000000000000000000000000000000000000000000000000001111100000000000000000110000000000000000000000000000001111000001100000000000000000000001100000000000110000000000000000000000000000
0000000000000000000000000000000000000001100000000000000000000000000000000000000000000000000000000000000000000000000000000000000001100000000000000001110000000000000000000000000000111100000001100000000000000000000011000000000000110000000000000000000000000000
0000000000000000000000000000000000000001100000000000000000000000000000000000000000000000000000000000000000000000000000000000000011100000000000000001100000000000000000000000000001110000000001100000000000000000000011000000000000110000000000000000000000000000
0000000000000000000000000000000000000001110000000000000000000000000000000000000000000000000000000000000000000000000000000000000011000000000000000001100000000000000000000000000111100000000001100000000000000000000011000000000000110000000000000000000000000000
0000000000000000000000000000000000000000110000000000000000000000000000000000000000000000000000000001000000000000000000000000000011111000000000000111100000000000000000000000001111000000000001100000000000000000000011000000000000110000000000000000000000000000
0000000000000000000000000000000000000000111000000000000000000000000000000000000000000000000000000001100000000000000000000000000001111110000000000110000000000000000000000000011100000000000000110000000000000000000011000000000000110000000000000000000000000000
0000000000000000000000000000000000000000011000000000000000000000000000010000000000000000000000000001110000000000000000000000000000000111100000001110000000000000000000000001111000000000000000110000000000000000000011000000000000111000000000000000000000000000
0000000000000000000000000000000000000000001100000000000000000000000000110000000000000000000000000000110000000000000000000000000000000011110000111110000000000000000000000001100000000000000000110000000000000000000110000000000000110000000000000000000000000000
0000000000000000000000000000000000000000001110000000000000000000000000110000000000000000000000000000011000000000000000000000000000000000111011111111100000000000000000000011000000000000000000110000000000000000000110000000000000111000000000000000000000000000
0000000000000000000000000000000000000000000110000000000000000000000000110000000000000000000000000000011110000000000000000000000000000000011111101111100000000000000000011110000000000000000000110000000000000000001100000000000000011100000000000000000000000000
0000000000000000000000000000000000000000000011000000000000000000000000110000000000000000000000000000001111111000000000000000000000000000001100000001110000000000000000111100000000000000000000110000000000000000001100000000000000001110000000000000000000000000
0000000000000000000000000000000000000000000011000000000000000000000000110000000000000000000000000000000011111100000000000000000000000000000000000000110000000000000000110000000000000000000000111000000000000000011100000000000000001110000000000000000000000000
0000000000000000000000000000000000000000000001100000000000000000000000110000000000000000000000000000000000001110000000000000000000000000000000000000011000110000000001110000000000000000000000011000000000000000001000000000000000001110000000000000000000000000
0000000000000000000000000000000000000000000001100000000000000000000000111000000000000000000000000000000000000111000000000000000000000000000000000000011001111100000001100000000000000000000000011000000000000000000000000000000000000111000000000000000000000000
0000000000000000000000000000000000000000000000110000000000000000000001110000000000000000000000000000000000000011100000000000000000000000000000000000011111101110000001100000000000000000000000011100000000000000000000000000000000000011000000000000000000000000
0000000000000000000000000000000000000000000000111100000000000000000001100000000000000000000000000000000000000001110000000000000000000000000000000000001111100111100001100000000000000000000000001110000000000000000000000000000000000001100000000000000000000000
0000000000000000000000000000000000000000000000011111000000000000000011100000000000000000000000000000000000000000111000000000000000000000000000000000000111110001110011100000000000000000000000000111000000000000000000000000000000000000110000000000000000000000
0000000000000000000000000000000000000000000000000111100000000000000111100000000000000000000000000000000000000000011000000000000000000000000000000000000000110000111111000000000000000000000000000011100000000000000000000000000000000000011000000000000000000000
0000000000000000000000000000000000000000000000000001100000000000000110000000000000000000000000000000000000000000011100000000000000000000000000000000000000110000011110000000000000000000000000000001100000000000000000000000000000000000001000000000000000000000
0000000000000000000000000000000000000000000000000001110000000000000110000000000000000000000000000000000000000000001100000000000000000000000000000000000000110000000000000000000000000000000000000000110000000000000000000000000000000000000000000000000000000000
0000000000000000000000000000000000000000000000000000111000000000001110000000000000000000000000000000000000000000001100000000000000000000000000000000000001110000000000000000000000000000000000000000110000000000000000000000000000000000000000000000000000000000
0000000000000000000000000000000000000000000000000000011111000111111100000000000000000000000000000000000000000000000110000000000000000000000000000000000000111110000000000000000000000000000000000001111000000000000000000000000000000000000000000000000000000000
0000000000000000000000000000000000000000000000000000001111111111110000000000000000000000000000000000000000000000000111000000000000000000000000000000000000001111000000000000000000000000000000000000111000000000000000000000000000000000000000000000000000000000
0000000000000000000000000000000000000000000000000000000001111100000000000000000000000000000000000000000000000000000011100000000000000000000000000000000000000011100000000000000000000000000000000000011000000000000000000000000000000000000000000000000000000000
0000000000000000000000000000000000000000000000000000000000111000000000000000000000000000000000000000000000000000000001110000000000000000000000000000000000000001100000000000000000000000000000000000011000000000000000000000000000000000000000000000000000000000
0000000000000000000000000000000000000000000000000000000000011100000000000000000000000000000000000000000000000000000000111100000000000000000000000000000000000011000000000000000000000000000000000000001100000000000000000000000000000000000000000000000000000000
0000000000000000000000000000000000000000000000000000000000001100000000000000000000000000000000000000000000000000000000011110000000000000000000000000000000001111000000000000000000000000000000000000001110000000000000000000000000000000000000000000000000000000
0000000000000000000000000000000000000000000000000000000000001100000000000000000000000000000000000000000000000000000000000111110000000000000000000000000000011100000000000000000000000000000000000000000111000000000000000000000000000000000000000000000000000000
0000000000000000000000000000000000000000000000000000000000001100000000000000000000000000000000000000000000000000000000000001111111100000000000000000000000111000000000000000000000000000000000000000000011000000000000000000000000000000000000000000000000000000
0000000000000000000000000000000000000000000000000000000000001100000000000000000000000000000000000000000000000000000000000011111111110000000000000000000000110000000000000000000000000000000000000000000011000000000000000000000000000000000000000000000000000000
0000000000000000000000000000000000000000000000000000000000011100000000000000000000000000000000000000000000000000000000000011000000111110000000000000000011100000000000000000000000000000000000000000000001000000000000000000000000000000000000000000000000000000
0000000000000000000000000000000000000000000000000000000001111000000000000000000000000000000000110000000000000000011000000011000000011111100000001111111111000000000000000000000000000000000000000000000000000000000000000000000000000000000000000000000000000000
0000000000000000000000000000000000000000000000000000000011110000000000000000000000000000000001111111111110000011111100000111000000000011111111111111111110000000000000000000000000000000000000000000000000000000000000000000000000000000000000000000000000000000
0000000000000000000000000000000000000000000000000000000110000000000000000000000000000000000011101111111111111111110110000110000000000000011111110111001100000000000000000000000000000000000000000000000000000000000000000000000000000000000000000000000000000000
0000000000000000000000000000000000000000000000000000001110000000000000000000000000000000000110000000000001111110000111000110000000000000000000001110001100000000000000000000000000000000000000000000000000000000000000000000000000000000000000000000000000000000
0000000001000000000000000000000000000000000000000000011100000000000000000000000000000000000110000000000000000000000011111110000000000000000000001100001100000000000000000000000000000000000000000000000000000000000000000000000000000000000000000000000000000000
0000000011100000000000000000000000000000000000000000111000000000000000000000000000000000001110000000000000000000000001111100000000000000000000001100001100000000000000000000000000000000000000000000000000000000000000000000000000000000000000000000000000000000
0000000011000000000000000000000000000000000000000001110000000000000000000000000000000000001100000000000000000000000000000000000000000000000000011100001110000000000000000000000000000000000000000000000000000000000000000000000000000000000000000000000000000000
1000000111000000000000000000000000000000000000000001100000000000000000000000000000000000011000000000000000000000000000000000000000000000000000011000000011000000000000000000000000000000000000000000000000000000000000000000000000000000000000000000000000000000
1100000110000000000000000000000000000000000000000000110000000000000000000000000000000000111000000000000000000000000000000000000000000000000000110000000011000000000000000000000000000000000000000000000000000000000000000000000000000000000000000000000000000000
1111111110000000000000000000000000000000000000000000111000000000000000000000000000000001110000000000000000000000000000000000000000000000000000110000000001100000000000000000000000000000000000000000000000000000000000000000000000000000000000000000000000000000
0111111100000000000000000000000000000000000000000000001100000000000000000000000000000011100000000000000000000000000000000000000000000000000000110000000001110000000000000000000000000000000000000000000000000000000000000000000000000000000000000000000000000000
0111000000000000000000000000000000000000000000000000001110000000000000000000000000011111000000000000000000000000000000000000000000000000000000110000000000110000000000000000000000000000000000000000000000000000000000000000000000000000000000000000000000000000
0110000000000000000000000000000000000000000000000000000110000000000000000000000001111100000000000000000000000000000000000000000000000000000000111000000000111000000000000000000000000000000000000000000000000000000000000000000000000000000000000000000000000011
1110000000000000000000000000000000000000000000000000000111000000000000000000000001100000000000000000000000000000000000000000000000000000000000011000000000011000000000000000000000000000000000000000000000000000000000000000000000000000000000000000000000000111
1100000000000000000000000000000000000000000000000000000011100000000000000000000001100000000000000000000000000000000000000000000000000000000000011000000000011100000000000000000000000000000000000000000000000000000000000000000000000000000000000000000000001110
1000000000000000000000000000000000000000000000000000000001100000000000000000000011000000000000000000000000000000000000000000000000000000000000111000000000001110000000000000000000000000000000000000000000000000000000000000000000000000000000000000000000011100
1000000000000000000000000000000000000000000000000000000011110000000000000000000011000000000000000000000000000000000000000000000000000000000011111000000000000111000000000000000000000000000000000000000000000000000000000000000000000000000000000000000000111000
1000000000000000000000000000000000000000000000000000111111110000000000001111100011000000000000000000000000000000000000000000000000000000000111000000000000000011000000000000000000000000000000000000000000000000000000000000000000000000000000000000000000110000
1000000000000000000000000000000000000000000000000011111110011000000111111111111111000000000000000000000000000000000000000000000000000000001110000000000000000111000000000000000000000000000000000000000000000000000000000000000000000000000000000000000001100000
0000000000000000000000000000000000000000000000111111000000011111111111111000011111000000000000000000000000000000000000000000000000000000011100000000000000000111100000000000000000000000000000000000000000000000000000000000000000000000000000000000000111000000
0000000000000000000000000000000000000000000000111110000000001111111000000000000000000000000000000000000000000000000000000000000000000000011000000000000000000011110000000000000000000000000000000000000000000000000000000000000000000000000000000000011110000000
0000000000000000000000000000000000000000000000000000000000000011100000000000000000000000000000000000000000000000000000000000000000000000011000000000000000000000111100000000000000000000000000000000000000000000000000000000000000000000000000000000111000000000
0000000000000000000000000000000000000000000000000000000000000011000000000000000000000000000000000000000000000000000000000000000000000000111000000000000000000000011100000000000000000000000000000000000000000000000000000000000000000000000000000001110000000000
0000000000000000000000000000000000000000000000000000000000000011100000000000000000000000000000000000000000000000000000000000000000000000110000000000000000000000001110000000000000000000000000000000000000000000000000000000000000000000000000000011100000000000
0000000000000000000000000000000000000000000000000000000000000011000000000000000000000000000000000000000000000000000000000000000000000001110000000000000000000000000110000000000000000000000000000000000000000000000000000000000000000000000000000011000000000000
0000000000000000000000000000000000000000000000000000000000000011000000000000000000000000000000000000000000000000000000000000000000000001110000000000000000000000000111100000000000000000000000000000000000000000000000000000000000000000000000000011000000000000
0000000000000000000000000000000000000000000000000000000000000011000000000000000000000000000000000000000000000000000000000000000000000001100000000000000000000000000011100000000000000000000000000000000000000000000000000000000000000000000000000111000000000000
0000000000000000000000000000000000000000000000000000000000000011100000000000000000000000000000000000000000000000000000000000000000000011000000000000000000000000000001100000000000000000000000000000000000000000000000000000000000000000000000001111000000000000
0000000000000000000000000000000000000000000000000000000000000001100000000000000000000000000000000000000000000000000000000000000000000111000000000000000000000000000001100000000000000000000000000000000000000000000000000000000000000000000000001100000000000000
0000000000000000000000000000000000000000000000000000000000000001110000000000000000000000000000000000000000000000000000000000000000001110000000000000000000000000000000110000000000000000000000000000000000000000000000001100000000000000000000011100000000000000
0000000000000000000000000000000000000000000000000000000000000000100000000000000000000000000000000000000000000000000000000000000000001100000000000000000000000000000000110000000000000000000000000000000000000000000000001100000000000000000000011000000000000000
0000000000000000000000000000000000000000000000000000000000000000000000000000000000000000000000000000000000000000000000000000000000001100000000000000000000000000000000100000000000000000000000000000000000000000000000001110000000000000000000001000000000000000
0000000000000000000000000000000000000000000000000000000000000000000000000000000000000000000000000000000000000000000000000000000000001100000000000000000000000000000000000000000000000000000000000000000000000000000000000110000000000000000000000000000000000000
0000000000000000000000000000000000000000000000000000000000000000000000000000000000000000000000000000000000000000000000000000000000001100000000000000000000000000000000000000000000000000000000000000000000000000000000000110000000000000000000000000000000000000
0000000000000000000000000000000000000000000000000000000000000000000000000000000000000000000000000000000000000000000000000000000000001100000000000000000000000000000000000000000000000000000000000000000000000000000000000110000000000000000000000000000000000000
0000000000000000000000000000000000000000000000000000000000000000000000000000000000000000000000000000000000000000000000000000000000001100000000000000000000000000000000000000000000000000000000000110000000000000000000000110000000000000000000000000000000000000
0000000000000000000000000000000000000000000000000000000000000000000000000000000000000000000000000000000000000000000000000000000000001100000000000000000000000000000000000000000000000000000000000111000000000000000000000110000000000000000000000000000000000000
0000000000000000000000000000000000000000000000000000000000000000000000000000000000000000000000000000000000000000000000000000000001111100000000000000000000000000000000000000000000000000000000000011000000000000000000000110000000000000000000000000000000000000
0000000000000000000000000000000000000000000000000000000000000000000000000000000000000000000000000000000000000000000000000000000011111000000000000000000000000000000000000000000000000000000000000011100000000000000000000110000000000000000000000000000000000000
0000000000000000000000000000000000000000000000000000000000000000000000000000000000000000000000000000000000000000000000000000000111000000000000000000000000000000000000000000000000000000000000000001100000000000000000000110000000000000000000000000000000000000
0000000000000000000000000000000000000000000000000000000000000000000000000000000000000000000000000000000000000000000111110000001100000000000000000000000000000000000000000000000000000000000000000001100000000000000000000111000000000000000000000000000000000000
0000000000000000000000000000000000000000000000000000000000000000000000000000000000000000000000000000000000000000001111111101001100000000000000000000000000000000000000000000000000000000000000000000110000000000000000000011000000000000000000000000000000000000
0000000000000000000000000000000000000000000000000000000000000000000000000000000000000000000000000000000000000000011100011111111100000000000000000000000000000000000000000000000000000000000000000000110000000000000000000001100000000000000000000000000000000000
0000000000000000000000000000000000000000000000000000000000000000000000000000000000000000000000000000000000000000111000000110111110000000000000000000000000000000000000000000000000000000000000000000111000000000000000000000111000000000000000000000000000000000
0000000000000000000000000000000000000000000000000000000000000000000000000000000000000000000000000000000000000011110000000000000111000000000000000000000000000000000000000000000000000000000000000000011100000000000000000000011100000000000000000000000000000000
0000000000000000000000000000000000000000000000000000000000000000000000000000000000000000000000000000000000000111100000000000000011100000000000000000000000000000000000000000000000000000000000000000001111000000000000000000001110000000000000000000000000000000
0000000000000000000000000000000000000000000000000000000000000000000000000000000000000000000000000000000000000110000000000000000001110000000000000000000000000000000000000000000000000000000000000000000011000000000000000000000111000000000000000000000000000000
0000000000000000000000000000000000000000000000000000000000000000000000000000000000000000000000000000000000000111000000000000000000111000000000000000000000000000000000000000000000000000000000000000000011000000000000000000000011100000000000000000000000000000
0000000000000000000000000000000000000000000000000000000000000000000000000000000000000000000000000000000000000110000000000000000000011000000000000000000000000000000000000000000000000000000000000000000011000000000000000000000001110000000000000000000000000000
0000000000000000000000000000000000000000000000000000000000000000000000000000000000000000000000000000000000001110000000000000000000011000000000000000000000000000000000000000000000000000000000000000000011000000000000000000000000110000000000000000000000000000
0001111100000000000000000000000000000000000000000000000000000000000000000000000000000000000000000000000000001110000000000000000000011000000000000000000000000000000000000000000000000000000000000000000111000000000000000000000000111000000000000000000000000000
1111111111111111100000000000000000000000000000000000000000000000000000000000000000000000000000000000000000000110000000000000000000011000000000000000000000000000000000000000000000000000000000000000000011000000000000000000000000011000000000000000000000000000
1111000111111111111100000000000000000000000000000000000000000000000000000000000000000000000000000000000000000110000000000000000000111000000000000000000000000000000000000000000000000000000000000000000011100000000000000000000000011000000000000000000000000000
0000000000000000111111000000000000000000000000000000000000000000000000000000000000000000000000000000000000000110000000000000000000110000000000000000000000000000000000000000000000000000000000000000000001100000000000000000000000011000000000000000000000000000
0000000000000000000111111100000000000000000000000000000000000000000000000000000000000000000000000000000000000110000000000000000001100000000000000000000000000000000000000000000000000000000000000000000001110000000000000000000000011000000000000000000000000000
0000000000000000000001111110000000000000000000000000000000000000000000000000000000000000000000000000000000000011000000000000000001100000000000000000000000000000000000000000000000000000000000000000000000111100000000000000000000011000000000000000000000000000
0000000000000000000000000110000000000000000000000000000000000000000000000000000000000000000000000000000000000111000000000000000000000000000000000000000000000000000000000000000000000000000000000000000000001111000000000000000000011000000000000000000000000000
0000000000000000000000000000000000000000000000000000000000000000000000000000000000000000000000000000000000000011000000000000000000000000000000000000000000000000000000000000000000000000000000000000000000000111100000000000000000011000000000000000000000000000
0000000000000000000000000000000000000000000000000000000000000000000000000000000000000000000000000000000000000011000000000000000000000000000000000000000000000000000000000000000000000000000000000000000000000001110000000000000000110000000000000000000000000000
0000000000000000000000000000000000000000000000000000000000000000000000000000000000000000000000000000000000000000000000000000000000000000000000000000000000000000000000000000000000000000000000000000000000000000111100000000000000110000000000000000000000000000
0000000000000000000000000000000000000000000000000000000000000000000000000000000000000000000000000000000000000000000000000000000000000000000000000000000000000000000000000000000000000000000000000000000000000000011110000000000000110000000000000000000000000000
0000000000000000000000000000000000000000000000000000000000000000000000000000000000000000000000000000000000000000000000000000000000000000000000000000000000000000000000000000000000000000000000000000000000000000000111000000000001100000000000000000000000000000
0000000000000000000000000000000000000000000000000000000000000000000000000000000000000000000000000000000000000000000000000000000000000000000000000000000000000000000000000000000000011000000000000000000000000000000011100000000001100000000000000000000000000000
0000000000000000000000000000000000000000000000000000000000000000000000000000000000000000000000000000000000000000000000000000000000000000000000000000000000000000000000000000000001111111000000000000000000000000000001110000000011100000000000000000000000000000
0000000000000000000000000000000000000000000000000000000000000000000000000000000000000000000000000000000000000000000000000000000000000000000000000000000000000000000000000000001111111111100000000000000000000000000000110000000011000000000000000000000000000000
0000000000000000000000000000000000000000000000000000000000000000000000000000000000000000000000000000000000000000000000000000000000000000000000000000000000000000000000000011111111000001110000000000000000000000000000111000000110000000000000000000000000000000
0000000000000000000000000000000000000000000000000000000000000000000000000000000000000000000000000000000000000000000000000000000000000000000000000000000000000000000000000011110000000000110000000000000000000000000000011000001110000000000000000000000000000000
0000000000000000000000000000000000000000000000000000000000000000000000000000000000000000000000000000000000000000000000000000000000000000000000000000000000000000000000000000000000000000110000000000000000000000000000011000001100000000000000000000000000000000
0000000000000000000000000000000000000000000000000000000000000000000000000000000000000000000000000000000000000000000000000000000000000000000000000000000000000000000000000000000000000000110000000000000000000000000000011000001100000000000000000000000000000000
0000000000000000000000000000000000000000000000000000000000000000000000000000000000000000000000000000000000000000000000000000000000000000000000000000000000000000000000000000000000000000011000000000000000000000000000011000001100000000000000000000000000000000
0000000000000000000000000000000000000000000000000000000000000000000000000000000000000000000000000000000000000000000000000000000000000000000000000000000000000000000000000000000000000000011000000000000000000000000000001000001100000000000000000000000000000000
0000001000000000000000000000000000000000000000000000000000000000000000000000000000000000000000000000000000000000000000000000000000000000000000000000000000000000000000000000000000000000011000000000000000000000000000000000000000000000000000000000000000000000
1111111110000000000000000000000000000000000000000000000000000000000000000000000000000000000000000000000000000000000000000000000000000000000000000000000000000000000000000000000000000000011100000000000000000000000000000000000000000000000000000000000000000000
1111110110000000000000000000000000000000000000000000000000000000000000000000000000000000000000000000000000000000000000000000000000000000000000000000000000000000000000000000000000000000001111000000000000000000000000000000000000000000000000000000000000000000
1110000000000000000000000000000000000000000000000000000000000000000000000000000000000000000000000000000000000000000000000000000000000000000000000000000000000000000000000000000000000000000111100000000000000000000000000000000000000000000000000000000000000000
0011000000000000000000000000000000000000000000000000000000000000010000000000000000000000000000000000000000000000000000000000000000000000000000000000000000000000000000000000000000000000000001110000000000000000000000000000000000000000000000000000000000000000
0011000000000000000000000000000000000000000000000000000000000000011000000000000000000000000000000000000000000000000000000000000000000000000000000000000000000000000000000000000000000000000000111000000000000000000000000000000000000000000000000000000000000000
0011000000000000000000000000000000000000000000000000000000000000011000000000000000000000000000000000000000000000000000000000000000000000000000000000000000000000000000000000000000000000000000011100000000000000000000000000000000000000000000000000000000000000
0011000000000000000000000000000000000000000000000000000000000000011000000000000000000000000000000000000000000000000000000000000000000000000000000000000000000000000000000000000000000000000000001100000000000000000000000000000000000000000000000000000000000000
0010000000000000000000000000000000000000000000000000000000000000110000000000000000000000000000000000000000000000000000000000000000000000000000000000000000000000000000000111000000000000000000000110000000000000000000000000000000000000000000000000000000000000
0000000000000000000000000000000000000000000000000000000000000000110000000000000000000000000000000000000000000000000000000000000000000000000000000000000000000000000111111111110000000000000000000110000000000000000000000000000000000000000000000000000000000000
0000000000000000000000000000000000000000000000000000000000000001100000000000000000000000000000000000000000000000000000000000000000000000000000000000000000000000000111111000111000000000000000000111000000000000000000000000000000000000000000000000000000000000
0000000000000000000000000000000000000000000000000000000000000011100000000000000000000000000000000000000000000000000000000000000000000000000000000000000000000000000000000000011110000000000000000011100000000000000000000000000000000000000000000000000000000000
0000000000000000000000000000000000000000000000000000000000000011000000000000000000000000000000000000000000000000000000000000000000000000000000000000000000000000000000000000000111000000000000000001110000000000000000000000000000000000000000000000000000000000
0000000000000000000000000000000000000000000000000000000000000011000000000000000000000000000000000000000000000000000000000000000000000000000000000000000000100000000000000000000011100000000000000000110000000000000000000000000000000000000000000000000000000000
0000000000000000000000000000000000000000000000000000000000000001100000000000000000000000000000000000000000000000000000000100000000000000000000000000000001100000000000000000000001111000000000000000110000000000000000000000000000000000000000000000000000000000
0000000000000000000000000000000000000000000000000000000000000011100000000000000000000000000000000000000000000000000000000110000000000000000000000000000001100000000000000000000000011110000000000000111000000000000000000000000000000000000000000000000000000000
0000000000000000000000000000000000000000000000000000000000000111000000000000000000000000000000001100000000000000000000000110000000000000000000000000000001100000000000000000000000001111000000000000011100000000000000000000000000000000000000000000000000000000
0000000000000000000000000000000000000000000000000000000000001110000000000000000000000000000000001110000000000000000000000110000000000000000000000000000001100000000000000000000000000011111000000000001100000000000000000000000000000000000000000000000000000000
0000000000000000000000000000000000000000000000000000000000001100000000000000000000000000000000000111100000000000000000000110000000000000000000000000000001100000000000000000000000000000111111100000000000000000000000000000000000000000000000000000000000000000
0000000000000000000000000000000000000000000000000000000000001100000000000000000000000000000000000001110000000000000000000110000000000000000000000000000001100000000000000000000000000000000111111100000000000000000000000000000000000000000000000000000000000000
0000000000000000000000000000000000000000000000000000000000001100000000000000000000000000000000000000111000000000000000000110000000000000000000000000000001100000000000000000000000000000000000111110000000000000000000000000000000000000000000000000000000000000
0000000000000000000000000000000000000000000000000000000000001100000000000000000000000000000000000000111100000000000000000110000000000000000000000000000001100000000000000000000000000000000000000110000000000000000000000000000000000000000000000000000000000000
0000000000000000000000000000000000000000000000000000000000011100000000000000000000000000000000000000001111000000000000000110000000000000000000000000000001100000000000000000000000000000000000000110000000000000000000000000000000000000000000000000000000000000
0000000000000000000000000000000000000000000000000000000000011000000000000000000000000000000000000000000011100000000000000110000000000000000000000000000001100000000000000000000000000000000000000110000000000000000000000000000000000000000000000000000000000000
0000000000000000000000000000000000000000000000000000000000001100000000000000000000000000000000000000000001110000000000000110000000000000000000000000000001100000000000000000000000000000000000000000000000000000000000000000000000000000000000000000000000000000
0000000000000000000000000000000000000000000000000000000000001100000000000000000000000000000000000000000000111111000000000111000000000000000000000000000001100000000000000000000000000000000000000000000000000000000000000000000000000000000000000000000000000000
0000000000000000000000000000000000000000000000000000000000001100000000000000000000000000000000000000000000011111110000000011000000000000000000000000000001110000000000000000000000000000000000000000000000000000000000000000000000000000000000000000000000000000
0000000000000000000000000000000000000000000000000000000000001100000000000000000000000000000000000000000000000001111000000011000000000000000000000000000001110000000000000000000000000000000000000000000000000000000000000000000000000000000000000000000000000000
0000000000000000000000000000000000000000000000000000000000001100000000000000000000000000000000000000000000000000011110000011000000000000000000000000000001110000000000000000000000000000000000000000000000000000000000000000000000000000000000000000000000000000
0000000000000000000000000000000000000000000000000000000000001100000000000000000000000000000000000000000000000000001111100001100000000000000000000000000001100000000000000000000000000000000000000000000000000000000000000000000000000000000000000000000000000000
0000000000000000000000000000000000000000000000000000000000001100000000000000000000000000000000000000000000000000000001110001100000000000000000000000000001100000000000000000000000000000000000000000000000000000000000000000000000000000000000000000000000000000
0000000000000000000000000000000000000000000000000000000000001100000000000000000000000000000000000000000000000000000000111111110000000000000000000000000001100000000000000000000000000000000000000000000000000000000000000000000000000000000000000000000000000000
0000000000000000000000000000000000000000000000000000000000011100000000000000000000000000000000000000000000000000000000011111110000000000000000000000000001100000000000000000000000000000000000000000000000000000000000000000000000000000000000000000000000000000
0000000000000000000000000000000000000000000000000000000000001100000000000000000000000000000000000000000000000000000000000001111100000000000000000000000000110000000000000000000000000000000000000000000000000000000000000000000000000000000000000000000000000000
0000000000000000000000000000000000000000000000000000000000001100000000000000000000000000000000000000000000000000000000000000001110000000000000000000000000111000000000000000000000000000000000000000000000000000000000000000000000000000000000000000000000000000
0000000000000000000000000000000000000000000000000000000000011100000000000000000000000000000000000000000000000000000000000000000111000000000000000000000000011000000000000000000000000000000000000000000000000000000000000000000000000000000000000000000000000000
0000000000000000000000000000000000000000000000000000000000011100000000000000000000000000000000000000000000000000000000000000001111100000000000000000000000110000000000000000000000000000000000000000000000000000000000000000000000000000000000000000000000000000
0000000000000000000000000000000000000000000000000000000000111111111110000000000000000000000000000000000000000000000000000000011111100000000000000000000000110000000000000000000000000000000000000000000000000000000000000000000000000000000000000000000000000000
0000000000000000000000000000000000000000000000000000000011110011111111111110111000000000000000000000000000000000000000000011111000110000000000000000000000110000000000000000000000000000000000000000000000000000000000000000000000000000000000000000000000000000
0000000000000000000000000000000000000000000000000000000011000000000001111111111000000000000000000000000000000000000000001111100000111000000000000000000000110000000000000000000000000000000000000000000000000000000000000000000000000000000000000000000000000000
0000000000000000000000000000000000000000000000000000000111000000000000000011000000000000000000000000000000000000000000111110000000011100000000000000000001100000000000000000000000000000000000000000000000000000000000000000000000000000000000000000000000000000
0000000000000001000000000000000000000000000000000000011110000000000000000000000000000000000000000000000000000000000001111000000000001110000000000000000001100000000000000000000000000000000000000000000000000000000000000000000000000000000000000000000000000000
0000000000000011000000000000000000000000000000000000111100000000000000000000000000000000000000000000000000000000000011100000000000000111000000000000000011000000000000000000000000000000000000000000000000000000000000000000000000000000000000000000000000000000
0000000000000011000000000000000000000000000000000000110000000000000000000000000000000000000000000000000011000000000111000000000000000011000000000000000111000000000000000000000000000000000000000000000000000000000000000000000000000000000000000000000000000000
0000000000000110000000000000000000000000000000000000110000000000000000000000000000000000000000000000001111111111111110000000000000000011000000000000011110000000000000000000000000000000000000000000000000000000000000000000000000000000000000000000000000000000
0000000000000110000000000000000000000000000000000001110000000000000000000000000000000000000000000000001110111111111100000000000000000001100000000000011000000000000000000000000000000000000000000000000000000000000000000000000000000000000000000000000000000000
0000000000001100000000000000000000000000000000000000110000000000000000000000000000000000000000000000000000000000000000000000000000000001110000000000110000000000000000000000000000000000000000000000000000000000000000000000000000000000000000000000000000000000
0000000000011100000000000000000000000000000000000000110000000000000000000000000000000000000000000000000000000000000000000000000000000000111000000000110000000000000000000000000000000000000000000000000000000000000000000000000000000000000000000000000000000000
0000000000011000000000000000000000000000000000000000110000000000000000000000000000000000000000000000000000000000000000000000000000000000011100000000110000000000000000000000000000000000000000000000000000000000000000000000000000000000000000000000000000000000
0000000000110000000000000000000000000000000000000001110000000000000000000000000000000000000000000000000000000000000000000000000000000000001110000000110000000000000000000000000000000000000000000000000000000000000000000000000000000000000000000000000000000000
0000000000110000000000000000000000000000000000000001100000000000000000000000000000000000000000000000000000000000000000000000000000000000000110000000110000000000000000000000000000000000000000000000000000000000000000000000000000000000000000000000000000000000
0000000001110110000000000000000000000000000000000001110000000000000000000000000000000000000000000000000000000000000000000000011111111111110111000000111000000000000000000000000000000000000000000000000000000000000000000000000000000000000000000000000000000000
0000000011111111000000000000000000000000000000000000110000000000000000000000000000000000000000000000000000000000000000000001111111111111111111110000011000000000000000000000000000000000000000000000000000000000000000000000000000000000000000000000000000000000
0000000011111100000000000000000000000000000000000000011000000000000000000000000000000000000000000000000000000000000000000001110000000000011111111000011000000000000000000000000000000000000000000000000000000000000000000000000000000000000000000000000000000000
0000000111000000000000000000000000000000000000000000011100000000000000000000000000000000000000000000000000000000000000000000000000000000000011111000111000000000000000000000000000000000000000000000000000000000000000000000000000000000000000000000000000000000
0000001110000000000000000000000000000000000000000000001111100000000000000000000000000000000000000000000000000000000000000000000000000000000001110000110000000000000000000000000000000000000000000000000000000000000000000000000000000000000000000000000000000000
0000011100000000000000000000000000000000000000000000000111110000000000000000000000000000000000000000000000000000000000000000000000000000000001110000110000000000000000000000000000000000000000000000000000000000000000000000000000000000000000000000000000000000
1000011000000000000000000000000000000000000000000000000000110000000000000000000000000000000000000000000000000000000000000000000000000000000011100000111100000000000000000000000000000000000000000000000000000000000000000000000000000000000000000000000000000000
1111111000000000000000000000000000000000000000000000000001110000000000000000000000000000000000000000000000000000000000000000000000000000000011000000011110000000000000000000000000000000000000000000000000000000000000000000000000000000000000000000000000000000
0111111000000000000000000000000000000000000000000000000011100000000000000000000000000000000000000000000000000000000000000000000000000000000011100000000111000000000000000000000000000000000000000000000000000000000000000000000000000000000000000000000000000000
0000111100000000000000000000000000000000000000000000000111000000000000000000000000000000000000000000000000000000000000000000000000000000000001111000000010000000000000000000000000000000000000000000000000000000000000000000000000000000000000000000000000000000
0000011100000000000000000000000000000000000000000000000110000000011110000000000000000000000000000000000000000000000000000000000000000000000000111100000000000000000000000000000000000000000000000000000000000000000000000000000000000000000000000000000000000000
0000001100000000000000000000000000000000000000000000001100000000111110000000000000000000000000000000000000000000000000000000000000000000000000000000000000000000000000000000000000000000000000000000000000000000000000000000000000000000000000000000000000000000
0000001100000000000000000000000000000000000000000000011100000011110000000000000000000000000000000000000000000000000000000000000000000000000000000000000000000000000000000000000000000000000000000000000000000000000000000000000000000000000000000000000000000000
0000000110000000000000000000000000000000000000000000111000000111000000000000000000000000000000000000000000000000000000000000000000000000000000000000000000000000000000000000000000000000000000000000000000000000000000000000000000000000000000000000000000000000
