0000000000000000000000000110000000000000000000000001100000000000000000000000000000000000000000000000000000000000000000000000000000000000000000000000000000000000000000000000000000000000000000011100000000000000000000000000000000000011000000000000000000000000
0000000000000000000000000110000000000000000000000001100000000000000000000000000000000000000000000000000000000000000000000000000000000000000000000000000000000000000000000000000000000000000000001111000000000000000000000000000000000011000000000000000000000000
0000000000000000000000000111000000000000000000000001100000000000000000000000000000000000000000000000000000000000000000000000000000000000000000000000000000000000000000000000000000000000000000000011100000000000000000000000000000000011100000000000000000000000
0000000000000000000000000011000000000000000000000001100000000000000000000000000000000000000000000000000000000000000000000000000000000000000000000000000000000000000000000000000000000000000000000001100000000000000000000000000000000001100000000000000000000000
0000000000000000000000000011000000000000000000000001100000000000000000000000000000000000000000000000000000000000000000000000000000000000000000000000000000000000000000000000000000000000000000000001100000000000000000000000000000000011100000000000000000000000
0000000000000000000000000011000000000000000000000001100000000000000000000000000000000000000000000000000000000000000000000000000000000000000000000000000000000000000000000000000000000000000000000001111110000000000000000000000000000011000000000000000000000000
0000000000000000000000000011000000000000000000000000110000000000000000000000000000000000000000000000000000000000000000000000000000000000000000000000000000000000000000000000000000000000000000000000111111100000000000000000000000000011100000000000000000000000
0000000000000000000000000011000000000000000000000000011000000000000000000000000000000000000000000000000000000000000000000000000000000000000000000000000000000000000000000000000000000000000000000000000001100000000000000000000000000001110000000000000000000000
0000000000000000000000000011000000000000000000000000011100000000000000000000000000000000000000000000000000000000000000000000000000000000000000000000000000000000000000000000000000000000000000000000000001100000000000000000000000000000110000000000000000000000
0000000000000000000000000011100000000000000000000000001100000000000000000000000000000000000000000000000000000000000000000000000000000000000000000000000000000000000000000000000000000000000000000000000000110000000000000000000000000000110000000000000000000000
0000000000000000000000000001110000000000000000000000000110000000000000000000000000000000000000000000000000000000000000000000000000000000000000000000000000000000000000000000000000000000000000000000000000111000000000000000000000000000110000000000000000000000
0000000000000000000000000000110000000000000000000000000110000000000000000000000000010000000000000000000000000000000000000000000000000000000000000000000000000000000000000000000000000000000000000000000000011000000000000000000000000000111000000000000000000000
0000000000000000000000000000110000000000000000000000000110000000000000000000000000110000000000000000000000000000000000000000000000000000000000000000000000000000000000000000000000000000000000000000000000011000000000000000000000000000011000000000000000000000
0000000000000000000000000000110000000000000000000000001100000000000000000000000000011000000000000000000000000000000000000000000000000000000000000000000000000000000000000000000000000000000000000000000000011000000000000000000000000000001111100000000000000000
0000000000000000000000000000110000000000000000000000001100000000000000000000000000011000000000000000000000000000000000000000000000000000000000000000000000000000000000000000000000000000000000000000000000011000000000000000000000000000000111110000000000000000
0000000000000000000000000000111000000000000000000000001100000000000000000000000000011000000000000000000000000000000000000000000000000000000000000000000000000000000000000000000000000000000000000000000000011000000000000000000000000000000000110000000000000000
0000000000000000000000000000111000000000000000000000011000000000000000000000000000011000000000000000000000000000000000000000000000000000000000000000000000000000000000000000000000000000000000000000000000011000000000000000000000000000000000110000000000000000
0000000000000000000000000000110000000000000000000000111000000000000000000000000000011000000000000000000000000000000000000000000000000000000000000000000000000000000000000000000000000000000000000000000000011000000000000000000000000000000000011000000000000000
0000000000000000000000000000110000000000000000000001110000000000000000000000000000011000000000000000000000000000000000000000000000000000000000000000000000000000000000000000000000000000000000000000000000011000000000000000000000000000000000011000000000000000
0000000000000000000000000000111000000000000000000001100000000000000000000000000001111000000000000000000000000000000000000000000000000000000000000000000000000000000000000000000000000000000000000000000000011110000000000000000000000000000000001100000000000000
0000000000000000000000000000011000000000000000000001100000000000000000000000111111110000000000000000000000000000000000000000000000000000000000000000000000000000000110000000011000000000000000000000000000001111100000000000000000000000000000001100000000000000
0000000000000000000000000000011000000000000000000001100000000000000000000011111110000000000000000000000000000000000000000000000000000000000000000000000000000000001111111000111110000000000000000000000000000011111100000000000000000000000000000111000000000000
0000000000000000000000000000011000000000000000000001100000000000000000000111100000000000000000000000000000000000000000000000000000000000000000000000000010010000011101111111110111110000000000000000000000000000111110000000000000000000000000000111100000000000
0000000000000000000000000000011000000000000000000011000000000000000000001110000000000000000000000000000000000000000000000000000000000000000000000000000011111100111000000111100001111000000000000000000000000000000111000000000000000000000000000001110000000000
0000000000000000000000000000011000000000000000000011100000000000000000011100000000000000000000000000000000000000000000000000000000000000000000000000000001101111110000000000000000011100000000000000000000000000000011000000000000000000000000000001110000000000
0000000000000000000000000000011000000000000000000001100000000000000000111000000000000000000000000000000000000000000000000000000000000000000000000000000000000111100000000000000000001111000000000000000000000000000001100000000000000000000000000011100000000000
0011110000000000000000000000011000000000000000000000110000000000001111110000000000000000000000000000000000000000000000000000000000000000000000000000000000000010000000000000000000000011100000000000000000000000000001100000000000000000000000000111000000000000
0111111000000000000000000000011000000000000000000000110000000000011111100000000000000000000000000000000000000000000000000000000000000000000000000000000000000000000000000000000000000001110000000000000000000000000000110000000000000000000000000011000000000000
1110011110000000000000000000011000000000000000000000110000000000111000000000000000000000000000000000000000000000000000000000000000000000000000000000000000000000000000000000000000000000110000000000000000000000000000110000000000000000000000000011100000000000
1000000110000000000000000000011000000000000000000000110000000000110000000000000000000000000000000000000000000000000000000000000000000000000000000000000000000000000000000000000000000000110000000000000000000000000000110000000000000000000000000001110000000000
0000000011000000000000000000110000000000000000000000110000000001110000000000000000000000000000000000000000000000000000000000000000000000000000000000000000000000000000000000000000000001100000000000000000000000000000111000000000000000000000000000111000000000
0000000011100000000111111110110000000000000000000000110000000000110000000000000000000000000000000000000000000000000000000000000000000000000000000000000000000000000000000000000000000001100000000000000000000000000000011110000000000000000000000000001111110000
0000000001100000011111111111110000000000000000000000011000000000111100000000000000000000000000000000000000000000000000000000000000000000000000000000000000000000000000000000000000000001110000000000000000000000000000001111000000000000000000000000001111111000
0000000000110000111100000011111000000000000000000000011000000000001111000000000000000000000000000000000000000000000000000000000000000000000000000000000000000000000000000000000000000000111000000000000000000000000000000011110000000000000000000000000010011100
0000000000111011110000000000111100000000000000000000001100000000000011100000000000000000000000000000000000000000000000000000000000000000000000000000000000000000000000000000000000000000011000000000000000000000000000000000110000000000000000000000000000001110
0000000000011111000000000000001110000000000000000000001110000000000001110000000000000000000000000000000000000000000000000000000000000000000000000000000000000000000000000000000000000000110000000000000000000000000000000000011000000000000000000000000000000110
0000000000001100000000000000000111100000000000000000000110000000000000111000000000000000000000000000000000000000000000000000110000000000000000000000000000000000000000000000000000000000110000000000000000000000000000000000011000000000000000000000000000000110
0000000000000000000000000000000001111000000000000000000110000000000000011000000000000000000000000000000000000000000000001111111100000000000000000000000000000000000000000000000000000001110000000000000000000000000000000000011000000000000000000000000000000110
0000000000000000000000000000000000011100000000000000000110000000000000011000000000000000000000000000000000000000000000001111101111000000000000000000000000000000000000000000000000000000110000000000000000000000000000000000001100000000000000000000000000000011
0000000000000000000000000000000000001110000000000000000111000000000000011111111000000000000000000000000000000000000000000000000011100000000000000000000000000000000000000000000000000000111000000000000000000000000000000000001100000000000000000000000000000011
0000000000000000000000000000000000000111100000000000000011000000000000001111111100000000000000000000000000000000000000000000000001110000000000000000000000000000000000000000000000000000011100000000000000000000000000000000000110000000000000000000000000000011
0000000000000000000000000000000000000001111000000000000011100000000000000000001110000000000000000000000000000000000000000000000000110000000000000000000000000000000000000000000000000000001110000000000000000000000000000000000110000000000000000000000110000011
0000000000000000000000000000000000000000011110000000000001110000000000000000000111000000000000000000000000000000000000000000000000011100000000000000000000000000000000000000000000000000000111000000000000000000000000000000000011000000000000000000111111110001
0000000000000000000000000000000000000000000111000000000000011000000000000000000011000000000000000000000000000000000000000000000000011111000000000000000000000000000000000000000000000000000011100000000000000000000000000000000011111000001000000000111001111100
0000000000000000000000000000000000000000000011100000000000001100000000000000000011000000000000000000000000000000000000000000000000000011100000000000000000000000000000000000000000000000000001110000000000000000000000000000000001111100111111110001100000001110
0000000000000000000000000000000000000000000001100000000000001100000000000000000011000000000000000000000000000000000000000000000000000001110000000000000000000000000000000000000000000000000000111000000000000000000000000000000000001100110111111111100000000111
0000000000000000000000000000000000000000000001100000000000001100000000000000000001100000000000000000000000000000000000000000000000000000111000000000000000000000000000000000000000000000000000011000000000000000000000000000000000000111100000011111100000000011
0000000000000000000000000000000000000000000001100000000000001100000000000000000001100000000000000000000000000000000000000000000000000000011110000000000000000000000000000000000000000000000000001110000000000000000000000000000000000111100000000011100000000001
0000000000000000000000000000000000000000000001100000000000001100000000000000000001111000000000000000000000000000000000000000000000000000000111000000000000000000000000000000000000000000000000000111000000000000000000000000000000000000000000000001100000000000
0000000000000000000000000000000000000000000000110000000000011100000000000000000000111110000000000000000000000000000000000000000000000000000011100000000000000000000000000000000000000000000000000011111000000000000000000000000000000000000000000001100000000000
0000000000000000000000000000000000000000000000110000000000011000000000000000000000000111000000000000000000000000000000000000000000000000000001111100000000000000000000000000000000000000000000000001111100000000000000000000000000000000000000000001100000000000
0000000000000000000000000000000000000000000000110000000000011000000000000000000000000011000000000000000000000000000000000000000000000000000000011110000000000000000000000000000000000000000000000000001110000000000000000000000000000000000000000001100000000000
0000000000000000000000000000000000000000000000111000000000111000000000000000000000000011100000000000000000000000000000000000000000000000000000000111000000000000000000000000000000000000000000000000000110000000000000000000000000000000000000000001100000000000
0000000000000000000000000000000000000000000000011000000000110000000000000000000000000001100000000000000000000000000000000000000000000000000000000011000000000000000000000000000000000000000000000000000111000000000000000000000000000000000000000001100000000000
0000000000000000000000000000000000000000000000011100000000110000000000000000000000000001100000000000000000000000000000000000000000000000000000000011000000000000000000000000000000000000000000000000000011100000000000000000000000000000000000000011000000000000
0000000000000000000000000000000000000000000000001110000000110000000000000000000000000001100000000000000000000000000000000000000000000000000000000011100000000000000000000000000000000000000000000000000001110000000000000000000000000000000000001111000000000000
0000000000000000000000000000000000000000000000000110000000110000000000000000000000000001100000000000000000000000000000000000000000000000000000000001111100000000000000000000000000000000000000000000000000111000000000000000000000000000000000111110000000000000
0000000000000000000000000000000000000000000000000011000000110000000000000000000000000011100000000000000000000000000000000000000000000000000000000000111110000000000000000000000000000000000000000000000000011100000000000000000000000000000011110000000000000000
0000000000000000000000000000000000000000000000000011100000011000000000000000000000000011000000000000000000000000000000000000000000000000000000000000001110000000000000000000000000000000000000000000000000001110000000000000000000000000000111000000000000000000
0000000000000000000000000000000000000000000000000001110000011000000000000000000000000001110000000000000000000000000000000000000000000000000000000000001100000000000000000000000000000000000000000000000000000111000000000000000000000000001110000000000000000000
0000000000000000000000000000000000000000000000000000110000011000000000000000000000000000111000000000000000001110000000000000000000000000000000000000011000000000000000000000000000000000000000000000000000000011000000000000000000000000011100000000000000000000
0000000000000000000000000000000000000000000000000000111000011100000000000000000000000000011000000000000001111111000000000000000000000000000000000000011000000000000000000000000000000000000000000000000000000011000000000000000000000000111000000000000000000000
0000000000000000000000000000000000000000000000000000011100001110000000000000000000000000001100000000001111111011100000000000000000000000000000000000011000000000000000000000000000000000000000000000000000000011000000000000000000000001110000000000000000000000
0000000000000000000000000000000000000000000000000000001110000111000000000000000000000000011000000000011111000001100000000000000000000000000000000000011000000000000000000000000000000000000000000000000000000110000000000000000000000011100000000000000000000000
0000000000000000000000000000000000000000000000000000000111000011000000000000000000000000001100000000011000000001100000000000000000000000000000000000011000000000000000000000000000000000000000000000000000000110000000000000000000000011000000000000000000000000
0000000000000000000000000000000000000000000000000000000011110001100000000000000000000000001100000000110000000001100000000000000000000000000000000000011100000000000000000000000000000000000000000000000000000110000000000000000000000110000000000000000000000000
0000000000000000000000000000000000000000000000000000000001111100110000000000000000000000001100000000110000000001110000000000000000000000000000000000001100000000000000000000000000000000000000000000000000000110000000000000000000001110000000000000000000000000
0000000000000000000000000000000000000000000000000000000000011111111000000000000000000000011000000000110000000000110000000000000000000000000000000000001100000000000000000000000000000000000000000000000000000111000000000000000000001100000000000000000000000000
0000000000000000000000000000000000000000000000000000000000000111111110000000000000000000011000000001110000000000111000000000000000000000000000000000001110000000000000000000000000000000000000000000000000000011000000000000000000011100000000000000000000000000
0000000000000000000000000000000000000000000000000000000000000000011111110000000000000000011000000001100000000000111100000000000000000000000000000000000111000000000000000000000000000000000000000000000000000011000000000000000000111000000000000000000000000000
0000000000000000000000000000000000000000000000000000000000000000000001111000000000000000011000000011000000000000111110000000000000000000000000000000000011110000000000000000000000000000000000000000000000000011000000000011111111111000000000000000000000000000
0000000000000000000000000000000000000000000000000000000000000000000000011110000000000000011000000111000000000000110111011000000000000000000000000000000000111000000000000000000000000000000000000000000000000011000000011111111111110000000000000000000000000000
0000000000000000000000000000000000000000000000000000000000000000000000000111100000000000011100111110000000000000110011111111000000000000000000000000000001111111100000000000000000000000000000000000000000000001110001111100000001100000000000000000000000000000
0000000000000000000000000000000000000000000000000000000000000000000000000011111110000000001111111000000000000000011001101111110000000000000000000000000011111111110000000000000000000000000000000000000000000001111111110000000011100000000000000000000000000000
0000000000000000000000000000000000000000000000000000000000000000000000000000011111100000111111000000000000000000011000000000111000000000000000000000000110000000111000000000000000000000000000000000000000000000011110000111111111000000000000000000000000000000
0000000000000000000000000000000000000000000000000000000000000000000000000000000001111111111100000000000000000000001110000000011110000000000000000001111110000000011100000000000000000000000000000000000000000000000011111111111100000000000000000000000000000000
0000000000000000000000000000000000000000000000000000000000000000000000000000000000011111101100000000000000000000000111110000001111100000000000000011111100000000001110000000000000000000000111111111111000111111111111111000000000000000000000000000000000000000
0000000000000000000000000000000000000000000000000000000000000000000000000000000000000000111100000000000000000000000001111110011111110000000000000111000000000000000111100000000000000000011111111111111111111111111100000000000000000000000000000000000000000000
0000000000000000000000000000000000000000000000000000000000000000000000000000000000000011111000000000000000000000000000001111111100111000000000001110000000000000000011110000000000000011111000000000000111000110000000000000000000000000000000000000000000000000
0000000000000000000000000000000000000000000000000000000000000000000000000000000000001111100000000000000000000000000000000011110000011111111111111100000000000000000000111100000000001111100000000000000000000110000000000000000000000000000000000000000000000000
0000000000000000000000000000000000000000000000000000000000000000000000000000000000011110000000000000000000000000000000000000000000000111111111111000000000000000000000011111000000111110000000000000000000000110000000000000000000000000000000000000000000000000
0000000000000000000000000000000000000000000000000000000000000000000000000000000001111000000000000000000000000000000000000000000000000000000000111000000000000000000000000111111111110000000000000000000000000110000000000000000000000000000000000000000000000000
0000000000000000000000000000000000000000000000000000000000000000000000000000000111110000000000000000000000000000000000000000000000000000000001110000000000000000000000000000111111000000000000000000000000000110000000000000000000000000000000000000000000000000
0000000000000000000000000000000000000000000000000000000000000000000000000000001111000000000000000000000000000000000000000000000000000000000011100000000000000000000000000000000000000000000000000000000000000110000000000000000000000000000000000000000000000000
0000000000000000000000000000000000000000000000000000000000000000000000000000111100000000000000000000000000000000000000000000000000000000001110000000000000000000000000000000000000000000000000000000000000001110000000000000000000000000000000000000000000000000
0000000000000000000000000000000000000000000000000000000000000000000000000001111000000000000000000000000000000000000000000000000000000000011100000000000000000000000000000000000000000000000000000000000000001100000000000000000000000000000000000000000000000000
0000000000000000000000000000000000000000000000000000000000000000000000000011100000000000000000000000000000000000000000000000000000000000111000000000000000000000000000000000000000000000000000000000000000011000000000000000000000000000000000000000000000000000
0000000000000000000000000000000000000000000000000000000000000000000000000111000000000000000000000000000000000000000000000000000000000001110000000000000000000000000000000000000000000000000000000000000000011000000000000000000000000000000000000000000000000000
0000000000000000000000000000000000000000000000000000000000000000000000001110000000000000000000000000000000000000000000000000000000000001100000000000000000000000000000000000000000000000000000000000000000011000000000000000000000000000000000000000000000000000
0000000000000000000000000000000000000000000000000000000000000000000111111100000000000000000000000000000000000000000000000000000000000000110000000000000000000000000000000000000000000000000000000000000000011000000000000000000000000000000000000000000000000000
0000000000000000000000000000000000000000000000000000001000000111111111111000000000000000000000000000000000000000000000000000000000000000110000000000000000000000000000000000000000000000000000000000000000011000000000000000000000000000000000000000000000000000
0000000000000000000000000000000000000000000000000001111111111111111000000000000000000000000000000000000000000000000000000000000000000000111000000000000000000000000000000000000000000000000000000000000000011000000000000000000000000000000000000000000000000000
0000000000000000000000000000000000000000000000000111111111111000000000000000000000000000000000000000000000000000000000000000000000000000011000000000000000000000000000000000000000000000000000000000000000110000000000000000000000000000000000000000000000000000
0000000000000000000000000000000000000000000000011111000000000000000000000000000000000000000000000000000000000000000000000000000000000000011000000000000000000000000000000000000000000000000000000000000000110000000000000000000000000000000000000000000000000000
0000000000000000000000000000000000000000000000111100000000000000000000000000000000000000000000000000000000000000000000000000000000000000011000000000000000000000000000000000000000000000000000000000000000011000000000000000000000000000000000000000000000000000
0000000000000000000000000000000000000000000001110000000000000000000000000000000000000000000000000000000000000000000000000000000000000000011100000000000000000000000000000000000000000000000000000000000000011000000000000000000000000000000000000000000000000000
0000000000000000000000000000000000000111111111100000000000000000000000000000000000000000000000000000000000000000000000000000000000000000011000000000000000000000000000000000000000000000000000000000000000111000000000000000000000000000000000000000000000000000
0000000000000000000000000000000011111111111110000000000000000000000000000000000000000000000000000000000000000000000000000000000000000000011000000000000000000000000000000000000000000000000000000000000000110000000000000000000000000000000000000000000000000000
0000000000000000000000000000011111111000000000000000000000000000000000000000000000000000000000000000000000000000000000000000000000000000011000000000000000000000000000000000000000000000000000000000000001100000000000000000000000000000000000000000000000000000
0000000000000000000000000000011100000000000000000000000000000000000000000000000000000000000000000000000000000000000000000000000000000000011000000000000000000000000000000000000000000000000000000000000001100000000000000000000000000000000000000000000000000000
0000000000000000000000000000000000000000000000000000000000000000000000000000000000000000000000000000000000000000000000000000000000000000110000000000000000000000000000000000000000000000000000000000000011100000000000000000000000000000000000000000000000000000
0000000000000000000000000000000000000000000000000000000000000000000000000000000000000000000000000000000000000000000000000000000000000000110000000000000000000000000000000000000000000000000000000000000011000000000000000000000000000000000000000000000000000000
0000000000000000000000000000000000000000000000000000000000000000000000000000000000000000000000000000000000000000000000000000000000000001100000000000000000000000000000000000000000000000000000000000000011000000000000000000000000000000000000000000000000000000
0000000000000000000000000000000000000000000000000000000000000000000000000000000000000000000000000000000000000000000000000000000000000001100000000000000000000000000000000000000000000000000000000000000011000000000000000000000000000000000000000000000000000000
0000000000000000000000000000000000000000000000000000000000000000000000000000000000000000000000000000000000000000000000000000000000000011000000000000000000000000000000000000000000000000000000000000000110000000000000000000000000000000000000000000000000000000
0000000000000000000000000000000000000000000000000000000000000000000000000000000000000000000000000000000000000000000000000000000000000111000000000000000000000000000000000000000000000000000000000000001110000000000000000000000000000000000000000000000000000000
0000000000000000000000000000000000000000000000000000000000000000000000000000000000000000000000000000000000000000000000000000000000001110000000000000000000000000000000000000000000000000000000000000001100000000000000000000000000000000000000000000000000000000
0000000000000000000000000000000000000000000000000000000000000000000000000000000000000000000000000000000000000000000000000000000000011100000000000000000000000000000000000000000000000000000000000000001100000000000000000000000000000000000000000000000000000000
0000000000000000000000000000000000000000000000000000000000000000000000000000000000000000000000000000000000000000000000000000000000011000000000000000000000000000000000000000000000000000000000000000001100000000000000000000000000000000000000000000000000000000
0000000000000000000000000000000000000000000000000000000000000000000000000000000000000000000000000000000000000000000000000000000000011000000000000000000000000000000000000000000000000000000000000000001100000000000000000000000000000000000000000000000000000000
0000000000000000000000000000000000000000000000000000000000000000000000000000000000000000000000000000000000000000000000000000000000110000000000000000000000000000000000000000000000000000000000000000000110000000000000000000000000000000000000000000000000000000
0000000000000000000000000000000000000000000000000000000000111111110000000111111000000000000000000000000000000000000000000000000011110000000000000000000000000000000000000000000000000000000000000000000111000000000000000000000000000000000000000000000000000000
0000000000000000000000000001111110000000000000000000001111111111111100011111111100000000000000000000000111110000000000000000001111000000000000000000000000000000000000000000000000000000000000000000000011000000000000000000000000000000000000000000000000000000
0000000000000000111111111111111111100000000000000000011111000000001111111000001100000000000000000000000111111000000000000000011110000000000000000000000000000000000000000000000000000000000000000000000011000000000000000000000000000000000000000000000000000000
0000000000000000111111111111000001110000000000000000111000000000000011110000001100000000111000000000001110011110000000000000111000000000000000000000000000000000000000000000000000000000000000000000000011000000000000000000000000000000000000000000000000000000
0000000000000000000000000000000000111111110000111111110000000000000000000000000111111011111100000000001100000111000000000011110000000000000000000000000000000000000000000000000000000000000000000000000011000000000000000000000000000000000000000000000000000000
0000000000000000000000000000000000001111111011111111110000000000000000000000000011111111001100000000011100000011100000000111100000000000000000000000000000000000000000000000000000000000000000000000000111000000000000000000000000000000000000000000000000000000
0000000000000000000000000000000000000000011111000000110000000000000000000000000000111110001100000000011000000001110000001110000000000000000000000000000000000000000000000000000000000000000000000000000011000000000000000000000000000000000000000000000000000000
0000000000000000000000000000000000000000001110000001100000000000000000000000000000000000001100000000110000000000111000011100000000000000000000000000000000000000000000000000000000000000000000000000000011000000000000000000000000000000000000000000000000000000
0000000000000000000000000000000000000000000000000011100000000000000000000000000000000000001100000001110000000000111101111000000000000000000000000000000000000000000000000000000000000000000000000000000011000000000000000000000000000000000000000000000000000000
0000000000000000000000000000000000000000000000000111000000000000000000000000000000000000001111111011100000000000011111110000000000000000000000000000000000000000000000000000000000000000000000000000000111000000000000000000000000000000000000000000000000000000
0000000000000000000000000000000000000000000000011110000000000000000000000000000000000000001111111111000000000000001111000000000000000000000000000000000000000000000000000000000000000000000000000000001110000000000000000000000000000000000000000000000000000000
0000000000000000000000000000000000000000000000111000000000000000000000000000000000000000000000001111000000000000011100000000000000000000000000000000000000000000000000000000000000000000000000000000011100000000000000000000000000000000000000000000000000000000
0000000000000000000000000000000000000000000001110000000000000000000000000000000000000000000000000000000000000000111000000000000000000000000000000000000000000000000000000000000000000000000000000000111000000000000000000000000000000000000000000000000000000000
0000000000000000000000000000000000000000000011100000000000000000000000000000000000000000000000000000000000000001110000000000000000000000000000000000000000000000000000000000000000000000000000000000110000000000000000000000000000000000000000000000000000000000
0000000000000000000000000000000000000000000111000000000000000000000000000000000000000000000000000000000000000001100000000000000000000000000000000000000000000000000000000000000000000000000000000001110000000000000000000000000000000000000000000000000000000000
0000000000000000000000000000000000000000001110000000000000000000000000000000000000000000000000000000000000000011100000000000000000000000000000000000000000000000000000000000000000000000000000000001100000000000000000000000000000000000000000000000000000000000
0000000000000000000000000000000000000000011100000000000000000000000000000000000000000000000000000000000000000111000000000000000000000000000000000000000000000000000000000000000000000000000000000001100000000000000000000000000000000000000000000000000000000000
0000000000000000000000000000000000000001111000000000000000000000000000000000000000000000000000000000000000001110000000000000000000000000000000000000000000000000000000000000000000000000000000000001100000000000000000000000000000000000000000000000000000000000
0000000000000000000000000000000000000001100000000000000000000000000000000000000000000000000000000000000000001100000000000000000000000000000000000000000000000000000000000000000000000000000000000011100000000000000000000000000000000000000000000000000000000000
0000000000000000000000000000000000000001100000000000000000000000000000000000000000000000000000000000000000011000000000000000000000000000000000000000000000000000000000000000000000000000000000001111000000000000000000000000000000000000000000000000000000000000
0000000000000000000000000000000000000011000000000000000000000000000000000000000000000000000000000000000000011000000000000000000000000000000000000000000000000000000000000000000000000000000000011110000000000000000000000000000000000000000000000000000000000000
0000000000000000000000000000000000001111000000000000000000000000000000000000000000000000000000000000000000011000000000000000000000000000000000000000000000000000000000000000000000000000000000111000000000000000000000000000000000000000000000000000000000000000
0000000000000000000000000000000000111110000000000000000000000000000000000000000000000000000000000000000000011000000000000000000000000000000000000000000000000000000000000000000000000000000000110000000000000000000000000000000000000000000000000000000000000000
0000000000000000000000000001000111111000000000000000000000000000000000000000000000000000000000000000000000011100000000000000000000000000000000000000000000000000000000000000000000000000000001100000000000000000000000000000000000000000000000000000000000000000
0000000000000000000000001111111111100000000000000000000000000000000000000000000000000000000000000000000000001110000000000000000000000000000000000000000000000000000000000000011111111110000011100000000000000000000000000000000000000000000000000000000000000000
0000000000000000000000111111111000000000000000000000000000000000000000000000000000000000000000000000000000000111000000000000000000000000000000000000000000000000000000000111111111111111000111000000000000000000000000000000000000000000000000000000000000000000
0000000000000000000001111000000000000000000000000000000000000000000000000000000000000000000000000000000000000011110000000000000000000000000000000000000000000000000000001111100000000011111100000000000000000000000000000000000000000000000000000000000000000000
0000000000000000000001100000000000000000000000000000000000000000000000000000000000000000000000000000000000000000110000000000000000000000000000000000000000000000000000011000000000000001111100000000000000000000000000000000000000000000000000000000000000000000
0000000000000000000011000000000000000000000000000000000000000000000000000000000000000000000000000000000000000000011000000000000000000000000000000000000000000000000000011000000000000000000110000000000000000000000000000000000000000000000000000000000000000000
0000000000000000000011000000000000000000000000000000000000000000000000000000000000000000000000000000000000000000011100000000000000000000000000000000000000000000000000110000000000000000000110000000000000000000000000000000000000000000000000000000000000000000
0000000000000000000110000000000000000000000000000000000000000000000000000000000000000000000000000000000000000000001100000000000000000000000000000000000000000000000000110000000000000000000111000000000000000000000000000000000000000000000000000000000000000000
0000000000000000000110000000000000000000000000000000000000000000000000000000000000000000000000000000000000000000001100000000000000000000000000000000000000000000000000110000000000000000000011000000000000000000000000000000000000000000000000000000000000000000
0000000000000000011110000000000000000000000000000000000000000000000000000000000000000000000000000000000000000000001100000000000000000000000000000000000000000000000000110000000000000000000011000000000000000000000000000000000000000000000000000000000000000000
0000000000000011111000000000000000000000000000000000000000000000000000000000000000000000000000000000000000000000001100000000000000000000000000000000000000000000000011100000000000000000000011000000000000000000000000000000000000000000000000000000000000000000
0000000000000111100000000000000000000000000000000000000000000000000000000000000000000000000000000000000000000000011000000000000000000000000000000000000000000000000111000000000000000000000111000000000000000000000000000000000000000000000000000000000000000000
0000111100000110000000000000000000000000000000000000000000000000000000000000000000000000000000000000000000000000111000000000000000000000000000000000000000000000000110000000000000000000011110000000000000000000000000000000000000000000000000000000000000000000
1111111110000110000000000000000000000000000000000000000000000000000000000000000000000000000000000000000000000001110000000000000000000000000000000000000000000000001110000000000000000000111100000000000000000000000000000000000000000000000000000000000000000000
1111000111000110000000000000000000000000000000000000000000000000000000000000000000000000000000000000000001111111100000000000000000000000000000000000000000000000011100000000000000000001110000000000000000000000000000000000000000000000000000000000000000000000
0000000011111100000000000000000000000000000000000000000000000000000000000000000000000000000000000000000011111110000000000000000000000000000000000000000000000000111000000000000000000001100000000000000000000000000000000000000000000000000000000000000000000000
0000000001111100000000000000000000000000000000000000000000000000000000000000000000000000000000000000000011000000000000000000000000000000000000000000000000000000110000000000000000000001100000000000000000000000000000000000000000000000000000000000000000000000
0000000011111000000000000000000000000000000000000000000000000000000000000000000000000000000000000000000111000000000000000000000000000000000000000000000000000001110000000000000000000001100000000000000000000000000000000000000000000000000000000000000000000000
0000000011000000000000000000000000000000000000000000000000000000000000000000000000000000000000000000000110000000000000000000000000000000000000000000000000000000000000000000000000000001110000000000000000000000000000000000000000000000000000000000000000000000
0000000011000000000000000000000000000000000000000000000000000000000000000000000000000000000000000000000110000000000000000000000000000000000000000000000000000000000000000000000000000000110000000000000000000000000000000000000000000000000000000000000000000000
0000000111000000000000000000000000000000000000000000000000000000000000000000000000000000000000000000000110000000000000000000000000000000000000000000000000000000000000000000000000000000111000000000000000000000000000000000000000000000000000000000000000000000
0000001110000000000000000000000000000000000000000000000000000000000000000000000000000000000000000000001100000000000000000000000000000000000000000000000000000000000000000000000000000000011000000000000000000000000000000000000000000000000000000000000000000000
0000011100000000000000000000000000000000000000000000000000000000000000000000000000000000000000000000001100000000000000000000000000000000000000000000000000000000000000000000000000000000011100000000000000000000000000000000000000000000000000000000000000000000
0001111000000000000000000000000000000000000000000000000000000000000000000000000000000000000000000000001100000000000000000000000000000000000000000000000000000000000000000000000000000000001110000000000000000000000000000000000000000000000000000000000000000000
0001100000000000000000000000000000000000000000000000000000000000000000000000000000000000000000000000001100000000000000000000000000000000000000000000000000000000000000000000000000000000000110000000000000000000000000000000000000000000000000000000000000000000
0001100000000000000000000000000000000000000000000000000000000000000000000000000000000000000000000000011000000000000000000000000000000000000000000000000000000000000000000000000000000000000111000000000000000000000000000000000000000000000000000000000000000000
0001100000000000000000000000000000000000000000000000000000000000000000000000000000000000000000000000011000000000000000000000000000000000000000000000000000000000000000000000000000000000000011100000000000000000000000000000000000000000000000000000000000000000
0001110000000000000000000000000000000000000000000000000000000000000000000000000000000000000000000000011000000000000000000000000000000000000000000000000000000000000000000000000000000000000001100000000000000000000000000000000000000000000000000000000000000000
0000110000000000000000000000000000000000000000000000000000000000000000000000000000000000000000000000111000000000000000000000000000000000000000000000000000000000000000000000000000000000000001100000000000000000000000000000000000000000000000000000000000000000
0000110000000000000000000000000000000000000000000000000000000000000000000000000000000000000000000001110000000000000000000000000000000000000000000000000000000000000000000000000000000000000000110000000000000000000000000000000000000000000000000000000000000000
0000111000000000000000000000000000000000000000000000000000000000000000000000000000000000000000001111100000000000000000000000000000000000000000000000000000000000000000000000000000000000000000110000000000000000000000000000000000000000000000000000000000000000
0000011000000000000000000000000000000000000000000000000000000000000000000000000000000000000000111110000000000000000000000000000000000000000000000000000000000000000000000000000000000000000000011000000000000000000000000000000000000000000000000000000000000000
0000110000000000000000000000000000000000000000000000000000000000000000000000000000000000000011110000000000000000000000000000000000000000000000000000000000000000000000000000000000000000000000011100000000000000000000000000000000000000000000000000000000000000
0000010000000000000000000000000000000000000000000000000000000000000000000000000000000000000111000000000000000000000000000000000000000000000000000000000000000000000000000000000000000000000000001110000000000000000000000000000000000000000000000000000000000000
0000000000000000000000000000000000000000000000000000000000000000000000000000000000000000011110000000000000000000000000000000000000000000000000000000000000000000000000000000000000000000000000000110000000000000000000000000000000000000000000000000000000000000
0000000000000000000000000000000000000000000000000000000000000000000000000000000000000000011100000000000000000000000000000000000000000000000000000000000000000000000000000000000000000000000000000000000000000000000000000000000000000000000000000000000000000000
0000000000000000000000000000000000000000000000000000000000000000000000000000000000000000001100000000000000000000000000000000000000000000000000000000000000000000000000000000000000000000000000000000000000000000000000000000000000000000000000000000000000000001
0000000000000000000000000000000000000000000000000000000000000000000000000000000000000000001110000000000000000000000000000000000000000000000000000000000000000000000000000000000000000000000000000000000000000000000000000000000000000000000000000000000000000011
0000000000000000000000000000000000000000000000000000000000000000000000000000000000000000000110000000000000000000000000000000000000000000000000000000000000000000000000000000000000000000000000000000000000000000000000000000000000000000000000000000000000001111
0000000000000000000000000000000000000000000000000000000000000000000000000000000000000000000110000000000000000000000000000000000000000000000000000000000000000000000000000000000000000000000000000000000000000000000000000000000000000000000000000000000001111100
0000000000000000000000000000000000000000000000000000000000000000000000000000000000000000001110000000000000000000000000000000000000000000000000000000000000000000000000000000000000000000000000000000000000000000000000000000000000000000000000000000000011110000
0000000000000000000000000000000000000000000000000000000000000000000000000000000000000000011100000000000000000000000000000000000000000000000000000000000000000000000000000000000000000000000000000000000000000000000000000000000000000000000000000000000111000000
0000000000000000000000000000000000000000000000000000000000000000000000000000000000000000111000000000000000000000000000000000000000000000000000000000000000000000000000000000000000000000000000000000000000000000000000000000000000000000000000000000000110000000
0000000000000000000000000000000000000000000000000000000000000000000000000000000000000001110000000000000000000000000000000000000000000000000000000000000000000000000000000000000000000000000000000000000000000000000000000000000000000000000011100000001110000000
0000000000000000000000000000000000000000000000000000000000000000000000000000000000000001100000000000000000000000000000000000000000000000000000000000000000000000000000000000000000000000000000000000000000000000000000000000000000000000000111111111111100000000
0000000000000000000000000000000000000000000000000000000000000000000000000000000000000011000000000000000000000000000000000000000000000000000000000000000000000000000000000000000000000000000000000000000000000000000000000000000000000000001110111111110000000000
1000000000000000000000000000000000000000000000000000000000000000000000000000000000000011000000000000000000000000000000000000000000000000000000000000000000000000000000000000000000000000000000000000000000000000000000000000000001111000111100000000000000000000
1100000000000000000000000000000000000000000000000000000000000000000000000000000000000011000000000000000000000000000000000000000000000000000000000000000000000000000000000000000000000000000000000000000000000000000000000000000011111111110000000000000000000000
1100000000000000000000000000000000000000000000000000000000000000000000000000000000000011000000000000000000000000000000000000000000000000000000000000000000000000000000000000000000000000000000000000000000000000000000000000000000000111000000000000000000000000
0110000000000000000000000000000000000000000000000000000000000000000000000000000000000111000000000000000000000000000000000000000000000000000000000000000000000000000000000000000000000000000000000000000000000000000000000000000000000000000000000000000000000000
0110000000000000000000000000000000000000000000000000000000000000000000000000000000001110000000000000000000000000000000000000000000000000000000000000000000000000000000000000000000000000000000000000000000000000000000000000000000000000000000000000000000000000
0110000000000000000000000000000000000000000000000000000000000000000000000000000000111100000000000000000000000000000000000000000000000000000000000000000000000000000000000000000000000000000000000000000000000000000000000000000000000000000000000000000000000000
0000000000000000000000000000000000000000000000000000000000000000000000000000000111111000000000000000000000000000000000000000000000000000000000000000000000000000000000000000000000000000000000000000000000000000000000000000000000000000000000000000000000000000
0000000000000000000000000000000000000000000000000000000000000000000000000000011111000000000000000000000000000000000000000000000000000000000000000000000000000000000000000000000000000000000000000000000000000000000000000000000000000000000000000000000000000000
0000000000000000000000000000000000000000000000000000000000000000000000000011111100000000000000000000000000000000000000000000000000000000000000000000000000000000000000000000000000000000000000000000000000000000000000000000000000000000000000000000000000000000
0000000000000000000000000000000000000000000000000000000000000000000000000111100000000000000000000000000000000000000000000000000000000000000000000000000000000000000000000000000000000000000000000000000000000000000000000000000000000000000000000000000000000000
0000000000000000000000000000000000000000000000000000000000000000000000001110000000000000000000000000000000000000000000000000000000000000000000000000000000000000000000000000000000000000000000000000000000000000000000000000000000000000000000000000000000000000
0000000000000000000000000000000000000000000000000000000000000000000000001100000000000000000000000000000000000000000000000000000000000000000000000000000000000000000000000000000000000000000000000000000000000000000000000000000000000000000000000000000000000000
0000000000000000000000000000000000000000000000000000000000000000000000001100000000000000000000000000000000000000000000000000000000000000000000000000000000000000000000000000000000000000000000000000000000000000000000000000000000000000000000000000000000000000
0000000000000000000000000000000000000000000000000000000000000000000000001100000000000000000000000000000000000000000000000000000000000000000000000000000000000000000000000000000000000000000000000000000000000000000000000000000000000000000000000000000000000000
0000000000000000000000000000000000000000000000000000000000000000000000001100000000000000000000000000000000000000000000000000000000000000000000000000000000000000000000000000000000000000000000000000000000000000000000000000000000000000000000000000000000000000
0000000000000000000000000000000000000000000000000000000000000000000000001100000000000000000000000000000000000000000000000000000000000000000000000000000000000000000000000000000000000000000000000000000000000000000000000000000000000000000000000000000000000000
0000000000000000000000000000000000000000000000000000000000000000000000001100000000000000000000000000000000000000000000000000000000000000000000000000000000000000000000000000000000000000000000000000000000000000000000000000000000000000000000000000000000000000
0000000000000000000000000000000000000000000000000000000000000000000000011100000000000000000000000000000000000000000000000000000000000000000000000000000000000000000000000000000000000000000000000000000000000000000000000000000000000000000000000000000000000000
0000000000000000000000000000000000000000000000000000000000000000000000011000000000000000000000000000000000000000000000000000000000000000000000000000000000000000000000000000000000000000000000000000000000000000000000000000000000000000000000000000000000000000
0000000000000000000000000000000000000000000000000000000000000000000011111000000000000000000000000000000000000000000000000000000000000001110000000000000000000000000000000000000000000000000000000000000000000000000000000000000000000000000000000000000000000000
0000000000000000000000000000000000000000000000000000000000000000000111100000000000000000000000000000000000000000000000000000000000000011111000000000000000000000000000000000000000000000000000000000000000000000000000000000000000000000000000000000000000000000
0000000000000000000000000000000000000000000000000000000000000000001110000000000000000000000000000000000000000000000000000000000000001111000000000000000000000000000000000000000000000000000000000000000000000000000000000000000000000000000000000000000000000000
0000000000000000000000000000000000000000000000000000000000000000011100000000000000000000000000000000000000000000000000000000000000011110000000000000000000000000000000000000000000000000000000000000000000000000000000000000000000000000000000000000000000000000
0000000000000000000000000000000000000000000000000000000000000000011000000000000000000000000000000000000000000000000000000000000000011000000000000000000000000000000000000000000000000000000000000000000000000000000000000000000000000000000000000000000000000000
0000000000000000000000000000000000000000000000000000000000000000110000000000000000000000000000000000000000000000000000000000000000011000000000000000000000000000000000000000000000000000000000000000000000000000000000000000000000000000000000000000000000000000
0000000000000000000000000000000000000000000000000000000000000000110000000000000000000000000000000000000000000000000000000000000000011000000000000000000000000000000000000000000000000000000000000000000000000000000000000000000000000000000000000000000000000000
0000000000000000000000000000000000000000000000000000000000000000110000000000000000000000000000000000000000000000000000000000000000011000000000000000000000000000000000000000000000000000000000000000000000000000000000000000000000000000000000000000000000000000
0000000000000000000000000000000000000000000000000000000000000001100000000000000000000000000000000000000000000000000000000000000000011000000000000000000000000000000000000000000000000000000000000000000000000000000000000000000000000000000000000000000000000000
0000000000000000000000000000000000000000000000000000000000000011100000000000000000000000000000000000000000000000000000000000000000011100000000000000000000000000000000000000000000000000000000000000000000000000000000000000000000000000000000000000000000000000
0000000000000000000000000000000000000000000000000000000000000111000000000000000000000000000000000000000000000000000000000000000000001110000000000000000000000000000000000000000000000000000000000000000000000000000000000000000000000000000000000000000000000000
0000000000000000000000000000000000000000000000000000000000011110000000000000000000000000000000000000000000000000000000000000000000000110000000000000000000000000000000000000000000000000000000000000000000000000000000000000000000000000000000000000000000000000
0000000000000000000000000000000000000000000000000000000001111100000000000000000000000000000000000000000000000000000000000000000000000111000000000000000000000000000000000000000000000000000000000000000000000000000000000000000000000000000000000000000000000000
0000000000000000000000000000000000000000000000000000000001100000000000000000000000000000000000000000000000000000000000000000000000000011000000000000000000000000000000000000000000000000000000000000000000000000000000000000000000000000000000000000000000000000
0000000000000000000000000000000000000000000000000000000011000000000000000000000000000000000000000000000000000000000000000000000000000001100000000000000000000000000000000000000000000000000000000000000000000000000000000000000000000000000000000000000000000000
0000000000000000000000000000000000000000000000000000000011000000000000000000000000000000000000000000000000000000000000000000000000000001110000000000000000000000000000000000000000000000000000000000000000000000000000000000000000000000000000000000000000000000
0000000000000000000000000000000000000000000000000000000011100000000000000000000000000000000000000000000000000000000000000000000000000000110000000000000000000000000000000000000000000000000000000000000000000000000000000000000000000000000000000000000000000000
0000000000000000000000000000000000000000000000000000000111100000000000000000000000000000000000000000000000000000000000000000000000000000110000000000000000000000000000000000000000000000000000000000000000000000000000000000000000000000000000000000000000000000
0000000000000000000000000000000000000000000000011111111111110000000000000000000000000000000000000000000000000000000000000000000000000000110000000000000000000000000000000000000000000000000000000000000000000000000000000000000000000000000000000000000000000000
0000000000000000000000000000000000000000000011111111111000111100000000000000000000000000000000000000000000000000000000000000000000000000111000000000000000000000000000000000000000000000000000000000000000000000000000000000000000000000000000000000000000000000
0000000000000000000000000000000000000000000111100000000000111110000000000000000000000000000000000000000000000000000000000000000000000000011000000000000000000000000000000000000000000000000000000000000000000000000000000000000000000000000000000000000000000000
0000000000000000000000000000000000000000011110000000000001110111000000000000000000000000000000000000000000000000000000000000000000000000011000000000000000000000000000000000000000000000000000000000000000000000000000000000000000000000000000000000000000000000
0000000000000000000000000000000000000000111000000000000011100001110000000000000000000000000000000000000000000000000000000000000000000000011000000000000000000000000000000000000000000000000000000000000000000000000000000000000000000000000000000000000000000000
0000000000000000000000000000000000000001110000000000011111000000111100000000000000000000000000000000000000000000000000000000000000000000111100000000000000000000000000000000000000000000000000000000000000000000000000000000000000000000000000000000000000000000
0000000000000000000000000000000000000111100000000000111100000000011111111111100000000000000000000000000000000000000000000000000000000000111110000000000000000000000000000000000000000000000000000000000000000000000000000000000000000000000000000000000000000000
0000000000000000000000000000000000011111000000000001110000000000000011111111110000000000000000000000000000000000000000000000000000000000111111100000000000000000000000000000000000000000000000000000000000000000000000000000000000000000000000000000000000000000
0000000000000000000000000000000000111000000000000011100000000000000000000000111100000000000000000000000000000000000000000000000000000000111001110000000000000000000000000000000000000000000000000000000000000000000000000000000000000000000000000000000000000000
0000000000000000000000000000000000100000000000000111000000000000000000000000001100000000000000000000000000000000000000000000000000000000110000110000000000000000000000000000000000000000000000000000000000000000000000000000000000000000000000000000000000000000
0000000000000000000000000000000000000000000000001110000000000000000000000000000111000000000000000000000000000000000000000000000000000000110000000000000000000000000000000000000000000000000000000000000000000000000000000000000000000000000000000000000000000000
0000000000000000000000000000000000000000000000011000000000000000000000000000000011000000000000000000000000000000000000000000000000000000110000000000000000000000000000000000000000000000000000000000000000000000000000000000000000000000000000000000000000000000
0000000000000000000000000000000000000000000000011000000000000000000000000000000011100000000000000000000000000000000000000000000000000000110000000000000000000000000000000000000000000000000000000000000000000000000000000000000000000000000000000000000000000000
0000000000000000000000000000000000000000000000000000000000000000000000000000000011000000000000000000000000000000000000000000000000000001110000000000000000000000000000000000000000000000000000000000000000000000000000000000000000000000000000000000000000000000
0000000000000000000000000000000000000000000000000000000000000000000000000000001111000000000000000000000000000000000000000000000000001111100000000000000000000000000000000000000000000000000000000000000000000000000000000000000000000000000000000000000000000000
0000000000000000000000000000000000000000000000000000000000000000000000000000001100000000000000000000000000000011111000000000000011111111000000000000000000000000000000000000000000000000000000000000000000000000000000000000000000000000000000000000000000000000
0000000000000000000000000000000000000000000000000000000000000000000000000000011000000000000000000000000000001111111100000000001111110000000000000000000000000000000000000000000000000000000000000000000000000000000000000000000000000000000000000000000000000000
0000000000000000000000000000000000000000000000000000000000000000000000000000011100001100000000000000000000011100001111111111111100000000000000000000000000000000000000000000000000000000000000000000000000000000000000000000000000000000000000000000000000000000
0000000000000000000000000000000000000000000000000000000000000000000000000000001110011111100000000000000001111000000011111111111000000000000000000000000000000000000000000000000000000000000000000000000000000000000000000000000000000000000000000000000000000000
0000000000000000000000000000000000000000000000000000000000000000000000000000000111111011111000000000000111100000000000000000000000000000000000000000000000000000000000000000000000000000000000000000000000000000000000000000000000000000000000000000000000000000
0000000000000000000000000000000000000000000000000000000000000000000000000000000011110000111111111110001111000000000000000000000000000000000000000000000000000000000000000000000000000000000000000000000000000000000000000000000000000000000000000000000000000000
0000000000000000000000000000000000000000000000000000000000000000000000000000000001110000001111111111111100000000000000000000000000000000000000000000000000000000000000000000000000000000000000000000000000000000000000000000000000000000000000000000000000000000
0000000000000000000000000000000000000000000000000000000000000000000000000000000000110000000000000001111000000000000000000000000000000000000000000000000000000000000000000000000000000000000000000000000000000000000000000000000000000000000000000000000000000000
0000000000000000000000000000000000000000000000000000000000000000000000000000000000011000000000000001110000000000000000000000000000000000000000000000000000000000000000000000000000000000000000000000000000000000000000000000000000000000000000000000000000000000
0000000000000000000000000000000000000000000000000000000000000000000000000000000000011000000000000001100000000000000000000000000000000000000000000000000000000000000000000000000000000000000000000000000000000000000000000000000000000000000000000000000000000000
0000000000000000000000000000000000000000000000000000000000000000000000000000000000011000000000000001100000000000000000000000000000000000000000000000000000000000000000000000000000000000000000000000000000000000000000000000000000000000000000000000000000000000
0000000000000000000000000000000000000000000000000000000000000000000000000000000000111000000000000001110000000000000000000000000000000000000000000000000000000000000000000000000000000000000000000000000000000000000000000000000000000000000000000000000000000000
0000000000000000000000000000000000000000000000000000000000000000000000000000000000110000000000000000111100000000000000000000000000000000000000000000000000000000000000000000000000000000000000000000000000000000000000000000000000000000000000000000000000000000
0000000000000000000000000000000000000000000000000000000000000000000000000000000000110000000000000000011111000000000000000000000000000000000000000000000000000000000000000000000000000000000000000000000000000000000000000000000000000000000000000000000000000000
0000000000000000000000000000000000000000000000000000000000000000000000000000000000111000000000000000000111100000111110000000000000000000000000000000000000000000000000000000000000000000000000000000000000000000000000000000000000000000000000000000000000000000
0000000000000000000000000000000000000000000000000000000000000000000000000000000000011100000000000000000001110001111111000000000000000000000000000000000000000000000000000000000000000000000000000000000000000000000000000000000000000000000000000000000000000000
0000000000000000000000000000000000000000000000000000000000000000000000000000000000001100000000000000000000111111100011100000000000000000000000000000000000000000000000000000000000000000000000000000000000000000000000000000000000000000000000000000000000000000
0000000000000000000000000000000000000000000000000000000000000000000000000000000000000110000000000000000000011111000001111100000000000000000000000000000000000000000000000000000000000000000000000000000000000000000000000000000000000000000000000000000000000000
0000000000000000000000000000000000000000000000000000000000000000000000000000000000000110000000000000000000000000000000111111000000000000000000000000000000000000000000000000000000000000000000000000000000000000000000000000000000000000000000000000000000000000
0000000000000000000000000000000000000000000000000000000000000000000000000000000000000011000000000000000000000000000000000011111110000000000000000000000000000000000000000000000000000000000000000000000000000000000000000000000000000000000000000000000000000000
0000000000000000000000000000000000000000000000000000000000000000000000000000000000000011000000000000000000000000000000000000111111000000000000000000000000000000000000000000000000000000000000000000000000000000000000000000000000000000000000000000001110000000
0000000000000000000000000000000000000000000000000000000000000000000000000000000000000011000000000000000000000000000000000000000011000000000000000000000000000000000000000000000000000000000000000000000000000000000000000000000000000000000000000000001111000000
0000000000000000000000000000000000000000000000000000000000000000000000000000000000000111000000000000000000000000000000000000000011000000000000000000000000000000000000000000000000000000000000000000000000000000000000000000000000000000000000000000000011100000
0000000000000000000000000000000000000000000000000000000000000000000000000000000000011110000000000000000000000000000000000000000110000000000000000000000000000000000000000000000000000000000000000000000000000000000000000000000000000000000000000000000001100000
