0000000000000000000000000000000000000000000000000000000000000000000000000000000000000000000000000000000000000000011111111111000000000000000000001111100000110000111101100000000000000000000000000000000000000000000000000000000000000000001100000000000000000000
0000000000000000000000000000000000000000000000000000000000000000000000000000000000000000000000000000000000000001111000011110000000000000000000001111110001111111111111110000000000000000000000000000000000000000000000000000000000000000001100000000000000000000
0000000000000000000000000000000000000000000000000000000000000000000000000000000000000000000000000000000000000011100000000000000000000000000000001100111001101111110111110000000000000000000000000000000000000000000000000000000000000000001110000000000000000000
0000000000000000000000000000000000000000000000000000000000000000000000000000000000000000000000000000000000000110000000000000000000000000000000001100011111100001000000111000000000000000000000000000000000000000000000000000000000000000000110000000000000000000
0000000000000000000000000000000000000000000000000000000000000000000000000000000000000000000000000000000000000110000000000000000000000000000000011000001111000000000000111000000000000000000000000000000000000000000000000000000000000000000111000000000000000000
0000000000000000000000000000000000000000000000000000000000000000000000000000000000000000000000000000000000000110000000000000000000000000000000011000000000000000000000111000000000000000000000000000000000000000000000000000000000000000000011000000000000000000
0000000000000000000000000000000000000000000000000000000000000000000000000000000000000000000000000000000000000110000000000000000000000000000000111000000000000000000000011111000000000000000000000000000000000000000000000000000000000000000011000000000000000000
0000000000000000000000000000000000000000000000000000000000000000000000000000000000000000000000000000000000000110000000000000000000000000000000110000000000000000000000001111111000000000000000000000000000000000000000000000000000000000000011000000000000000000
0000000000000000000000000000000000000000000000000000000000000000000000000000000000000000000000000000000000001110000000000000000000000000000000110000000000000000000000000000111100000011111111100000000000000000000000000000000000000000000001100000000000000000
0000000000000000000000000000000000000000000000000000000000000000000000000000000000000000000000000000000000001100000000000000000000000000000001110000000000000000000000000000001111110111111111111000000000000000000000000000000000000000000001100000000000000000
0000000000000000000000000000000000000000000000000000000000000000000000000000000000000000000000000000000000001100000000000000000000000000000011100000000000000000000000000000000111111110000000011110000000000000000000000000000000000000000001110000000000000000
0000000000000000000000000000000000000000000000000000000000000000000000000000000000000000000000000000000000011100000000000000000000000000000111000000000000000000000000000000000000001000000000001111000000000000000000000000000000000000000001100000000000000000
0000000000000000000000000000000000000000000000000000000000000000000000000000000000000000000000000000000000011000000000000000000000000000001110000000000000000000000000000000000000000000000000000011100000000000000000000000000000000000000011000000000000000000
0000000000000000000000000000000000000000000000000000000000000000000000000000000000000000000000000000000000011000000000000000000000000000011100000000000000000000000000000000000000000000000000000001100000000000000000000000000000000000000111000000000000000000
0000000000000000000000000000000000000000000000000000000000000000000000000000000000000000000000000000000000011100000000000000000000000000111000000000000000000000000000000000000000000000000000000001100000000000000000000000000000000000000110000000000000000000
0000000000000000000000000000000000000000000000000000000000000000000000000000000000000000000000000000000000011000000000000000000000000000111000000000000000000000000000000000000000000000000000000001100000000000000000000000000000000000000110000000000000000000
0000000000000000000000000000000000000000000000000000000000000000000000000000000000000000000000000000000000011000000000000000000000000001110000000000000000000000000000000000000000000000000000000001100000000000000000000000000000000000000000000000000000000000
0000000000000000000000000000000000000000000000000000000000000000000000000000000000000000000000000000000000011000000000000000000000000011110000000000000000000000000000000000000000000000000000000001100000000000000000000000000000000000000000000000000000000000
0000000000000000000000000000000000000000000000000000000000000000000000000000000000000000000000000000000000011000000000000000000000000011000000000000000000000000000000000000000000000000000000000011100000000000000000000000000000000000000000000000000000000000
0000000000000000000000000000000000000000000000000000000000000000000000000000000000000000000000000000000000011000000000000000000000000011000000000000000000000000000000000000000000000000000000000011000000000000000000000000000000000000000000000000000000000000
0000000000000000000000000000000000000000000000000000000000000000000000000000000000000000000000000000000000011000000000000000000000000011000000000000000000000000000000000000000000000000000000000011000000000000000000000000000000000000000000000000000000000000
0000000000000000000000000000000000000000000000000000000000000000000000000000000000000000000000000000000000011000000000000000000000000011000000000000000000000000000000000000000000000000000000000111000000000000000000000000000000000000000000000000000000000000
0000000000000000000000000000000000000000000000000000000000000000000000000000000000000000000000000000000000011000000000000000000000000111000000000000000000000000000000000000000000000000000000011110000000000000000000000000000000000000000000000000000000000000
0000000000000000000000000000000000000000000000000000000000000000000000000000000000000000000000000000000000111000000000000000000000001110000000000000000000000000000000000000000000000000000001111100000000000000000000000000000000000000000000000000000000000000
0000000000000000000000000000000000000000000000000000000000000000000000000000000000000000000000000000000001111000000000000000000000001100000000000000000000000000000000000000000000000000000011100000000000000000000000000000000000000000000000000000000000000000
0000000000000000000000000000000000000000000000000000000000000000000000000000000000000000000000000000000001100000000000000000000000001100000000000000000000000000000000000000000001111110011111000000000000000000000000000000000000000000000000000000000000000000
0000000000000000000000000000000000000000000000000000000000000000000000000000000000000000000000000000000001100000000000000000000000001110000000000000000000000000000000000000000001111111111100000000000000000000000000000000000000000000000000000000000000000000
0000000000000000000000000000000000000000000000000000000000000000000000000000000000000000000000000000000001110000000000000000000000000110000000000000000000000000000000000000000000000011110000000000000000000000000000000000000000000000000000000000000000000000
0000000000000000000000000000000000000000000000000000000000000000000000000000000000000000000000000000000000110000000000000000000000000110000000000000000000000000000000000000000000000000000000000000000000000000000000000000000000000000000000000000000000000000
0000000000000000000000000000000000000000000000000000000000000000000000000000000000000000000000000000000000110000000000000000000000000010000000000000000000000000000000000000000000000000000000000000000000000000000000000000000000000000000000000000000000000000
0000000000000000000000000000000000000000000000000000000000000000000000000000000000000000000000000000000000011000000000000000000000000000000000000000000000000000000000000000000000000000000000000000000000000000000000000000000000000000000000000000000000000000
0000000000000000000000000000000000000000000000000000000000000000000000000000000000000000000000000000000000011100000000000000000000000000000000000000000000000000000000000000000000000000000000000000000000000000000000000000000000000000000000000000000000000000
0000000000000000000000000000000000000000000000000000000000000000000000000000000000000000000000000000000000001100000000000000000000000000000000000000000000000000000000000000000000000000000000000000000000000000000000000000000000000000000000000000000000000000
0000000000000000000000000000000000000000000000000000000000000000000000000000000000000000000000000000000000001100000000000000000000000000000000000000000000000000000000000000000000000000000000000000000000000000000000000000000000000000000000000000000000000000
0000000000000000000000000000000000000000000000000000000000000000000000000000000000000000000000000000000000011100000000000000000000000000000000000000000000000000000000000000000000000000000000000000000000000000000000000000000000000000000000000000000000000000
0000000000000000000000000000000000000000000000000000000000000000000000000000000000000000000000000000000000011000000000000000000000000000000000000000000000000000000000000000000000000000000000000000000000000000000000000000000000000000000000000000000000000000
0000000000000000000000000000000000000000000000000000000000000000000000000000000000000000000000000000000000011111000000000000000000000000000000000000000000000000000000000000000000000000000000000000000000000000000000000000000000000000000000000000000000000000
0000000000000000000000000000000000000000000000000000000000000000000000000000000000000000000000000000000000001111000000000000000000000000000000000000000000000000000000000000000000000000000000000000000000000000000000000000000000000000000000000000000000000000
0000000000000000000000000000000000000000000000000000000000000000000000000000000000000000000000000000000000001111100000000000000000000000000000000000000000000000000000000000000000000000000000000000000000000000000000000000000000000000000000000000000000000000
0000000000000000000000000000000000000000000000000000000000000000000000000000000000000000000000000000000000011111100000000000000000000000000000000000000000000000000000000000000000000000000000000000000000000000000000000000000000000000000000000000000000000000
0000000000000000000000000000000000000000000000000000000000000000000000000000000000000000000000000000000000011011000000000000000000000000000000000000000000000000000000000000000000000000000000000000000000000000000000000000000000000000000000000000000000000000
0000000000000000000000000000000000000000000000000000000000000000000000000000000000000000000000000000000000111001100000000000000000000000000000000000000000000000000000000000000000000000000000000000000000000000000000000000000000000000000000000000000000000000
0000000000000000000000000000000000000000000000000000000000000000000000000000000000000000000000000000000000110001100000000000000000000000000000000000000000000000000000000000000000000000000000000000000000000000000000000000000000000000000000000000000000000000
0000000000000000000000000000000000000000000000000000000000000000000000000000000000000000000000000000000111110001100000000000000000000000000000000000000000000000000000000000000000000000000000000000000000000000000000000000000000000000000000000000000000000000
0000000000000000000000000000000000000000000000000000000000000000000000000000000000000000000000000000001111100000110000000000000000000000000000000000000000000000000000000000000000000000000000000000000000000000000000000000000000000000000000000000000000000000
0000000000000000000000000000000000000000000000000000000000000000000000000000000000000000000000000000011100000000110000000000000000000000000000000000000000000000000000000000000000000000000000000000000000000000000000000000000000000000000000000000000000000000
0000000000000000000000000000000000000000000000000000000000000000000000000000000000000000000000000000011000000000110000000000000000000000000000000000000000000000000000000000000000000000000000000000000000000000000000000000000000000000000000000000000000000000
0000000000000000000000000000000000000000000000000000000000000000000000000000000000000000000000000000011000000000110000000000000000000000000000000000000000000000000000000000000000000000000000000000000000000000000000000000000000000000000000000000000000000000
0000000000000000000000000000000000000000000000000000000000000000000000000000000000000000000000000000011000000000110000000000000000000000000000000000000000000000000000000000000000000000000000000000000011000000000000000000000000000000000000000000000000000000
0000000000000000000000000000000000000000000000000000000000000000000000000000000000000000000000000001111000000000110000000000000000000000000000000000000000000000000000000000000000000000000000000000000011111111111111100000000000000000000000000000000000000000
0000000000000000000000000000000000000000000000000000000000000000000000000000000000000000000000000111100000000000110000000000000000000000000000000000000000000000000000000000000000000000000000000000000000111111111111110000000000000000000000000000000000000000
0000000000000000000000000000000000000000000000000000000000000000000000000000000000000000000000001110000000000000110000000000000000000000000000000000000000000000000000000000000000000000000000000000000000000000000000111000000000000000000000000000000000000000
0000000000000000000000000000000000000000000000000000000000000000000000000000000000000000000000111100000000000000110000000000000000000000000000000000000000000000000000000000000000000000000000000000000000000000000000011000000000000000000000000000000000000000
0000000000000000000000000000000000000000000000000000000000000000000000000000000000000000000000110000000000000000110000000000000000000000000000000000000000000000000000000000000000000000000000000000000000000000000000001100000000000000000000000000000000000000
0000000000000000000000000000000000000000000000000000000000000000000000000000000000000000000000110000000000000000110000000000000000000000000000000000000000000000000000000000000000000000000000000000000000000000000000000111000000000000000000000000000000000000
0000000000000000000000000000000000000000000000000000000000000000000000000000000000000000000000110000000000000000111000000000000000000000000000000000000000000000000000000000000000000000000000000000000000000000000000000011100000000000000000000000000000000000
0000000000000000000000000000000000000000000000000000000000000000000000000000000000000000000111110000000000000000011000000000000000000000000000000000000000000000000000000000000000000000000000000000000000000000000000000001110000000000000000000000000000000000
0000000000000000000000000000000000000000000000000000000000000000000000000000000000000000001111100000000000000000011000000000000000000000000000000000000000000000000000000000000000000000000000000000000000000000000000000000111000000000000000000000000000000000
0000000000000000000000000000000000000000000000000000000000000000000000000000000000000000001100000000000000000000011000000000000000000000000000000000000000000000000000000000000000000000000000000000000000000000000000000000011100000000000000000000000000000000
1110000001110000000000000000000000000000000000000000000000000000000000000000000000000000111000000000000000000000000000000000000000000000000000000000000000000000000000000000000000000000000000000000000000000000000000000000001110000000000000000000000000000000
1111111111111111100000000000000000000000000000000000000000000000000000000000000000000001110000000000000000000000000000000000000000000000000000000000000000000000000000000000000000000000000000000000000000000000000000000000000110000000000000000000000000000000
0011111111011111111001111111000000000000000000000000000000000000000000000000000000000011100000000000000000000000000000000000000000000000000000000000000000000000000000000000000000000000000000000000000000000000000000000000000110000000000000000000000000000000
0000000000000000111111111111100000000000000000000000000000000000000000000000000000000111000000000000000000000000000000000000000000000000000000000000000000000000000000000000000000000000000000000000000000000000000000000000000111000000000000000000000000000000
0000000000000000000110000001000000000000000000000000000000000000000000000000000000001100000000000000000000000000000000000000000000000000000000000000000000000000000000000000000000000000000000000000000000000000000000000000000011100000000000000000000000000000
0000000000000000000000000000000000000000000000000000000000000000000000000000000000011100000000000000000000000000000000000000000000000000000000000000000000000000000000000000000000000000000000000000000000000000000000000000000001100000000000000000000000000000
0000000000000000000000000000000000000000000000000000000000000000000000000000000000111000000000000000000000000000000000000000000000000000000000000000000000000000000000000000000000000000000000000000000000000000000000000000000000110000000000000000000000000000
0000000000000000000000000000000000000000000000000000000000000000000000000000000001110000000000000000000000000000000000000000000000000000000000000000000000000000000000000000000000000000000000000000000000000000000000000000000000110000000000000000000000000000
0000000000000000000000000000000000000000000000000000000000000000000000000000000001100000000000000000000000000000000000000000000000000000000000000000000000000000000000000000000000000000000000000000000000000000000000000000000000110000000000000000000000000000
0000000000000000000000000000000000000000000000000000000000000000000000000000000001000000000000000000000000000000000000000000000000000000000000000000000000000000000000000000000000000000000000000000000000000000000000000000000000011000000000000000000000000000
0000000000000000000000000000000000000000000000000000000000000000000000000000000000000000000000000000000000000000000000000000000000000000000000000000000000000000000000000000000000000000000000000000000000000000000000000000000000011000000000000000000000000000
0000000000000000000000000000000000000000000000000000000000000000000000000000000000000000000000000000000000000000000000000000000000000000000000000000000000000000000000000000000000000000000000000000000000000000000000000000000000011000000000000000000000000000
0000000000000000000000000000000000000000000000000000000000000000000000000000000000000000000000000000000000000000000000000000000000000000000000000000000000000000000000000000000000000000000000000000000000000000000000000000000000011000000000000000000000000000
0000000000000000000000000000000000000000000000000000000000000000000000000000000000000000000000000000000000000000000000000000000000000000000000000000000000000000000000000000000000000000000000000000000000000000000000000000000000011100000000000000000000000000
0000000000000000000000000000000000000000000000000000000000000000000000000000000000000000000000000000000000000000000000000000000000000000000000000000000000000000000000000000000000000000000000000000000000000000000000000000000000001100000000000000000000000000
0000000000000000000000000000000000000000000000000000000000000000000000000000000000000000000000000000000000000000000000000000000000000000000000000000000000000000000000000000000000000000000000000000000000000000000000000000000000000110000000000000000000000000
0000000000000000000000000000000000000000000000000000000000000000000000000000000000000000000000000000000000000000000000000000000000000000000000000000000000000000000000000000000000000000000000000000000000000000000000000000000000000111000000000000000000000000
0000000000000000000000000000000000000000000000000000000000000000000000000000000000000000000000000000000000000000000000000000000000000000000000000000000000000000000000000000000000000000000000000000000000000000000000000000000000000011100000000000000000000000
0000000000000000000000000000000000000000000000000000000000000000000000000000000000000000000000000000000000000000000000000000000000000000000000000000000000000000000000000000000000000000000000000000000000000000000000000000000000000001100000000000000000000000
0000000000000000000000000000000000000000000000000000000000000000000000000000000000000000000000000000000000000000000000000000000000000000000000000000000000000000000000000000000000000000000000000000000000000000000000000000000000000001110000000000000000000000
0000000000000000000000000000000000000000000000000000000000000000000000000000000000000000000000000000000000000000000000000000000000000000000000000000000000000000000000000000000000000000000000000000000000000000000000000000000000000000110000000000000000000000
0000000000000000000000000000000000000000000000000000000000000000000000000000000000000000000000000000000000000000000000000000000000000000000000000000000000000000000000000000000000000000000000000000000000000000000000000000000000000000111000000000000000000000
0000000000000000000000000000000000000000000000000000000000000000000000000000000000000000000000000000000000000000000000000000000000000000000000000000000000000000000000000000000000000000000000000000000000000000000000000000000000000000011100000000000000000000
0000000000000000000000000000000000000000000000000000000000000000000000000000000000000000000000000000000000000000000000000000000000000000000000000000000000000000000000000000000000000000000000000000000000000000000000000000000000000000001110000000000000000000
0000000000000000000000000000000000000000000000000000000000000000000000000000000000000000000000000000000000000000000000000000000000000000000000000000000000000000000000000000000000000000000000000000000000000000000000000000000000000000000110000000000000000000
0000000000000000000000000000000000000000000000000000000000000000000000000000000000000000000000000000000000000000000000000000000000000000000000000000000000000000000000000000000000000000000000000000000000000000000000000000000000000000000111000000000000000000
0000000000000000000000000000000000000000000000000000000000000000000000000000000000000000000000000000000000000000000000000000000000000000000000000000000000000000000000000000000000000000000000000000000000000000000000000000000000000000000011100000000000000000
0000000000000000000000000000000000000000000000000000000000000000000000000000000000000000000000000000000000000000000000000000000000000000000000000000000000000000000000000000000000000000000000000000000000000000000000000000000000000000000001100000000000000000
0000000000000000000000000000000000000000000000000000000000000000000000000000000000000000000000000000000000000000000000000000000000000000000000000000000000000000000000000000000000000000000000000000000000000000000000000000000000000000000001100000000000000000
0000000000000000000000000000000000000000000000000000000000000000000000000000000000000000000000000000000000000000000000000000000000000000000000000000000000000000000000000000000000000000000000000000000000000000000000000000000000000000000001110000000000000000
0000000000000000000000000000000000000000000000000000000000000000000000000000000000000000000000000000000000000000000000000000000000000000000000000000000000000000000000000000000000000000000000000000000000000000000000000000000000000000000000110000000000000000
0000000000000000000000000000000000000000000000000000000000000000000000000000000000000000000000000000000000000000000000000000000000000000000000000000000000000000000000000000000000000000000000000000000000000000000000000000000000000000000000011000000000000000
0000000000000000000000000000000000000000000000000000000000000000000000000000000000000000000000000000000000000000000000000000000000000000000000000000000000000000000000000000000000000000000000000000000000000000000000000000000000000000000000011111000000000000
0000000000000000000000000000000000000000000000000000000000000000000000000000000000000000000000000000000000000000000000000000000000000000000000000000000000000000000000000000000000000000000000000000000000000000000000000000000000000000000000001111100000000000
0000000000000000000000000000000000000000000000000000000000000000000000000000000000000000000000000000000000000000000000000000000000000000000000000000000000000000000000000000000000000000000000000000000000000000000000000000000000000000000000000001110000000000
0000000000000000000000000000000000000000000000000000000000000000000000000000000000000000000000000000000000000000000000000000000000000000000000000000000000000000000000000000000000000000000000000000000000000000000000000000000000000000000000000000111000000000
0000000000000000000000000000000000000000000000000000000000000000000000000000000000000000000000000000000000000000000000000000000000000000000000000000000000000000000000000000000000000000000000000000000000000000000000000000000000000000000000000000011100000000
0000000000000000000000000000000000000000000000000000000000000000000000000000000000000000000000000000000000000000000000000000000000000000000000000000000000000000000000000000000000000000000000000000000000000000000000000000000000000000000000000000001100000000
0000000000000000000000000000000000000000000000000000000000000000000000000000000000000000000000000000000000000000000000000000000000000000000000000000000000000000000000000000000000000000000000000000000000000000000000000000000000000000000000000000001110000000
0000000000000000000000000000000000000000000000000000000000000000000000000000000000000000000000000000000000000000000000000000000000000000000000000000000000000000000000000000000000000000000000000000000000000000000000000000000000000000000000000000000111000000
0000000000000000000000000000000000000000000000000000000000000000000000000000000000000000000000000000000000000000000000000000000000000000000000000000000000000000000000000000000000000000000000000000000000000000000000000000000000000000000000000000000011000000
0000000000000000000000000000000000000000000000000000000000000000000000000000000000000000000000000000000000000000000000000000000000000000000000000000000000000000000000000000000000000000000000000000000000000000000000000000000000000000000000000000000011000000
0000000000000000000000000000000000000000000000000000000000000000000000000000000000000000000000000000000000000000000000000000000000000000000000000000000000000000000000000000000000000000000000000000000000000000000000000000000000000000000000000000000011000000
0000000000000000000000000000000000000000000000000000000000000000000000000000000000000000000000000000000000000000000000000000000000000000000000000000000000000000000000000000000000000000000000000000000000000000000000000000000000000000000000000000000001100000
0000000000000000000000000000000000000000000000000000000000000000000000000000000000000000000000000000000000000000000000000000000000000000000000000000000000000000000000000000000000000000000000000000000000000000000000000000000000000000000000000000000001100000
0000000000000000000000000000000000000000000000000000000000000000000000000000000000000000000000000000000000000000000000000000000000000000000000000000000000000000000000000000000000000000000000000000000000000000000000000000000000000000000000000000000001100000
0000000000000000000000000000000000000000000000000000000000000000000000000000000000000000000000000000000000000000000000000000000000000000000000000000000000000000000000000000000000000000000000000000000000000000000000000000000000000000000000000000000001100000
0000000000000000000000000000000000000000000000000000000000000000000000000000000000000000000000000000000000000000000000000000000000000000000000000000000000000000000000000000000000000000000000000000000000000000000000000000000000000000000000000000000011100000
0000000000000000000000000000000000000000000000000000000000000000000000000000000000000000000000000000000000000000000000000000000000000000000000000000000000000000000000000000000000000000000000000000000000000000000000000000000000000000000000000000000111000000
0000000000000000000000000000000000000000000000000000000000000000000000000000000000000000000000000000000000000000000000000000000000000000000000000000000000000000000000000000000000000000000000000000000000000000000000000000000000000000000000000000000110000000
0000000000000000000000000000000000000000000000000000000000000000000000000000000000000000000000000000000000000000000000000000000000000000000000000000000000000000000000000000000000000000000000000000000000000000000000000000000000000000000000000000000111000000
0000000000000000000000000000000000000000000000000000000000000000000000000000000000000000000000000000000000000000000000000000000000000000000000000000000000000000000000000000000000000000000000000000000000000000000000000000000000000000000000000000000011000000
0000000000000000000000000000000000000000000000000000110000000000000000000000000000000000000000000000000000000000000000000000000000000000000000000000000000000000000000000000000000000000000000000000000000000000000000000000000000000000000000000000000011000000
0000000000000000000000000000000000000000000000000000110000000000000000000000000000000000000000000000000000000000000000000000000000000000000000000000000000000000000000000000000000000000000000000000000000000000000000000000000000000000000000000000000011000000
0000000000000000000000000000000000000000000000000000110000000000000000000000000000000000000000000000000000000000000000000000000000000000000000000000000000000000000000000000000000000000000000000000000000000000000000000000000000000000000000000000000011000000
0000000000000000000000000000000000000000000000000000111000000000000000000000000000000000000000000000000000000000000000000000000000000000000000000000000000000000000000000000000000000000000000000000000000000000000000000000000000000000000000000000000001100000
0000000000000000000000000000000000000000000000000000011000000000000000000000000000000000000000000000000000000000000000000000000000000000000000000000000000000000000000000000000000000000000000000000000000000000000000000000000000000000000000000000000001110000
0000000000000000000000000000000000000000000000000000011000000000000000000000000000000000000000000000000000000000000000000000000000000000000000000000000000000000000000000000000000000000000000000000000000000000000000000000000000000000000000000000000000110000
0000000000000000000000000000000000000000000000000000011000000000000000000000000000000000000000000000000000000000000000000000000000000000000000000000000000000000000000000000000000000000000000000000000000000000000000000000000000000000000000000000000000111000
0000000000000000000000000000000000000000000000000000011000000000000000000000000000000000000000000000000000000000000000000000000000000000000000000000000000000000000000000000000000000000000000000000000000000000000000000000000000000000000000000000000000011000
0000000000000000000000000000000000000000000000000000011000000000000000000000000000000000000000000000000000000000000000000000000000000000000000000000000000000000000000000000000000000000000000000000000000000000000000000000000000000000000000000000000000011100
0000000000000000000000000000000000000000000000000000011000000000000000000000000000000000000000000000000000000000000000000000000000000000000000000000000000000000000000000000000000000000000000000000000000000000000000000000000000000000000000000000000000001111
0000000000000000000000000000000000000000000000000000111000000000000000000000000000000000000000000000000000000000000000000000000000000000000000000000000000000000000000110000000000000000000000000000000000000000000000000000000000000000000000000000000000011111
0000000000000000000000000000000000000000000000000000111000000000000000000000000000000000000000000000000000000000000000000000000000000000000000000000000000000000000000110000000000000000000000000000000000000000000000000000000000000000000000000000000000111000
0000000000000000000000000000000000000000000000000011111110000000010000000000000000000000000000000000000000000000000000000000000000000000000000000000000000000000000000110000000000000000000000000000000000000000000000000000000000000000000000000000000001110000
0000000000000000000000000000000000000000000000000111101111001111111111000000000000000000000000000000000000000000000000000000000000000000000000000000000000000000000000110000000000000000001100000000000000000000000000000000000000000000000000011111110001110000
0000000000000000000000000000000000000000000000001110000011111111101111110000001000000000000000000000000000000000000000000000000000000000000000000000000000000000000000110000000000000000001100000000000000000000000000000000000000000000000000111111111111111000
0000000000000000000000000000000000000000000000011000000001111000000001111111111000000000000000000000000000000000000000000000000000000000000000000000000000000000000001110000000000000000001111000000000000000000000000000000000000000000000000110000001111011100
0000000000000000000000000000000000000000000000011000000000000000000000011111110000000000000000000000000000000000000000000000000000000000000000000000000000000000000001100000000000000000000111111100001000000000000000000000000000000000000000110000000000001100
0000000000000000000000000000000000000000000000011000000000000000000000000000000000000000000000000000000000000000000000000000000000000000000000000000000000000000000011100000000000000001111111111111111100000000000000000000000000000000000000111000000000001100
0000000000000000000000000000000000000000000000011000000000000000000000000000000000000000000000000000000000000000000000000000000000000000000000000000000000000000000011000000000000000001111100000011111100000000000000000000000000000000000000011111000000001100
0000000000000000000000000000000000000000000000111000000000000000000000000000000000000000000000000000000000000000000000000000000000000000000000000000000000000000000110000000000000000000000000000000011100000000000000000000000000000000000000001111100000000110
0000000000000000000000000000000000000000000000110000000000000000000000000000000000000000000000000000000000000000000000000000000000000000000000000000000000000000001100000000000000000000000000000000001110000000000000000000000000000000000000000001100000000111
0000000000000000000000000000000000000000000000011000000000000000000000000000000000000000000000000000000000000000000000000000000000000000000000000000000000000000001100000000000000000000000000000000000110000000000000000000000000000000000000000001100000000011
0000000000000000000000000000000000000000000000011000000000000000000000000000000000000000000000000000000000000000000000000000000000000000000000000000000000000000011100000000000000000000000000000000000111000000000000000000000000000000000000000001100000000000
0000000000000000000000000000000000000000000000011000000000000000000000000000000000000000000000000000000000000000000000000000000000000000000000000000000000000000011000000000000000000000000000000000000011000000000000000000000000000000000000000001100000000000
0000000000000000000000000000000000000000000000111000000000000000000000000000000000000000000000000000000000000000000000000000000000000000000000000000000000000000011000000000000000000000000000000000000011000000000000000000000000000000000000000001100000000000
0000000000000000000000000000000000000000000001110000000000000000000000000000000000000000000000000000000000000000000000000000000000000000000000000000000000000000110000000000000000000000000000000000000011000000000000000000000000000000000000000001100000000000
0000000000000000000000000000000000000000000001100000000000000000000000000000000000000000000000000000000000000000000000000000000000000000000000000100000000000000110000000000000000000000000000000000000011000000000000000000000000000000000000000001100000000000
0000000000000000000000000000000000000000000001100000000000000000000000000000000000000000000000000000000000000000000000000000000000000000000000011111100000000000110000000000000000000000000000000000000011000000000000000000000000000000000000000000111000000000
0000000000000000000000000000000000000000000001110000000000000000000000000000000000000000000000000000000000000000000000000000000000000000000000111111111111111000110000000000000000000000000000000000000011000000000000000000000000000000000000000000011100000000
0000000000000000000000000000000000000000000001110000000000000000000000000000000000000000000000000000000000000000000000000000000000000000000001110000011111111000111000000000000000000000000000000000000011000000000000000000000000000000000000000000000110000000
0000000000000000000000000000000000000000000111100000000000000000000000000000000000000000000000000000000000000000000000000000000000000000000111100000000000001111111000000000000000000000000000000000000011000000000000000000000000000000000000000000000110000000
0000000000000000000000000000000000000000011111000000000000000000000000000000000000000000000000000000000000000000000000000000000000000001111111000000000000000111001100000000000000000000000000000000000011000000000000000000000000000000000000000000000110000000
0000000000000000000000000000000000000000111100000000000000000000000000000000000000000000000000000000000000000000000000000000000000000001111000000000000000000000001100000000000000000000000000000000000011100000000000000000000000000000000000000000000110000000
0000000000000000000000000000000000000000110000000000000000000000000000000000000000000000000000000000000000000000000000000000000111110111100000000000000000000000001110000000000000000000000000000000000001100000000000000000000000000000000000000000000110000000
0000000000000000000000000000000000000000110000000000000000000000000000000000000000000000000000000000000000000000000000000000011111111111000000000000000000000000000110000000000000000000000000000000000001100000000000000000000000000000000000000000000110000000
0000000000000000000000000000000000000000110000000000000000000000000000000000000000000000000000000000000000000000000000000001111000011100000000000000000000000000000110000000000000000000000000000000000001100000000000000000000000000000000000000000000110000000
0000000000000000000000000000000000000001100000000000000000000000000000000000000000000000000000000000000000000000000000000001110000000000000000000000000000000000001110000000000000000000000000000000000001110000000000000000000000000000000000000000000111000000
0000000000000000000000000000000000000001100000000000000000000000000011100000000000000000000000000000000000000000000000000000000000000000000000000000000000000000001110000000000000000000000000000000000000111000000000000000000000000000000000000000000011000000
0000000000000000000000000000000000000001110000000000000000000000011111110000000000000000000000000000000000000000000000000000000000000000000000000000000000000000001100000000000000000000000000000000000000011100000000000000000000000000000000000000000011000000
0000000000000000000000000000000000000000110000000000000000001111111100110000000000000000000000000000000000000000000000000000000000000000000000000000000000000000001110000000000000000000000000000000000000001110000000000000000000000000000000000000000001100000
0000000000000000000000000000000000000001110000000000001111111111110000111000000000000000000000000000000000000000000000000000000000000000000000000000000000000000001111000000000000000000000000000000000000000110000000000000000000000000000000000000000001100000
0000000000000000000000000000000000000001100000000000011111110000000000011100001111000000000000000000000000000000000000000000000000000000000000000000000000000000000011000000000000000000000000000000000000000011000000000000000000000000000000000000000001100000
0000000000000000000000000000000000000011100000000000111000000000000000001111111111100000000000000000000000000000000000000000000000000000000000000000000000000000000011000000000000000000000000000000000000000011000000000000000000000000000000000000000001100000
0000000000000000000000000000000000000111000000000001110000000000000000000011111000000000000000000000000000000000000000000000000000000000000000000000000000000000000001100000000000000000000000000000000000000001100000000000000000000000000000000000000011000000
0000000000000000000000000000000000000111111111000011100000000000000000000000000000000000000000000000000000000000000000000000000000000000000000000000000000000000000001100000000000000000000000000000000000000001100000000000000000000000000000000000000011000000
0000000000000000000000000000000000111111111111111111000000000000000000000000000000000000000000000000000000000000000000000000000000000000000000000000000000000000000001100000000000000000000000000000000000000001110000000000000000000000000000000000000111000000
0000000000000000000000000000000011111110000001111100000000000000000000000000000000000000000000000000000000000000000000000000000000000000000000000000000000000000000001100000000000000000000000000000000000000000110000000000000000000000000000000000000110000000
0000000000000000000000000000000011100000000000000000000000000000000000000000000000000000000000000000000000000000000000000000000000000000000000000000000000000000000001111100000000000000000000000000000000000000111000000000000000000000000000000000000110000000
0000000000000000000000110000000011000000000000000000000000000000000000000000000000000000000000000000000000000000000000000000000000000000000000000000000000000000000000011100000000000000000000000000000000000000011000000000000000000000000000000000000110000000
0000000000000000001111111000000011000000000000000000000000000000000000000000000000000000000000000000000000000000000000000000000000000000000000000000000000000000000000001100110000000000000000000000000000000000011100000000000000000000000000000000001100000000
1000000000000011111111011000000111000000000000000000000000000000000000000000000000000000000000000000000000000000000000000000000000000000000000000000000000000000000000001111111111100000000000000000000000000000001100000000000000000000000000000000001110000000
1100000000000111111000001100000110000000000000000000000000000000000000000000000000000000000000000000000000000000000000000000000000000000000000000000000000000000000000000111001111110000000000000000000000000000001100000000000000000000000000000000000110000000
1110000000011110000000011000001100000000000000000000000000000000000000000000000000000000000000000000000000000000000000000000000000000000000000000000000000000000000000000000000000111000000000000000000000000000001100000000000011111110000000000000000110000000
0111000000111000000000001100011100000000000000000000000000000000000000000000000000000000000000000000000000000000000000000000000000000000000000000000000000000000000000000000000000011100000000000000000000000000001100000000001111111111100000000000001100000000
0011100011110000000000001111111000000000000000000000000000000000000000000000000000000000000000000000000000000000000000000000000000000000000000000000000000000000000000000000000000001100000000000000000000000000001100000000001100000011111000000000011100000000
0001111111000000000000000111111000000000000000000000000000000000000000000000000000000000000000000000000000000000000000000000000000000000000000000000000000000000000000000000000000001110000000000000000000000000011100000000001100000000111100000001111100000000
0000011100000000000000000001111110000000000000000000000000000000000000000000000000000000000000000000000000000000000000000000000000000000000000000000000000000000000000000000000000001110000000000000000000000000011000000000001100000000001111100111110000000000
0000000000000000000000000000001111110000000000000000000000000000000000000000000000000000000000000000000000000000000000000000000000000000000000000000000000000000000000000000000000001100000000000000000000000000011100000000000110011110000011111110000000000000
0000000000000000000000000000000001111100000000000000000000000000000000000000000000000000000000000000000000000000000000000000000000000000000000000000000000000000000000000000000000001111110000000000000000000000001100000000000111111111000000111000000000000000
0000000000000000000000000000000000001110000000000000000000000000000000000000000000000000000000000000000000000000000000000000000000000000000000000000000000000000000000000000000000001111110000000000000000000000001110000000000011100011100000000000000000000000
0000000000000000000000000000000000000110000000000000000000000000000000000000000000000000000000000000000000000000000000000000000000000000000000000000000000000000000000000000000000000111110000000000000000000000000110000000000111000001110000000000000000000000
0000000000000000000000000000000000000110000000000000000000000000000000000000000000000000000000000000000000000000000000000000000000000000000000000000000000000000000000000000000000000000110000000000000000000000001100000000000110000000110000000000000000000000
0000000000000000000000000000000000000110000000000000000000000000000000000000000000000000000000000000000000000000000000000000000000000000000000000000000000000000000000000000000000000000110000000000000000000000001100000000001100000000110000000000000000000000
0000000000000000000000000000000000000110000000000000000000000000000000000000000000000000000000000000000000000000000000000000011000000000000000000000000000000000000000000000000000000000111000000000000000000000001100000000001100000001110000000000000000000000
0000000000000000000000000000000000001110000000000000000000000000000000000000000000000000000000000000000000000000000000000000011000000000000000000000000000000000000000000000000000000000110000000000000000000000001100000000001100000011100000000000000000000000
0000000000000000000000000000000000001100000000000000000000000000000000000000000000000000000000000000000000000000000000000000011000000000000000000000000000000000000000010000000000000001110000000000000000000000001100000000001100000011000000000000000000000000
0000000000000000000000000000000000001100000000000000000000000000000000000000000000000000000000000000000000000000000000000000011000000000000000000000000000000000000000111100000000000011100000000000000000000000001100000000001100000110000000000000000000000000
0000000000000000000000000000000000011000000000000000000000000000000000000000000000000000000000000000000000000000000000000000011000000000000000000000000000000000000001111111000000000111000000000000000000000000001100000000001100001100000000000000000000000000
0000000000000000000000000000000000011000000000000000000000000000000000000000000000000000000000000000000000000000000000000000011000000000000000000000000000000000000000110011100000000110000000000000000000000000001110000000001100011100000000000000000000000000
0000000000000000000000000000000000011000000000000000000000000000000000000000000000000000000000000000000000000000000000000000011000000000000000000000000000000000000000111001110000011110000000000000000000000000001100000000001100111000000000000000000000000000
0000000000000000000000000000000000011100000000000000000000000000000000000000000000000000000000000000000000000000000000000000011000000000000000000000000000000000000000011000111111111000000000000000000000000000001100000000001100110000000000000000000000000000
0000000000000000000000000000000000001111111111111000000000000000000000000000000000000000000000000000000000000000000000000000011000000000000000000000000000000000000001111000011111100000000000000000000000000000011000000000011101100000000000000000000000000000
0000000000000000000000000000000000000111111111111100000000000000000000000000000000000000000000000000000000000000000000000000011000000000000000000000000000000000000001100000000000000000000000000000000000000000011111111111111011100000000000000000000000000000
0000000000000000000000000000000000000000000000001110000000000000000000000000000000000000000000000000000000000000000000000000011000000000000000000000000000000000000111100000000000000000000000000000000000000000111111111111110011000000000000000000000000000000
0000000000000000000000000000000000000000000000000111000000000000000000000000000000000000000000000000000000000000000000000000011000000000000000000000000000000000001111000000000000000000000000000000000000000001110000000000000111000000000000000000001111111100
0000000000000000000000000000000000000000000000000011000000000000000000000000000000000000000000000000000000000000000000000000011000000000000000000000000000000000001100000000000000000000000000000000000000000001100000000000001110000000000000000000011111111111
0000000000000000000000000000000000000000000000000001100000000000000000000000000000000000000000000000000000000000000000000000011000000000000000000000000000000000001110000000000000000000000000000000000000000011100000000000011100000000000000000000111000000111
0000000000000000000000000000000000000000000000000001110000000011100000000000000000000000000000000000000000000000000000000000111000000000000000000000000000000000000110000000000000000000000000000000000000000011000000000000111000000000000000000001110000000000
0000000000000000000000000000000000000000000000000000111000011111111000000000000000000000000000000000000000000000000000000000110000000000000000000000000000000000000110000000000000000000000000000000000000000110000000000000110000000000000000000111100000000000
0000000000000000000000000000000000000000000000000111111111111100111100000000000000000000000000000000000000000000000000000000110000000000000000000000000000000000000111000000000000000000000000000000000000000110000000000000110000000000000000011110000000000000
0000000000000000000000000000000000000000000000000111000111100000001100000000000000000000000000000000000000000000000000000000110000000000000000000000000000000000000011100000000000000000000000000000000000001100000000000000110000000000000011111100000000000000
0000000000000000000000000000000000000000000000001100000000000000000110000000000000000000000000000000000000000000000000000000110000000000000000000000000000000000000001100000000000000000000000000000000000001100000000000000110000000000001111110000000000000001
0000000000000000000000000000000000000000000000001110000000000000000110000000000000000000000000000000000000000000000000000000111000000000000000000000000000000000000001111111000000000000000000000000000000011000000000000000111111111001111110000000000000000001
0000000000000000000000000000000000000000000000000111000000000000000111000000000000000000000000000000000000000000000000000000110000000000000000000000000000000000000000111111100000000000000000000000000000111000000000000000001111111111110000000000000000000011
0000000000000000000000000000000000000000000000000011100000000000000011000000000000000000000000000000000000000000000000000001110000000000000000000000000000000000000000011011100000000000000000000000000000110000000000000000000000000110000000000000000000000111
0000000000000000000000000000000000000000000000000001100000000000000011000000000000000000000000000000000000000000000000000011100000000000000000000000000000000000000000011111000000000000000000000000000000110000000000000000000000000000000000000000000000000110
0000000000000000000000000000000000000000000000000001110000000000000011000000000000000000000000000000000000000000000000000111000000000000000000000000000000000000000000011100000000000000000000000000000000111100000000000000000000000000000000000000000000001100
0000000000000000000000000000000000000000000000000000111000000000000011000000000000000000000000000000000000000000000000001111000000000000000000000000000000000000000000011000000000000000000000000000000000011111000000000000000000000000000000000000000000011000
0000000000000000000000000000000000000000000000000000011000000000000011000000000000000000000000000000000000000000000000001110000000000000000000000000000000000000000000111000000000000000000000000000000000000111111000111110000000000000000000000000000000110000
0000000000000000000000000000000000000000000000000000011000000000000001100000000000000000000000000000000000000000000000000110000000000000000000000000000000000000000001110000000000000000000000000000000000000001111111111111000000000000000000000000000001100000
0000000000000000000000000000000000000000000000000000011000000000000001100000000000000000000000000000000000000000000000000110000000000000000000000000000000000000000001100000000000000000000000000000000000000000000111100011100000000000000000000000000011100000
0000000000000000000000000000000000000000000000000000011100000000000001100000000000000000000000000000000000000000000000001110000000000000000000000000000000000000000001100000000000000000000000000000000000000000000000000001100000000000000000000000000111000000
0000000000000000000000000000000000000000000000000000001110000000000001100000000000001110000000000000000000011111100111111100000000000000000000000000000000000000000001110000000000000000000000000000000000000000000000000001100000000000000000000000000110000000
0000000000000000000000000000000000000000000000000001110110000000000000110000000000011111000000000000000001111111111111111000000000000000000000000000000000000000000000111000000000000000000000000000000000000000000000000001110000000000000000000000001100000000
0000000000000000000000000000000000000000000000000011110110000000000000111000000000111011110000000000001111110000111100100000000000000000000000000000000000000000000000011000000000000000000000000000000000000000000000000000110000000000000000000000011100000000
0000000000000000000000000000000000000000000000000011111110000000000000011110000011110000111000000000111110000000011100000000000000000000000000000000000000000000000000011000000000000000000000000000000000000000000000000000111000000000000000000000111000000000
0000000000000000000000000000000000000000000000000001111100000000000000001111111111100000011000000011110000000000001100000000000000000000000000000000000000000000000011111000000000000000000000000000000000000000000000000000011000000000000000000001110000000000
0000000000000000000000000000000000000000000000000001100000000000000000000011111110000000001100000111000000000000011100000000000000000000000000000000000000000000000011100000000000000000000000000000000000000000000000000000011000000000000000000001100000000000
0000000000000000000000000000000000000000000000000001100000000000000000000000000000000000001110000110000000000001111000000000000000000000000000000000000000000000000110000000000000000000000000000000000000000000000000000000011000000000000000000011000000000000
0000000000000000000000000000000000000000000000000001100000000000000000000000000000000000000110000111000000000011110000000000000000000000000000000000000000000000000110000000000000000000000000000000000000000000000000000000111000000000000000000011000000000000
0000000000000000000000000000000000000000000000000001100000000000000000000000000000000000000011000011000000000111000000000000000000000000000000000000000000000000000110000000000000000000000000000000000000000000000000011111110000000000000000000011000000000000
0000000000000000000000000000000000000000000000000001100000000000000000000000000000000000000011100011100000000110000000000000000000000000000000000000000000000000001110000000000000000000000000000000000000000000000011111111000000000000000000000011000000000000
0000000000000000000000000000000000000000000000000011111000000000000000000000000000000000000001100001100000000110000000000000000000000000000000000000000000000000001100000000000000000000000000000000000000000000001111100000000000000000000000000001100000000000
0000000000000000000000000000000000000000000000000011011100000000000000000000000000000000000000110001100000000110000000000000000000000000000000000000000000000000000110000000000000000000000000000000000000000000011100000000000000000000000000000001100000000000
0000000000000000000000000000000000000000000000000011001110000000000000000000000000000000000000111001100000000110000000000000000000000000000000000000000000000000000110000000000000000000000000000000000000000000011000000000000000000000000000000001100000000000
0000000000000000000000000000000000000000000000000011000111000000000000000000000000000000000000011111100000000111000000000000000000000000000000000000000000000000000110000000000000000000000000000000000000000000110000000000000000000000000000000001100000000000
0000000000000000000000000000000000000000000000000011000011110000000000000000000000000000000000001111000000000011000000000000000000000000000000000000000000000000001110000000000000000000000000000000000000000000110000000000000000000000000000000001100000000000
0000000000000000000000000000000000000000000000001111000000111000000000000000000000000000000000000000000000000011000000000000000000000000000000000000000000000000111110000000000000000000000000000000000000000000110000000000000000000000000000000001100000000001
0000000000000000000000000000000000000000000000011110000001110000000000000000000000000000000000000000000000000001100000000000000000000000000000000000000000000001110000000000000000000000000000000000000000000000110000000000000000000000000000000001100000001111
0000000000000000000000000000000000000000000000111000000001100000000000000000000000000000000000000000000000000001110000000000000000000000000000000000000000000001100000000000000000000000000000000000000000000000011000000000000000000000000000000000110000111111
0000000000000000000000000000000000000000000111110000000001100000000000000000000000000000000000000000000000000000111000000000000111110000000000000000000000000001100000000000000000000000000000000000000000000000011000000000000000000000000000000000111111111000
0000000000000000000000000000000000000000011111000000000001110000000000000000000000000000000000000000000000000000011000000000011111111110000000000000000001111001100000000000000000000000000000000000000000000000011000000000000000000000000000000000011111000000
0000000000000000000000000000000000000001111000000000000011111000000000000000000000000000000000000000000000000000001100000000111000001111100000000000000011111111100000000000000000000000000000000000000000000000001100000000000000000000000000000000000000000000
0000000000000000000000000000000000000011100000000000000111111000000000000000000000000000000000000000000000000000001110000001110000000011111100000000000011000111110000000000000000000000000000000000000000000000001100000000000000000000000000000000000000000000
0000000000000000000000000000000000011111000000000000000110111111000000000000000000000000000000000000000000000000000111000011100000000000011111000000000011000011111111000000000000000000000000000000000000000000001110000000000000000000000000000000000000000000
0000000000000000000000000001001111111110000000000000001110011111100000000000000000000000000000000000000000000000000011111111000000000000000011100000000110000000011111110000000000000000000000000000000000000000000110000000000000000000000000000000000000000000
0000000001000000000000111111111111110000000000000000001100000001100000000000000000000000000000000000000000000000000001111100000000000000000001100000000110000000000000111000000000000000000000000000000000000000000111000000000000000000000000000000000000000000
0000000011111000000111111111111000000000000000000000001100000000110000000000000000000000000000000000000000000000000000010000000000000000000001110000001110000000000000011000000000000000000000000000000000000000000011000000000000000000000000000000000000000000
0000000000111111111111100000000000000000000000000000011000000000111100000000000000000000000000000000000000000000000000000000000000000000000001111111111100000000000000001100000000000000000000000000000000000000000011000000000000000000000000000000000000000000
0000000000001111111100000000000000000000000000000001111000000000001100000000000000000000000000000000000000000000000000000000000000000000000001111111111000000000000000001100000000011100000000000000000000000000000001100000000000000000000000000000000000000000
0000000000000000000000000000000000000000000000000011110000000000001110000000000000000000000000000000000000000000000000000000000000000000000001100000000000000000000000001110000000111111000000000000000000000000000001100000000000000000000000000000000000000000
0000000000000000000000000000000000000000000000000111000000000000000110000000000000000000000000000000000000000000000000000000000000000000000001100000000000000000000000000110000000110011110000000000111000000000000001100000000000000000000000000000000000000000
0000000000000000000000000000000000000000000000000110000000000000000110000000000000000000000000000000000000000000000000000000000000000000000001100000000000000000000000000011000000110000111100000011111100000000000001100000000000000000000000000000000000000000
0000000000000000000000000000000000000000000000001110000000000000000110000000000000000000000000000000000000000000000000000000000000000000000000110000000000000000000000000011100000110000001111111111000110000000000011100000000000000000000000000000000000000000
0000000000000000000000000000000000000000000000001100000000000000000111100000000000000000000000000000000000000000000000000000000000000000000000110000000000000000000000000001110000110000000011111100000111000000000111000000000000000000000000000000000000000000
0000000000000000000000000000000000000000000000111100000000000000000001100000000000000000000000000000000000000000000000000000000000000000000000110000000000000000000000000000111000011000000000000000000011000000001110000000000000000000000000000000000000000000
0000000000000000000000000000000000000000000001110000000000000000000001110000000000000000000000000000000000000000000000000000000000000000000000110000000000000000000000000000011100011100000000000000000001100000011100000000000000000000000000000000000000000000
0000000000000000000000000000000000000000000011100000000000000000000000110000000000000000000000000000000000000000000000000000000000000000000000110000000000000000000000000000001110001100000000000000000001110000111000000000000000000000000000000000000000000000
0000000000000000000000000000000000000000001111000000000000000000000000110000000000000000000000000000000000000000000000000000000000000000000000011000000000000000000000000000000110001110000000000000000000111111110000000000000000000000000000000000000000000000
0000000000000000000000000000000000000000001110000000000000000000000000111000000000000000000000000000000000000000000000000000000000000000000000011100000000000000000000000000000111000110000000000000000000011111111000000000000000000000000000000000000000000000
0000000000000000000000000000000000000000011110000000000000000000000000011111111100000000000000000000000000000000000000000000000000000000000000001111110000000000000000000000000011000110000000000000000000000000011100000000000000000000000000000000000000000000
0000000000000000000000000000000000000000111110000000000000000000000000001111111100000000000000000000000000000000000000000000000000000000000000001111110000000000000000000000000001110111111000000000000000000000000111000000000000000000000000000000000000000000
0000000000000000000000000000000000000000111100000000000000000000000000000110001100000000000000000000000000000000000000000000000000000000000000000100011000000000000000000000000000111111111100000000000000000000000011100000000000000000000000000000000000000000
0000000000000000000000000000000000000011110000000000000000000000000000000000001110000000000000000000000000000000000000000000000000000000000000000000011000000000000000000000000000011110001111000000000000000000000001111000000000000000000000000000000000000000
0000000000000000000000000000000000000111110000000000000000000000000000000000000111100000000000000000000000000000000000000000000000000000000000000000011000000000000000000000000000000000000011000000000000000000000000011000000000000000000000000000000000000000
0000000000000000000000000000000000000110000000000000000000000000000000000000000011110000000000000000000000000000000000000000000000000000000000000000011000000000000000000000000000000000000001100000000000000000000000011000000000000000000000000000000000000000
0000000000000000000000000000000000000110000000000000000000000000000000000000000000110000000000000000000000000000000000000000000000000000000000000000111000000000000000000000000000000000000001100000000000000000000000011000000000000000000000000000000000000000
0000000000000000000000000000000000000110000000000000000000000000000000000000000000110000000000000000000000000000000000000000000000000000000000000000110111000000000000000000000000000000000000110000000000000000000000011000000000000000000000000000000000000000
0000000000000000000000000000000000001110000000000000000000000000000000000000000000111000000000000000000000000000000000000000000000000000000000000001111111100000000000000000000000000000000000110000000000000000000000011000000000000000000000000000000000000000
0000000000000000000000000000000000011100000000000000000000000000000000000000000000011100000000000000000000000000000000000000000000000000000000000001101101100000000000000000000000000000000000111000000000000000000000011000000000000000000000000000000000000000
0000000000000000000000000000000001111000000000000000000000000000000000000000000000001100000000000000000000000000000000000000000000000000000000000001111001100000000000000000000000000000000000011000000000000000000000011000000000000000000000000000000000000000
1000000000000000000000000011100011100000000000000000000000000000000000000000000000011100000000000000000000000000000000000000000000000000000000000001111000110000000000000000000000000000000000001100000000000000000000011100000000000000000000000000000000000000
1100000000000000000000111111111111000000000000000000000000000000000000000000000000011000000000000000000000000000000000000000000000000000000000000000110000110000000000000000000000000000000000001100000000000000000000001111000000000000000000000000000000000000
1111000000000000000111111100011110000000000000000000000000000000000000000000000000011110000000000000000000000000000000000000000000000000000000000000000001110000000000000000000000000000000000001110000000000000000000000011100000000000000000000000000000000111
0011100000000000001111100000000000000000000000000000000000000000000000000000000000001110000000000000000000000000000000000000000000000000000000000000000111100000000000000000000000000000000000000111000000000000000000000001110000000000000000000000000000000011
