0000000000000000000000000000000000000000000011000000000000000000000000000000000000000000000000000000000000000000000000000000000000000000011000000000000000000000000000000000001100000000000000000000000011000000000000000000000000000000000000000000000000000001
0000000000000000000000000000000000000000000011000000000000000000000000000000000000000000000000000000000000000000000000000000000000000000011000000000000000000000000000000000001100000000000000000000000001100000000000000000000000000000000000000000000000000001
0000000000000000000000000000000000000000000011000000000000000000000000000000000000000000000000000000000000000000000000000000000000000000011000000000000000000000000000000000001100000000000000000000000001110000000000000000000000000000000000000000000000000001
0000000000000000000000000000000000000000000011000000000000000000000000000000000000000000000000000000000000000000000000000000000000000000011000000000000000000000000000000000001110000000000000000000000000111000000000000000000000000000000000000000000000000001
0000000000000000000000000000000000000000000011000000000000000000000000000000000000000000000000000000000000000000000000000000000000000000011000000000000000000000000000000000000110000000000000000000000000011100000000000000000000000000000000000000000000000001
0000000000000000000000000000000000000000000011000000000000000000000000000000000000000000000000000000000000000000000000000000000000000000011000000000000000000000000000000000000110000000000000000000000000001110000000000000000000000000000000000000000000000001
1100000000000000000000000000000000000000000011100000000000000000000000000000000000000000000000000000000000000000000000000000000000000000011000000000000000000000000000000000000110000000000000000000000000000110000000000000000000000000000000000000000000000011
1110000000000000000000000000000000000000000001100000000000000000000000000000000000000000000000000000000000000000000000000000000000000000011000000000000000000000000000000000000110000000000000000000000000000011000000000000000000000000000000000000000000000011
0011000000000000000000000000000000000000000000110000000000000000000000000000000000000000000000000000000000000000000000000000000000000000011000000000000000000000000000000000000110000000000000000000000000000011100000000000000000000000000000000000000000000011
0011000000000000000000000000000000000000000000111000000000000000000000000000000000000000000000000000000000000000000000000000000000000000011000000000000000000000000000000000000110000000000000000000000000000001100000000000000000000000000000000000000000000110
0011000000000000000000000000000000000000000000011100000000000000000000000000000000000000000000000000000000000000000000000000000000000000011000000000000000000000000000000000000110000000000000000000000000000001100000000000000000000000000000000000000000000110
0011000000000000000000000000000000000000000000001100000000000000000000000000000000000000000000000000000000000000000000000000000000000000011000000000000000000000000000000000001100000000000000000000000000000011000000000000000000000000000000000000000000000110
0011000000000000000000000000000000000000000000001100000000000000000000110000000000000000000000000000000000000000000000000000000000000000001100000000000000000000000000000000001100000000000000000000000000000011000000000000000000000000000000000000000000000110
0011000000000000000000000000000000000000000000001100000000000000000000111000000110000000000000000000000000000000000000000000000000000000001100000000000000000000000000000000001100000000000000000000000000000011000000000000000000000000000000000000000000000110
0001100000000000000000000000000000000000000000001100000000000000000000011100001110000000000000000000000000000000000000000000000000000000001100000000000000000000000000000000001100000000000000000000000000000111000000000000000000000000000000000000000000000110
0001110000000000000000000000000000000000000000001100000000000000000000001100011100000000000000000000000000000000000000000000000000000000001100000000000000000000000000000000000110000000000000000000000000000110000000000000000000000000000000000000000000000110
0000110000000000000000000000000000000000000000001100000000000000000000000110111000000000000000000000000000000000000000000000000000000000001100000000000000000000000000000000000110000000000000000000000000000110000000000000000000000000000000000000000000000110
0000111100000000000000000000000000000000000000001100000000000000000000000111110000000000000000000000000000000000000000000000000000000000000110000000000000000000000000000000000110000000000000000000000000000110000000000000000000000000000000000000000000000110
0000011111110000000000000000000000000000000000001100000000000000000000000111100000000000000000000000000000000000000000000000000000000000000110000000000000000000000000000000000110000000000000000000000000000110000000000000000000000000000000000000000000000110
0000000011111111000000000000000000000000000000001100000000000000000000000111000000000000000000000000000000000000000000000000000000000000000111000000000000000000000000000000000110000000000000000000000000000011000000000000000000000000000000000000000000000110
0000000000001111100000000000000000000000000000000110000000000000000000000111000000000000000000000000000000000000000000000000000000000000000011000000000000000000000000000000000110000000000000000000000000000011000000000000000000000000000000000000000000000110
0000000000000000110000000000000000000000000000000110000000000000000000000001100000000000000000000000000000000000000000000000000000000000000011100000000000000000000000000000000110000000000000000000000000000011000000000000000000000000000000000000000000000110
0000000000000000111000000000000000000000000000011110000000000000000000000001100000000000000000000000000000000000000000000000000000000000000001100000000000000000000000000000000110000000000000000000000000000011100000000000000000000000000000000000000000000111
0000000000000000011100000000000000000000000111111111000000000000000000000001100000000000000000000000000000000000000000000000000000000000000001100000000000000000000000000000001110000000000000000000000000000001100000000000000000000000000000000000000000000011
0000000000000000001110000000000000000000001111100011100000000000000000000001100000000000000000000000000000000000000000000000000000000000000001100000000000000000000000000000001110000000000000000000000000000001100000000000000000000000000000000000000000000011
0000000000000000000111000000000000000000011100000001110000000000000000000001100000000000000000000000000000000000000000000000000000000000000001100000000000000000000000000000001110000000000000000000000000000011000000000000000000000000000000000000000000000011
0000000000000000000011110000000000000000011000000000110000000000000000000001100000000000000000000000000000000000000000000000000000000000000001100000000000000000000000000000000110000000000000000000000000000011000000000000000000000000000000000000000000000011
0000000000000000000001111000000000000000111000000000111000000000000000000001100000000000000000000000000000000000000000000000000000000000000001100000000000000000000000000000000110000000000000000000000000000001100000000000000000000000000000000000000000000011
0000000000000000000000011110000000000111110000000000011000000000000000000001100000000000000000000000000000000000000000000000000000000000000000110000000000000000000000000000000110000000000000000000000000000001100000000000000000000000000000000000000000000011
0000000000000000000000001111111111111111000000000000001100000000000000000001100000000000000000000000000000000000000000000000000000000000000001100000000000000000000000000000000110000000000000000000000000000001100000000000000000000000000000000000000000000110
0000000000000000000000000011111111111000000000000000001110000000000000000001100000000000000000000000000000000000000000000000000000000000000001100000000000000000000000000000001100000000000000000000000000000000110000000000000000000000000000000000000000000110
0000000000000000000000000000010000000000000000000000000011111111000000000001100000000000000000000000000000000000000000000000000000000000000001100000000000000000000000000000001100000000000000000000000000000000110000000000000000000000000000000000000000000110
0000000000000000000000000000000000000000000000000000000011111111100000000001100000000001100000000000000000000000000000000000000000000000000011100000000000000000000000000000001100000000000000000000000000000000110000000000000000000000000000000000000000000110
0000000000000000000000000000000000000000000000000000000000000000110000000001110000000001100000000000000000000000000000000000000000000000000011000000000000000000000000000000011100000000000000000000000000000000110000000000000000000000000000000000000000001100
0000000000000000000000000000000000000000000000000000000000000000111100000000110000000000110000000000000000000000000000000000000000000000000111000000000000000000000000000000011000000000000000000000000000000000110000000000000000000000000000000000000000001100
0000000000000000000000000000000000000000000000000000000000000000001111000001110000000000111000000000000000000000000000000000000000000000000110000000000000000000000000000000111000000000000000000000000000000000111000000000000000000000000000000000000000001100
0000000000000000000000000000000000000000000000000000000000000000000111100001100000000000011000000000000000000000000000000000000000000000001110000000000000000000000000000000110000000000000000000000000000000000011100000000000000000000000000000000000000001100
0000000000000000000000000000000000000000000000000000000000000000000001111011000000000000011000000000000000000000000000000000000000000000001100000000000000000000000000000000110000000000000000000000000000000000001111000000000000000000000000000000000000001100
0000000000000000000000000000000000000000000000000000000000000000000000011111000000000000011000000000000000000000000000000000000000000000001100000000000000000000000000000001100000000000000000000000000000000000000011000000000000000000000000000000000000011000
0000000000000000000000000000000000000000000000000000000000000000000000001111000000000000011100000000000000000000000000000000000000000000011000000000000000000000000000000001100000000000000000000000000000000000000001100000000000000000000000000000000000011000
0000000000000000000000000000000000000000000000000000000000000000000000000111000000000000001110000000000000000000000000000000000000000000011000000000000000000000000000000001100000000000000000000000000000000000000000110000000000000000000000000000000000011000
0000000000000000000000000000000000000000000000000000000000000000000000000011000000000000000110000000000000000000000000000000000000000000111000000000000000000000000000000001100000000000000000000000000000000000000000111000000000000000000000000000000000011000
0000000000000000000000000000000000000000000000000000000000000000000000000011100000000000000111000000000000000000000000000000000000000000110000000000000000000000000000000001100000000000000000000000000000000000000000011100000000000000000000000000000000011000
0000000000000000000000000000000000000000000000000000000000000000000000000001100000000000000011000000000000000000000000000000000000000001110000000000000000000000000000000001100000000000000000000000000000000000000000001110000000000000000000000000000000011000
0000000000000000000000000000000000000000000000000000000000000000000000000001100000000000000011000000000000000000000000000000000000000001100000000000000000000000000000000001100000000000000000000000000000000000000000000111000000000000000000000000000000011000
0000000000000000000000000000000000000000000000000000000000000000000000000000110000000000000001110000000000000000000000000000000000000001100000000000000000000000000000000001100000000000000000000000000000000000000000000011100000000000000000000000000000011000
0000000000000000000000000000000000000000000000000000000000000000000000000000110000000000000000111000000000000000000000000000000000000011000000000000000000000000000000000001100000000000000000000000000000000000000000000001110000000000000000000000000000011000
0000000000000000000000000000000000000000000000000000000000000000000000000000111000000000000000011000000000000000000000000000000000000111000000000000000000000000000000000000110000000000000000000000000000000000000000000000111110000000000000000000000000011000
0000000000000000000000000000000000000000000000000000000000000000000000000000011000000000000000001100000000000000000000000000000000011110000000000000000000000000000000000000110000000000000000000000000000000000000000000000001111100000000000000000000000011000
0000000000000000000000000000000000000000000000000000000000000000000000000000001100000000000000001100000000000000000000000000000000111000000000000000000000000000000000000000110000000000000000000000000000000000000000000000000011110000000000000000000000111000
0000000000000000000000000000000000000000000000000000000000000000000000000000001110000000000000001100000000000000000000000000000000110000000000000000000000000000000000000000111000000000000000000000000000000000000000000000000000111000000000000000000000110000
0000000000000000000000000000000000000000000000000000000000000000000000000000000110000000000000001100000000000000000000000000000001100000000000000000000000000000000000000000110000000000000000000000000000000000000000000000000000011100000000000000000000110000
0000000000000000000000000000000000000000000000000000000000000000000000000000000011000000000000001100000000000000000000000000000011100000000000000000000000000000000000000000110000000000000000000000000000000000000000000000000000001110000000000000000000110000
0000000000000000000000000000000000000000000000000000000000000000000000000000000011100000000000001100000000000000000000000000000011000000000000000000000000000000000000000000110000000000000000000000000000000000000000000000000000000110000000000000000001100000
0000000000000000000000000000000000000000000000000000000000000000000000000000000001100000000000001100000000000000000000000000000111000000000000000000000000000000000000000001100000000000000000000000000000000000000000000000000000000110000000000000000001100000
0000000000000000000000000000000000000000000000000000000000000000000000000000000001110000000000001110000000000000000000000011111110000000000000000000000000000000000000000001100000000000000000000000000000000000000000000000000000001100000000000000000001100000
0000000000000000000000000000000000000000000000000000000000000000000000000000000000110000000000000111000000000000000000000111111100000000000000000000000000000000000000000001100000000000000000000000000000000000000000000000000000001100000000000000000001100000
0000000000000000000000000000000000000000000000000000000000000000000000000000000000111000000000000011000000000000000000001110000000000000000000000000000000000000000000000001100000000000000000000000000000000000000000000000000000001100000000000000000001100000
0000000000000000000000000000000000000000000000000000000000000000000000000000000000011000000000000111000000000000000001111100000000000000000000000000000000000000000000000001100000000000000000000000000000000000000000000000000000001100000000000000000011000000
0000000000000000000000000000000000000000000000000000000000000000000000000000000000011100000000000110000000000000000011111000000000000000000000000000000000000000000000000001100000000000000000000000000000000000000000000000000000001100000000000000000011000000
0000000000000000000000000000000000000000000000000000000000000000000000000000000000001100000000000110000000000000000111000000000000000000000000000000000000000000000000000001100000000000000000000000000000000000000000000000000000001110000000000000000011000000
0000000000000000000000000000000000000000000000000000000000000000000000000000000000001110000000001100000000000000001110000000000000000000000000000000000000000000000000000001100000000000000000000000000000000000000000000000000000000110000000000000000011000000
0000000000000000000000000000000000000000000000000000000000000000000000000000000000000110000000001100000000000000111100000000000000000000000000000000000000000000000000000011000000000000000000000000000000000000000000000000000000000110000000000000000011000000
0111111000000000000000000000000000000000000000000000000000000000000000000000000000000111000000001100000000000000110000000000000000000000000000000000000000000000000000000011000000000000000000000000000000000000000000000000000000001110000000000000000110000000
0111111111110000000000000000000000000000000000000000000000000000000000000000000000000011000000001111000000000011110000000000000000000000000000000000000000000000000000000111000000000000000000000000000000000000000000000000000000001100000000000000000110000000
0000000111111111000000000000000000000000000000000000000000000000000000000000000000000011000000000011100000000111000000000000000000000000000000000000000000000000000000000110000000000000000000000000000000000000000000000000000000001100000000000000001110000000
0000000000011111111100000000000000000000000000000000000000000000000000000000000000000011000000000001110000001110000000000000000000000000000000000000000000000000000000000110000000000000000000000000000000000000000000000000000000011100000000000000011100000000
0000000000000000111111111000000000000000000000000000000000000000000000000000000000000011000000000000110000011100000000000000000000000000000000000000000000000000000000001100000000000000000000000000000000000000000000000000000000011000000000000011111000000000
0000000000000000000011111110000000000000000000000000000000000000000000000000000000000011000000000000110000011000000000000000000000000000000000000000000000000000000000011100000000000000000000000000000000000000000000000000000000111000000000000111110000000000
0000000000000000000000001111000000000000000000000000000000000000000000000000000000000011000000000000110000110000000000000000000000000000000000000000000000000000000000111000000000000000000000000000000000000000000000000000000001110000000000001110000000000000
0000000000000000000000000011100000000000000000000000000000000000000000000000000000000011000000000000110001100000000000000000000000000000000000000000000000000000000000110000000000000000000000000000000000000000000000000000000011100000000000001100000000000000
0000000000000000000000000001100000000000000000000000000000000000000000000000000000000011000000000000110011100000000000000000000000000000000000000000000000000000000001110000000000000000000000000000000000000000000000000000000011000000000000011000000000000000
0000000000000000000000000000110000000000000000000000000000000000000000000000000000000011000000000000110011000000000000000000000000000000000000000000000000000000000001100000000000000000000000000000000000000000000000000000000111000000000000011000000000000000
0000000000000000000000000000110000000000000000000000000000000000000000000000000000000011100000000000110110000000000000000000000000000000000000000000000000000000000001100000000000000000000000000000000000000000000000000000000110000000000000110000000000000000
0000000000000000000000000000011000000000000000000000000000000000000000000000000000000001110000000000110110000000000000000000000000000000000000000000000000000000000001100000000000000000000000000000000000000000000000000000000110000000000000110000000000000000
0000000000000000000000000000011000000000000000000000000000000000000000000000000000000000111000000001110011000000000000000000000000000000000000000000000000000000000011000000000000000000000000000000000000000000000000000000000110000000000000110000000000000000
0000000000000000000000000000001100000000000000000000000000011100000000000000000000000000011000000000111011000000000000000000000000000000000000000000000000000000000111000000000000000000000000000000000000000000000000000000000110000000000001100000000000000000
0000000000000000000000000000001100000000000000000000000111111111000000000000000000000000001100000000011001100000000000000000000000000000000000000000000000000000000110000000000000000000000000000000000000000000000000000000000110000000000001100000000000000000
0000000000000000000000000000000110000000000000000000111111110011100000000000000000000000001110000000011101110000000000000000000000000000000000000000000000000000000110000000000000000000000000000000000000000000000000000000000110000000000011100000000000000000
0000000000000000000000000000000111000000000000000001111000000001111000000000000000000000000110000000001111111000000000000000000000000000000000000000000000000000000110000000000000000000000000000000000000000000000000000000000110000000000011000000000000000000
0000000000000000000000000000000011100000000000000111100000000000011100000000000000000000000011000000000111111000000000000000000000000000000000000000000000000000001110000000000000000000000000000000000000000000000000000000000110000000000110000000000000000000
0000000000000000000000000000000001110000000000001110000000000000001111100000000000000000000001100000000001111000000000000000000000000000000000000000000000000000001100000000000000000000000000000000000000000000000000000000001110000000000110000000000000000000
0000000000000000000000000000000000111111100000011100000000000000000111111100000000000000000001110000000000111100000000000000000000000000000000000000000000000000001100000000000000000000000000000000000000000000000000000000001100000000001110000000000000000000
0000000000000000000000000000000000001111111111111000000000000000001111111111110000000000000000111100000000111100000000000000000000000000000000000000000000000000001100000000000000000000000000000000000000000000000000000000011100000000011100000000000000000011
0000000000000000000000000000000000000000011111100000000000000000111100000111111110000000011111111111000000011110000000000000000000000000000000000000000000000000001100000000000000000000000000000000000000000000000000000000011000000001111000000000000000000111
0000000000000110000000000000000000000000000000000000000000000001110000000000001111111111111111111111110000011111000000000000000000000000000000000000000000000000000110000000000000000000000000000000000000000000000000000000011100000111100000000000000000001100
0000000000000111110000000000000000000000000000000000000000000011100000000000000011111111110000000001111000011111100000000000000000000000000000000000000000000000000110000000000000000000000000000000000000000000000000000000011111111110000000000000000001111100
0000000000000001111100000000000000000000000000000000000000000111000000000000000000000000000000000000011000001111110000000000000000000000000000000000000000000000000011000000000000000000000000000000000000000000000000000000111111111000000000000000000011110000
0000000000000000001111000000000000000000000000000000000000001110000000000000000000000000000000000000011100000111111000000000000000000000000000000000000000000000000011100000000000000000000000000000000000000000000000000000110000000000000000000000000111000000
0000000000000000000011100000000000000000000000000000000000011100000000000000000000000000000000000000001100000000111110000000000000000000000000000000000000000000000001100000000000000000000000000000000000000000000000000001110000000000000000000000011110000000
0000000000000000000001111000000000000000000000000000000000111000000000000000000000000000000000000000001100000000000110000000000000000000000000000000000000000000000001100000000000000000000000000000000000000000000000000011100000000000000000000111111100000000
0000000000000000000000011110000000000000000000000000000001110000000000000000000000000000000000000000000110000000000011000000000000000000000000000000000000000000000001100000000000000000000000000000000000000000000000000111000000000000000000000111110000000000
0000000001100000000000001111000000000000000000000000000001100000000000000000000000000000000000000000000110000000000011000000000000000000000000000000000000000000000001100000000000000000000000000000000000000000000000000110000000000000000000111100000000000000
0000000001100000000000000011110000000000000000000000000011000000000000000000000000000000000000000000000110000000000011000000000000000000000000000000000000000000000001100000000000000000000000000000000000000000000000000110000000000000000011111000000000000000
0000000000110000000000000001111100000000000000000000001110000000000000000000000000000000000000000000000111000000000011000000000000000000000000000000000000000000000001100000000000000000000000000000000000000000000000000110000000011100111111100000000000000000
0000000000111000000000000000001111000000000000000000011100000000000000000000000000000000000000000000000011000000000011000000000000000000000000000000000000000000000011000000000000000000000000000000000000000000000000000011000011111111111110000000000000000000
0000000000011000000000000000000011110000000000000111111000000000000000000000000000000000000000000000000011100000000011000000000000000000000000000000000000000000000011000000000000000000000000000000000000000000000000000011001111110011000000000000000000000000
0000000000001100000000000000000000111111000011111111100000000000000000000000000000000000000000000000000001110000000111000000000000000000000000000000000000000000000011000000000000000000000000000000000000000000000000000011111110000000000000000000000000000000
0000000000001110000000000000000000001111111111111100000000000000000000000000000000000000000000000000000000111000001110000000000000000000000000000000000000000000000011000000000000000000000000000000000000000000000000000001111000000000000000000000000000000011
0000000000000111000000000000000000000000111100000000000000000000000000000000000000000000000000000000000000011100111100000000000000000000000000000000000000000000000111000000000000000000000000000000000000000000000000000001110000000000000000000000000000001111
0000000000000011100000000000000000000000000000000000000000000000000000000000000000000000000000000000000000001100110000000000000000000000000000000000000000000000000110000000000000000000000000000000000000000000000000000001110000000000000000000000000000011110
0000000000000001110000000000000000000000000000000000000000000000000000000000000000000000000000000000000000000110110000000000000000000000000000000000000000000000000110000000000000000000000000000000000000000000000000000001110000000000000000000000000000111000
0000000000000000111000000000000000000000000000000000000000000000000000000000000000000000000000000000000000000111011000000000000000000000000000000000000000000000000110000000000000000000000000000000000000000000000000000001110000000000000000000000000001110000
0000000000000000011100000000000000000000000000000000000000000000000000000000000000000000000000000000000000000011111000000000000000000000000000000000000000000000000110000000000000000000000000000000000000000000000000000001100000000000000000000000000111100000
0000000000000000001111000000000000000000000000000000000000000000000000000000000000000000000000000000000000000001111000000000000000000000000000000000000000000000001110000000000000000000000000000000000000000000000000000011100000000000000000000000001110000000
0000000000000000000111110000000000000000000000000000000000000000000000000000000000000000000000000000000000000000111000000000000000000000000000000000000000000000001100000000000000000000000000000000000000000000000000011111000000000000000000000000001100000000
0000000000000000000001111000000000000000000000000000000000000000000000000000000000000000000000000000000000000000111000000000000000000000000000000000000000000000001100000000000000000000000000000000000000000000000000111100000000000000000000000000011000000000
0000000000000000000000011110000000000000000000000000000000000000000000000000000000000000000000000000000000000000011000000000000000000000000000000000000000000000011100000000000000000000000000000000000000000000000001110000000000000000000000000000110000000000
0000000000000000000000000111000000000000000000000000000000000000000000000000000000000000000000000000000000000000111000000000000000000000000000000000000000000000111100000000000000000000000000000000000000000000000011100000000000000000000000000001110000000000
0000000000000000000000000011100000000000000000000000000000000000000000000000000000000000000000000000000000000000110000000000000000000000000000000000000000000001110000000000000000000000000000000000000000000000000111000000000000000000000000000001100000000000
0000000000000000000000000001110000000000000000000000000000000000000000000000000000000000000000000000000000000011110000000000000000000000000000000000000000000111100000000000000000000000000000000000000000000000001110000000000000000000000000000011000000000000
0000000000000000000000000000111100000000000000000000000000000000000000000000000000000000000000000000000000000111000000000000000000000000000000000000000000000110000000000000000000000000000000000000000000000000011100000000000000000000000000000111000000000000
0000000000000000000000000000001110000000000000000000000000000000000000000000000000000000000000000000000000001110000000000000000000000000000000000000000000001100000000000000000000000000000000000000000000000000011000000000000000000000000000000110000000000000
0000000000000000000000000000000111000000000000000000000000000000000000000000000000000000000000000000000000011100000000000000000000000000000000000000000000011100000000000000000000000000000000000000000000000000011000000000000000000000000000001100000000000000
0000000000000000000000000000000011100000000000000000000000000000000000000000000000000000000000000000000000011000000000000000000000000000000000000000000000011000000000000000000000000000000000000000000000000000011000000000000000000000000000011100000000000000
0000000000000000000000000000000001110000000000000000000000000000000000000000000000000000000000000000000000011000000000000000000000000000000000000000000000110000000000000000000000000000000000000000000000000000011000000000000000000000000000011000000000000000
0000000000000000000000000000000000111100000000000000000000000000000000000000000000000000000000000000000000011000000000000000000000000000000000000000000001110000000000000000000000000000000000000000000000000000111000000000000000000000000000111000000000000000
0000000000000000000000000000000000011111000000000000000000000000000000000000000000000000000000000000000000011000000000000000000000000000000000000000000001100000000000000000000000000000000000000000000000000001110000000000000000000000000001110000000000000000
0000000000000000000000000000000000000111110000000000000000000000000000000000000000000000000000000000000000001100000000000000000000000000000000000000000011100000000000000000000000000000000000000000000000000001100000000000000000000000000001100000000000000000
0000000000000000000000000000000000000001111110000000000000000000000000000000000000000000000000000000000000001110000000000000000000000000000000000000000011000000000000000000000000000000000000000000000000000001100000000000000000000000000011000000000000000000
0000000000000000000000000000000000000000011111110000000000000000000000000000000000000000000000000000000000000110000000000000000000000000000000000000000011000000000000000000000000000000000000000000000000000011100000000000000000000000000111000000000000000000
0000000000000000000000000000000000000000000011111100000000000000000000000000000000000000000000000000000000000110000000000000000000000000000000000000000111000000000000000000000000000000000000000000000000000011000000000000000000000000001110000000000000000000
0000000000000000000000000000000000000000000000011111000000000000000000000000000000000000000000000000000000000110000000000000000000000000000000000000000110000000000000000000000000000000000000000000000000000110000000000000000000000000001100000000000000000000
0000000000000000000000000000000000000000000000000111110000000000000000000000000000000000000000000000000000000110000000000000000000000000000000000000000110000000000000000000000000000000000000000000000000001110000000000000000000000000001100000000000000000000
0000000000000000000000000000000000000000000000000001111000000000000000000000000000000000000000000000000000000110000000000000000000000000000000000000000110000000000000000000000000000000000000000000000000001100000000000000000000000000011000000000000000000000
0000000000000000000000000000000000000000000000000000011000000000000000000000000000000000000000000000000000000110000000000000000000000000000000000000001100000000000000000000000000000000000000000000000000011100000000000000000000000000011000000000000000000000
0000000000000000000000000000000000000000000000000000001100000000000000000000000000000000000000000000000000000110000000000000000000000000000000000000001100000000000000000000000000000000000000000000000000011000000000000000000000000000011000000000000000000000
0000000000000000000000000000000000000000000000000000001110000000000000000000000000000000000000000000000000000110000000000000000000000000000000000000001100000000000000000000000000000000000000000000000000011000000000000000000000000000111000000000000000000000
0000000000000000000000000000000000000000000000000000000110000000000000000000000000000000000000000000000000000110000000000000000000000000000000000000001100000000000000000000000000000000000000000000000000011000000000000000000000000000110000000000000000000000
0000000000000000000000000000000000000000000000000000000011000000000000000000000000000000000000000000000000000111000000000000000000000000000000000000001100000000000000000000000000000000000000000000000000111000000000000000000000000011110000000000000000000000
0000000000000000000000000000000000000000000000000000000011100000000000000000000000000000000000000000000000000011100000000000000000000000000000000000000110000000000000000000000000000000000000000000000000110000000000000000000000000111100000000000000000000000
0000000000000000000000000000000000000000000000000000000001100000000000000000000000000000000000000000000000000001100000000000000000000000000000000000000110000000000000000000000000000000000000000000000000110000000000000000000000001110000000000000000000000000
0000000000000000000000000000000000000000000000000000000001100000000000000000000000000000000000000000000000000001100000000000000000000000000000000000000011000000000000000000000000000000000000000000000000110000000000000000000000011100000000000000000000000000
0000000000000000000000000000000000000000000000000000000001110000000000000000000000000000000000000000000000000000110000000000000000000000000000000000000011100000000000000000000000000000000000000000000000110000000000000000000000111000000000000000000000000000
0000000000000000000000000000000000000000000000000000000000110000000000000000000000000000000000000000000000000000110000000000000000000000000000000000000001100000000000000000000000000000000000000000000000110000000000000000000001110000000000000000000000000000
0000000000000000000000000000000000000000000000000000000000110000000000000000000000000000000000000000000000000000110000000000000000000000000000000000000001110000000000000000000000000000000000000000000001110000000000000000000011100000000000000000000000000000
0000000000000000000000000000000000000000000000000000000000110000000000000000001111111111100000000000000000000000110000000000000000000000000000000000000000110000000000000000000000000000000000000000000001100000000000000000000111000000000000000000000000000000
0000000000000000000000000000000000000000000000000000000000110000000000001111111111111111111111000000000000000000110000000000000000000000000000000000000000111000000000000000000000000000000000000000000001100000000000000000011110000000000000000000000000000000
0000000000000000000000000000000000000000000000000000000000011100000001111111111001000000011111110011000000000000110000000000000000000000000000000000000000011000000000000000000000000000000000000000000011100000000000001111111100000000000000000000000000000000
0000000000000000000000000000000000000000000000000000000000011111111111110000000000000000000001111111100000000000111000000000000000000000000000000000000000011000000000000000000000000000000000000000000011000000000001111111110000000000000000000000000000000000
0000000000000000000000000000000000000000000000000000000000000111111110000000000000000000000000011101110000000000011100000000000000000000000000000000000000001100000000000000000000000000000000000000000111000000001111111000000000000000000000000000000000000000
0000000000000000000000000000000000000000000000000000000000000000000000000000000000000000000000000000011000000000001110000000000000000000000000000000000000001100000000000000000000000000000000000000000110000000111111000000000000000000000000000000000000000000
0000000000000000000000000000000000000000000000000000000000000000000000000000000000000000000000000000011110000000000110000000000000000000000000000000000000001110000000000000000000000000000000000000000110000001111000000000000000000000000000000000000000000000
0000000000000000000000000000000000000000000000000000000000000000000000000000000000000000000000000000001111111000000011100000000000000000000000000000000000000110000000000000000000000000000000000000000110000011000000000000000000000000000000000000000000000000
0000000000000000000000000000000000000000000000000000000000000000000000000000000000000000000000000000000011111100000011111000000000000000000000000000000000000110000000000000000000000000000000000000001110000110000000000000000000000000000000000000000000000000
0000000000000000000000000000000000000000000000000000000000000000000000000000000000000000000000000000000000001110000000111100000000000000000000000000000000000110000000000000000000000000000000000000011100001110000000000000000000000000000000000000000000000000
0000000000000000000000000000000000000000000000000000000000000000000000000000000000000000000000000000000000000110000000001110000000000000000000000000000000000011000000000000000000000000000000000000011000011100000000000000000000000000000000000000000000000000
0000000000000000000000000000000000000000000000000000000000000000000000000000000000000000000000000000000000000011000000000111000000000000000000000000000000000011000000000000000000000000000000000000111000011000000000000000000000000000000000000000000000000000
0000000000000000000000000000000000000000000000000000000000000000000000000000000000000000000000000000000000000011100000000011000000000000000000000000000000000011000000000000000000000000000000000000110000011000000000000000000000000000000000000000000000000000
0000000000000000000000000000000000000000000000000000000000000000000000000000000000000000000000000000000000000001100000000011000000000000000000000000000000000011100000000000000000000000000000000000110000011000000000000000000000000000000000000000000000000000
0000000000000000000000000000000000000000000000000000000000000000000000000000000000000000000000000000000000000001100000000001100000000000000000000000000000000001100000000000000000000000000000000001110000011000000000000000000000000000000000000000000000000000
0000000000000000000000000000000000000000000000000000000000000000000000000000000000000000000000000000000000000001100000000001100000000000000000000000000000000001110000000000000000000000000000000001100000011000000000000000000000000000000000000000000000000000
0000000000000000000000000000000000000000000000000000000000000000000000000000000000000000000000000000000000000001100000000001100000000000000000000000000000000000110000000000000000000000000000000001100000011000000000000000000000000000000000000000000000000000
0000000000000000000000000000000000000000000000000000000000000000000000000000000000000000000000000000000000000000110000000001100000000000000000000000000000000000110000000000000000000000000000000001100000111000000000000000000000000000000000000000000000000000
0000000000000000000000000000000000000000000000000000000000000000000000000000000000000000000000000000000000000000110000000001100000000000000000000000000000000000011000000000000000000000000000000001100000110000000000000000000000000000000000000000000000000000
0000000000000000000000000000000000000000000000000000000000000000000000000000000000000000000000000000000000000000110000000001100000000000000000000000000000000000011000000000000000000000000000000011100000110000000000000000000000000000000000000000000000000000
0000000000000000000000000000000000000000000000000000000000000000000000000000000000000000000000000000000000000000111000000011000000000000000000000000000000000000011100000000000000000000000000000011000001100000000000000000000000000000000000000000000000000000
0000000000000000000000000000000000000000000000000000000000000000000000000000000000000000000000000000000000000000011100000011000000000000000000000000000000000000001100000000000000000000000000000011000011100000000000000000000000000000000000000000000000000000
0000000000000000000000000000000000000000000000000000000000000000000000000000000000000000000000000000000000000000001110000011001000000000000000000000000000000000001100000000000000000000000000000011000011000000000000000000000000000000000000000000000000000000
0000000000000000000000000000000000000000000000000000000000000000000000000000000000000000000000000000000000000000000110000011001100000000000000000000000000000000001110000000000000000000000000000111000111000000000000000000000000000000000000000000000000000000
0000000000000000000000000000000000000000000000000000000000000000000000000000000000000000000000000000000000000000000011000011001100000000000000000000000000000000000110000000000000000000000000001110000110000000000000000000000000000000000000000000000000000000
0000000000000000000000000000000000000000000000000000000000000000000000000000000000000000000000000000000000000000000011000011001110000000000000000000000000000000000111000000000000000000000000011100001110000000000000000000000000000000000000000000000000000000
0011000000001111000000000000000000000000000000000000000000000000000000000000000000000000000000000000000000000000000001100011000110000000000000000000000000000000000011110000000000000000000000111000001100000000000000000000000000000000000000000000000000000000
1111111111111111110000000000000000000000000000000000000000000000000000000000000000000000000000000000000000000000000000110011000110000000000000000000000000000000000001111111000000000000000001110000011000000000000000000000000000000000000000000000000000000000
1110111111110000111100000000000000000000000000000000000000000000000000000000000000000000000000000000000000000000000000111011001110000000000000000000000000000000000000001111111000000000000011100000011000000000000000000000000000000000000000000000000000000000
0000000000000000001110000000000000000000000000000000000000000000000000000000000000000000000000000000000000000000000000011011000110000000000000000000000000000000000000000000111100000000001111000000011000000000000000000000000000000000000000000000000000000000
0000000000000000000111000000000000000000000000000000000000000000000000000000000000000000000000000000000000000000000000011111000110000000000000000000000000000000000000000000001110000000011100000000110000000000000000000000000000000000000000000000000000000000
0000000000000000000011111111000000000000000000000000000000000000000000000000000000000000000000000000000000000000000000011111000110000000000000000000000000000000000000000000000011000000111000000001110000000000000000000000000000000000000000000000000000000000
0000000000000000000001111111110000000111000000000000000000000000000000000000000000000000000000000000000000000000000000000111000011000000000000000000000000000000000000000000000011100001110000000011100000000000000000000000000000000000000000000000000000000000
0000000000000000000000000000111000011111110000000000000000000000000000000000000000000000000000000000000000000000000000000011100011000000000000000000000000000000000000000000000001110011100000000011000000000000000000000000000000000000000000000000000000000000
0000000000000000000000000000011110111100111000000000000000000000000000000000000000000000000000000000000000000000000000000001110011100000000000000000000000000000000000000000000000111011000000000111000000000000000000000000000000000000000000000000000000000000
0000000000000000000000000000000111110000011100000000000000000000000000000000000000000000000000000000000000000000000000000000110001100000000000000000000000000000000000000000000000011110000000000110000000000000000000000000000000000000000000000000000000000000
0000000000000000000000000000000011100000001100000000000000000000000000000000000000000000000000000000000000000000000000000000111001100000000000000000000000000000000000000000000000001110000000001110000000000000000000000000000000000000000000000000000000000000
0000000000000000000000000000000000000000000110000000000000000000000000000000000000000000000000000000000000000000000000000000011100110000000000000000000000000000000000000000000000001110000000001100000000000000000000000000000000000000000000000000000000000000
0000000000000000000000000000000000000000000110000000000000000000000000000000000000000000000000000000000000000000000000000000001111110000000000000000000000000000000000000000000000001100000000011000000000000000000000000000000000000000000000000000000000000000
0000000000000000000000000000000000000000000110000000000000000000000000000000000000000000000000000000000000000000000000000000000111110000000000000000000000000000000000000000000000001100000000111000000000000000000000000000000000000000000000000000000000000000
0000000000000000000000000000000000000000000111000000000000000000000000000000000000000000000000000000000000000000000000000000000001110000000000000000000000000000000000000000000000001100000001110000000000000000000000000000000000000000000000000000000000000000
0000000000000000000000000000000000000000000011000000000000000000000000000000000000000000000000000000000000000000000000000000000001110000000000000000000000000000000000000000000000001100000001100000000000000000000000000000000000000000000000001110011100000000
0000000000000000000000000000000000000000000011000000000000000000000000000000000000000000000000000000000000000000000000000000000001100000000000000000000000000000000000000000000000000110000001100000000000000000000000000000000000000000000000011111111111111001
0000000000000000000000000000000000000000000011000000000000000000000000000000000000000000000000000000000000000000000000000000000001100000000000000000000000000000000000000000000000000110000001100000000000000000000000000000000000000000111110110011100011111111
0000000000000000000000000000000000000000000011000000000000000000000000000000000000000000000000000000000000000000000000000000000001110000000000000000000000000000000000000000000000000110000001100000000000000000000000000000000000000111111111110000000000001111
0000000000000000000000000000000000000000000011100000000000000000000000000000000000000000000000000000000000000000000000000000000000111000000000000000000000000000000000000000000000000110000001100000000000000000000000000000000000001111000001100000000000000000
0000000000000000000000000000000000000000000001100000000000000000000000000000000000000000000000000000000000000000000000000000000000011000000000000000000000000000000000000000000000000110000001100000000000000000000000000000000000001100000000000000000000000000
0000000000000000000000000000000000000000000001100000000000000000000000000000000000000000000000000000000000000000000000000000000000001100000000000000000000000000000000000000000000000111000001100000000000000000000000000000000000011000000000000000000000000000
0000000000000000000000000000000000000000000001100000000000000000000000000000000000000000000000000000000000000000000000000000000000001110000000000000000000000000000000000000000000000011000011100000000000000000000000000000000000111000000000000000000000000000
0000000000000000000000000000000000000000000000110000000000000000000000000000000000000000000000000000000000000000000000000000000000000111000000000000000000000000000000000000000000000011100011000000000000000000000000000000000000110000000000000000000000000000
0000000000000000000000000000000000000000000000110000000000000000000000000000000000000000000000000000000000000000000000000000000000000011000000000000000000000000000000000000000000000001110110000000000000000000000000000000000000110000000000000000000000000000
0000000000000000000000000000000000000000000000111000000000000000000000000000000000000000000000000000000000000000000000000000000000000001100000000000000000000000000000000000000000000000111110000000000000000000000000000000000000110000000000000000000000000000
0000000000000000000000000000000000000000000000011000000000000000000000000000000000000000000000000000000000000000000000000000000000000001110000000000000000000000000000000000000000000000011100000000000000000000000000000000000000110000000000000000000000000000
0000000000000000000000000000000000000000000000001100000000000000000000000000000000000000000000000000000000000000000000000000000000000000110000000000000000000000000000000000000000000000011000000000000000000000000000000000000001100000000000000000000000000000
0000000000000000000000000000000000000000000000001110000000000000000000000000000000000000000000000000000000000000000000000000000000000000011000000000000000000000000000000000000000000000011000000000000000000000000000000000000011100000000000000000000000000000
0000000000000000000000000000000000000000000000000111000000000000000000000000000000000000000000000000000000000000000000000000000000000000011100000000000000000000000000000000000000000000111000000000000000000000000000000000000111000000000000000000000000000000
0000000000000000000000000000000000000000000001100011000000000000000000000000000000000000000000000000000000000000000000000000000000000000001110000000000000000000000000000000000000000000110000000000000000000000000000000000000110000000000000000000000000000000
0000000000000000000000000000000000000000000000111011100000000000000000000000000000000000000000000000000000000000000000000000000000000000000110000000000000000000000000000000000000000000110000000000000000000000000000000000001110000000000000000000000000000000
0000000000000000000000000000000000000000000000011111100000000000000000000000000000000000000000000000000000000000000000000000000000000000000011000000000000000000000000000000000000000000110000000000000000000000000000000000001100000000000000000000000000000000
0000000000000000000000000000000000000000000000001111110000000000000000000000000000000000000000000000000000000000000000000000000000000000000011100000000000000000000000000000000000000000110000000000000000000000000000000000001100000000000000000000000000000000
0000000000000000000000000000000000000000000000000001111000000000000000000000000000000000000000000000000000000000000000000000000000000000000001100000000000000000000000000000000000000000110000000000000000000000000000000000011100000000000000000000000000000000
0000000000000000000000000000000000000000000000000000011100000000000000000000000000000000000000000000000000000000000000000000000000000000000001110000000000000000000000000000000000000000110000000000000000000000000000000000011000000000000000000000000000000000
0000000000000000000000000000000000000000000000000000001111000000000000000000000000000000000000000000000000000000000000000000000000000000000000110000000000000000000000000000000000000000110000000000000000000000000000000000011000000000000000000000000000000000
0000000000000000000000000000000000000000000000000000000111110000000000000000000000000000000000000000000000000000000000000000000000000000000000011000000000000000000000000000000000000000110000000000000000000000000000000000011000000000000000000000000000000000
0000000000000000000000000000000000000000000000000000000001111110000000000000000000000000000000000000000000000000000000000000000000000000000000011100000000000000000000000000000000000001100000000000000000000000000000000000111000000000000000000000000000000000
0000000000000000000000000000000000000000000000000000000000001111000000000000000000000000000000000000000000000000000000000000000000000000000000001100000000000000000000000000000000000001100000000000000000000000000000000001110000000000000000000000000000000000
0000000000000000000000000000000000000000000000000000000000000011100000000000000000000000000000000000000000000000000000000000000000000000000000000111000000000000000000000000000000000001100000000000000000000000000000000011100000000000000000000000000000000000
0000000000000000000000000000000000000000000000000000000000000000111000000000000000000000000000000000000000000000000000000000000000000000000000000011111110000000000000000000000000000001100000000000000000000000000000000111000000000000000000000000000000000000
0000000000000000000000000000000000000000000000000000000000000000011100000000000000000000000000000000000000000000000000000000000000000000000000000001111111110000000000000000000000000001100000000000000000000000000000001110000000000000000000000000000000000000
0000000000000000000000000000000000000000000000000000000000000000001110000000000000000000000000000000000000000000000000000000000000000000000000000000000001111100000000000000000000000001100000000000000000000000000000001100000000000000000000000000000000000000
0000000000000000000000000000000000000000000000000000000000000000000111000000000000000000000000000000000000000000000000000000000000000000000000000000000000001111000000000000000000000001110000000000000000000000000000001100000000000000000000000000000000000000
0000000000000000000000000000000000000000000000000000000000000000000011100000000000000000000000000000000000000000000000000000000000000000000000000000000000000011100000000000000000000001110000000000000000000000000000011000000000000000000000000000000000000000
0000000000000000000000000000000000000010000000000000000000000000000001111100000000000000000000000000000000000000000000000000000000000000000000000000000000000001110000000000000000000001100000000000000000000000000000111000000000000000000000000000000000000000
0000000000000000000000000000000000000110000000000000000000000000000000011111100000000000000000000000000000000000000000000000000000000000000000000000000000000000110000000000000000000001100000000000000000000000000001110000000000000000000000000000000000000000
0000000000000000000000000000000000000110000000000000000000000000000000000111111100000000000000000000000000000000000000000000000000000000000000000000000000000000111000000000000000000001100000000000000000000000000011100000000000000000000000000000000000000000
0000000000000000000000000000000000000110000000000000000000000000000000000000111111111100000000000000000000000000000000000000000000000000000000000000000000000000011111111000000000000001100000000000000000000000011111000000000000000000000000000000000000000000
0000000000000000000000000000000000000011000000000000000000000000000000000000000111111111000000000000000000000000000000000000000000000000000000000000000000000000001111111100000000000001100000000000000000000000111110000000000000000000000000000000000000000000
0000000000000000000000000000000000000011000000000000000000000000000000000000000000000011100000000000000000000000000000000000000000000000000000000000000000000000000000001111000000000001100000000000000000000111110000000000000000000000000000000000000000000000
0000000000000000000000000000000000000011000000000000000000000000000000000000000000000001111000000000000000000000000000000000000000000000000000000000000000000000000000000111110000000000111000000000000001111111000000000000000000000000000000000000000000000000
0000000000000000000000000000000000000011000000000000000000000000000000000000000000000000111111110000000000000000000000000000000000000000000000000000000000000000000000000000111000000000011100000000000011111000000000000000000000000000000000000000000000000000
0000000000000000000000000000000000000011000000000000000000000000000000000000000000000000001111111000000000000000000000000000000000000000000000000000000000000000000000000000011000000000001110000000000111000000000000000000000000000000000000000000000000000000
0000000000000000000000000000000000000011000000000000000000000000000000000000000000000000000000011100000000000000000000000000000000000000000000000000000000000000000000000000011100000000000111100000001110000000000000000000000000000000000000000000000000000000
0000000000000000000000000000000000000011000000000000000000000000000000000000000000000000000000001110000000000000000000000000000000000000000000000000000000000000000000000000001100000000000001110000011100000000000000000000000000000000000000000000000000000000
0000000000000000000000000000000000000011100000000000000000000000000000000000000000000000000000000111000000000000000000000000000000000000000000000000000000000000000000000000001100000000000000110000111000000000000000000000000000000000000000000000000000000000
0000000000000000000000000000000000000001100000000000000000000000000000000000000000000000000000000011100000000000000000000000000000000000000000000000000000000000000000000000000110000000000000111001110000000000000000000000000000000000000000000000000000000000
0000000000000000000000000000000000000001100000000000000000000000000000000000000000000000000000000001110000000000000000000000000000000000000000000000000000000000000000000000000110000000000000011001100000000000000000000000000000000000000000000000000000000000
0000000000000000000000000000000000000001110000000000000000000000000000000000000000000000000000000000111100000000000000000000000000000000000000000000000000000000000000000000000111000000000000001111000000000000000000000000000000000000000000000000000000000000
0000000000000000000000000000000000000000111000000000000000000000000000000000000000000000000000000000011110000000000000000000000000000000000000000000000000000000000000000000000011000000000000001111000000000000000000000000000000000000000000000000000000000000
0000000000000000000000000000000000000000011100000000000000000000000000000000000000000000000000000000000111100000000000000000000000000000000000000000000000000000000000000000000011000000000000000111000000000000000000000000000000000000000000000000000000000001
0000000000000000000000000000000000000000001110000000000000000000000000000000000000000000000000000000000011111000000000000000000000000000000000000000000000000000000000000000000011100000000000000111000000000000000000000000000000000000000000000000000000000011
0000000000000000000000000000000000000000000110000000000000000000000000000000000000000000000000000000000000011100000000000000000000000000000000000000000000000000000000000000000001100000000000000111000000000000000000000000000000000000000000000000000000000111
0000000000000000000000000000000000000000000011000000000000000000000000000000000000000000000000000000000000001110000000000000000000000000000000000000000000000000000000000000000001110000000000000011000000000000000000000000000000000000000000000000000000000110
0000000000000000000000000000000000000000000011100000000000000000000000000000000000000000000000000000000000000111000000000000000000000000000000000000000000000000000000000000000000110000000000000011000000000000000000000000000000000000000000000000000000001110
0000000000000000000000000000000000000000000001110000000000000000000000000000000000000000000000000000000000000011100000000000000000000000000000000000000000000000000000000000000000111000000000000011100000000000000000000000000000000000000000000000000000001100
0000000000000000000000000000000000000000000000110000000000000000000000000000000000000000000000000000000000000001110000000000000000000000000000000000000000000000000000000000000000011000000000000001100000000000000000000000000000000000000000000000000000001100
0000000000000000000000000000000000000000000000011000000000000000000000000000000000000000000000000000000000000000111000000000000000000000000000000000000000000000000000000000000000011100000000000011000000000000000000000000000000000000000000000000000000011000
0000000000000000000000000000000000000000000000001110000000000000000000000000000000000000000000000000000000000000011100000000000000000000000000000000000000000000000000000000000000001100000000000001100000000000000000000000000000000000000000000000000000011000
0000000000000000000000000000000000000000000000000111000000000000000000000000000000000000000000000000000000000000001110000000000000000000000000000000000000000000000000000000000000101110000000000001100000000000000000000000000000000000000000000000000000110000
0000000000000000000000000000000000000000000000000011000000000000000000000000000000000000000000000000000000000000000111100000000000000000000000000000000000000000000000000000000011111111000000000000110000011111000000000000000000000000000000000000000001100000
0000000000000000000000000000000000000000000000000001100000000000000000000000000000000000000000000000000000000000000001110000000000000000000000000000000000000000000000000000001111111111100000000000111111111111100000000000000000000000000000000000000001100000
0000000000000000000000000000000000000000000000000001110000000000000000000000000000000000000000000000000000000000000000111000000000000000000000000000000000000000000000000001111100000111110000000000011111100001110000000000000000000000000000000000000011000000
0000000000000000000000000000000000000000000000000000111000000000000000000000000000000000000000000000000000000000000000011100000000000000000000000000000000000000000000000111110000000011111000000000000000000000110000000000000000000000000000000000000011000000
0000000000000000000000000000000000000000000000000000011000000000000000000000000000000000000000000000000000000000000000001111100000000000000000000000000000000000000000111111000000000001111110000000000000000000011000000000000000000000000000000000000011000000
0000000000000000000000000000000000000000000000000000001100000000000000000000000000000000000000000000000000000000000000000111111100000000000000000000000000000000000111111100000000000000111111000000000000000000011100000000000000000000000000000000000110000000
0000000000000000000000000000000000000000000000000000001110000000000000000000000000000000000000000000000000000000000000000000011111111100000000000000000000001111111111100000000000000000000011100000000000000000001110000000000000000000000000000000000110000000
0000000000000000000000000000000000000000000000000000000110000000000000000000000000000000000000000000000000000000000000000000000011111111111111111000110111111111111000000000000000000000000001100000000000000000000111110000000000000000000000000000000110000000
0000000000000000000000000000000000000000000000000000000011100000000000000000000000000000000000000000000000000000000000000000000000000111111111111111111111110000000000000000000000000000000000110000000000000000000001111000000000000000000000000000001110000000
0000000000000000000000000000000000000000000000000000000001110000000000000000000000000000000000000000000000000000000000000000000000000000000000000111001000000000000000000000000000000000000000110000000000000000000000011100000000000000000000000000001100000000
0000000000000000000000000000000000000000000000000000000000111100000000000000000000000000000000000000000000000000000000000000000000000000000000000000000000000000000000000000000000000000000000110000000000000000000000000110000000000000000000000000001100000000
0000000000000000000000000000000000000000000000000000000000001110000000000000000000000000000000000000000000000000000000000000000000000000000000000000000000000000000000000000000000000000000000110000000000000000000000000011000000000000000000000000001100000000
0000000000000000000000000000000000000000000000000000000000000111000000000000000000000000000000000000000000000000000000000000000000000000000000000000000000000000000000000000000000000000000000011000000000000000000000000001100000000000000000000000011100000000
0000000000000000000000000000000000000000000000000000000000000011100000000000000000000000000000000000000000000000000000000000000000000000000000000000000000000000000000000000000000000000000000011100000000000000000000000001100000000000000000000000111000000000
0000000000000000000000000000000000000000000000000000000000000001110000000000000000000000000000000000000000000000000000000000000000000000000000000000000000000000000000000000000000000000000000001110000000000000000000000001100000000000000000000001110000000000
0000000000000000000000000000000000000000000000000000000000000000110000000000000000000000000000000000000000000000000000000000000000000000000000000000000000000000000000000000000000000000000000000111111111100000000000000001100000000000000000000111100000000000
0000000000000000000000000000000000000000000000000000000000000000111000000000000000000000000000000000000000000000000000000000000000000000000000000000000000000000000000000000000000000000000000000001111111110000001111100011100000000000000000000110000000000000
0000000000000000000000000000000000000000000000000000000000000000011100000000000000000000000000000000000000000000000000000000000000000000000000000000000000000000000000000000000000000000000000000000000000011000111111111011111000000000000000001110000000000000
0000000000000000000000000000000000000000000000000000000000000000001111111111000001100000000000000000000000000000000000000000000000000000000000000000000000000000000000000000000000000000000000000000000000011111110000011101111111110000000000001100000000000000
0000000000000000000000000000000000000000000000000000000000000000000011111111111111110000000000000000000000000000000000000000000000000000000000000000000000000000000000000000000000000000000000000000000000001111000000001111111111111000000000001100000000000000
0000000000000000000000000000000000000000000000000000000000000000000000000001111110111111100000000000000000000000000000000000000000000000000000000000000000000000000000000000000000000000000000000000000000000000000000000111000000011100000000011000000000000000
0000000000000000000000000000000000000000000000000000000000000000000000000000000000001111111111000000000000000000000000000000000000000000000000000000000000000000000000000000000000000000000000000000000000000000000000000000000000001100000000011000000000000000
