0000000000110000000000111111000000000000000000000000000000000000000000000000000000000000000000000000000000110000000000000000000000000110000000000000000000000000000000000000000000000000000000000000000000000000011110000011000000000000000111100000000000000000
0000000000110000000001110000000000000000000000000000000000000000000000000000000000000000000000000000000000110000000000000000000000000000000000000000000000000000000000000000000000000000000000000000000000000000011000000011100000000000000110000000000000000000
0000000000110000000011100000000000000000000000000000000000000000000000000000000000000000000000000000000000011000000000000000000000000000000000000000000000000000000000000000000000000000000000000000000000000000111000000001100000000000001100000000000000000000
0000000000011111110011000000000000000000000000000000000000000000000000000000000000000000000000000000000000011000000000000000000000000000000000000000000000000000000000000000000000000000000000000000000000000000111000000001100000000000001100000000000000000000
0000000000001111111110000000000000000000000000000000000000000000000000000000000000000000000000000000000000001100000000000000000000000000000000000000000000000000000000000000000000000000000000000000000000000000110000000001100000000000001100000000000000000000
0000000000000000011111000000000000000000000000000000000000000000000000000000000000000000000000000000000000001100000000000000000000000000000000000000000000000000000000000000000000000000000000000000000000000000110000000001100000000000001100000000000000000000
0000000000000000000111000000000000000000000000000000000000000000000000000000000000000000000000000000000000000110000000000000000000000000000000000000000000000000000000000000000000000000000000000000000000000000110000000001110000000000001100000000000000000000
0000000000000000000110000000000000000000000000000000000000000000000000000000000000000000000000000000000000000110000000000000000000000000000000000000000000000000000000000000000000000000000000000000000000000000110000000000111111000000001100000000000000000000
0000000000000000000110000000000000000110000000000000000000000000000000000000000000000000000000000000000000000011000000000000000000000000000000000000000000000000000000000000000000000000000000000000000000000000111000000000011111100000001100000000000000000000
0000000000000000001110111110000000001111110000000111110000000000011111111000000000000000000000000000000000000011100000000000000000000000000000000000000000000000000000000000000000000000000000000000000000000000011000000000000001110000011100000000000000000000
0000000000000000001111111111111111111111111111111111111110000011111111111100000000000000000000000000000000000001100000000000000000000000000000000000000000000000000000000000000000000000000000000000000000000000011000000000000000111000111000000000000000000000
0000000000000000000111000111111111111000011111111000011111111111110000001110000000000000000000000000000000000000110000000000000000000000000000000000000000000000000000000000000000000000000000000000000000000000011000000000000000011101110000000000000000000000
0000000000000000000000000111010000000000000000000000000001111100000000000111000000000000000000000000000000000000110000000000000000000000000000000000000000000000000000000000000000000000000000000000000000000000111000000000000000001111100000000000000000000000
0000000000000000000000000011000000000000000000000000000000000000000000000011100000000000000000000000000000000000011000000000000000000000000000000000000000000000000000000000000000000000000000000000000000000000110000000000000000000111000000000000000000000000
0000000000000000000000000011100000000000000000000000000000000000000000000000110000000000000000000000000000000000011000000000000000000000000000000000000000000000000000000000000000000000000000000000000000000000110000000000000000000110000000000000000000000000
0000000000000000000000000001111110000000000000000000000000000000000000000000011000000000000000000000000000000000011000000000000000000000000000000000000000000000000000000000000000000000000000000000000000000001100000000000000000001110000000000000000000000000
0000000000000000000000000000111111000000000000000000000000000000000000000000011100000000000000000000000000000000011100000000000000000000000000000000000000000000000000000000000000000000000000000000000000000001100000000000000000000110000000000000000000000000
0000000000000000000000000000000011000000000000000000000000000000000000000000001100000000000000000000000000000000001100000000000000000000000000000000000000000000000000000000000000000000000000000000000000000001100000000000000000000111000000000000000000000000
0000000000000000000000000000000011100000000000000000000000000000000000000000000110000000000000000000000000000000000110000000000000000000000000000000000000000000000000000000000000000000000000000000000000000001110000000000000000000011000000000000000000000000
0000000000000000000000000000000001111110000000000000000000000000000000000000000110000000000000000000000000000000000110000000000000000000000000000000000000000000000000000000000000000000000000000000000000000000110000000000000000000011100000000000000000000000
1000000000000000000000000000000000011111000000000000000000000000000000000000000011000000000000000000000000000000000011000000000000000000000000000000000000000000000000000000000000000000000000000000000000000001110000000000000000000011110000000000000000000000
1100000000000000000000000000000000000011100000000000000000000000000000000000000011000000000000000000000000000000000011100000000000000000000000000000000000000000000000000000000000000000000000000000000000000001100000000000000000000000110000000000000000000000
1110000000000000000000000000000000000001111000000000000000000000000000000000000011000000000000000000000000000000000001110000000000000000000000000000000000000000000000000000000000000000000000000000000000000001100000000000000000000000110000000000000000000000
0111100000000000000000000000000000000000111100000000000000000000000000000000000011000000000000000000000000000000000001111110000000000000000000000000000000000000000000000000000000000000000000000000000000001111100000000000000000000000110000000000000000000000
0001100000000000000000000000000000000000000110000000000000000000000000000000000011000000000000000000000000000000000001111111000000000000000000000000000000000000000000000000000000000000000000000000000000111111000000000000000000000000111000000000000000000000
0000110000000000000000000000000000000000000110000000000000000000000000000000000110000000000000000000000000000000000001100011110000000000000000000000000000000000000000000000000000000000000000000000000001110011100000000000000000000000111100000000000000000000
0000111000000000000000000000000000000000000011100000000000000000000000000000001110000000000000000000000000000000000001100000111000000000000000000000000000000000000000000000000000000000000000000000000011000001111000000000000000000000001110000000000000000000
0000011000000000000000000000000000000000000001100000000000000000000000000000011100000000000000000000000000000000000001100000011100000000000000000000000000000000000000000000000000000000000000000000001110000000011110000000000000000000000111000000000000000000
0000001100000000000000000000000000000000000000000000000000000000000000000000011000000000000000000000000000000000000001100000000000000000000000000000000000000000000000000000000000000000000000000000011100000000000111000000000000000000000111110000000000000000
0000001110000000000000000000000000000000000000000000000000000000000000000000011000000000000000000000000000000000000001100000000000000000000000000000000000000000000000000000000000000000000000000000011000000000000011110000000000000000000000111110000000000000
0000000111000000000000000000000000000000000000000000000000000000000000000000000000000000000000000000000000000000000001100000000000000000000000000000000000000000000000000000000000000000000000000000011000000000000000111000000000000000000000011111000000000000
0000000001100000000000000000000000000000000000000000000000000000000000000000000000000000000000000000000000000000000001100000000000000000000000000000000000000000000000000000000000000000000000000001111000000000000000001100000000000000000000000011100000000000
0000000001110000000000000000000000000000000000000000000000000000000000000000000000000000000000000000000000000000000001110000000000000000000000000000000000000000000000000000000000000000000000000011110000000000000000000110000000000000000000000001100000000000
0000000000111100000000000000000000000000000000000000000000000000000000000000000000000000000000000000000000000000000000110000000000000000000000000000000000000000000000000000000000000000000000000111000000000000000000000110000000000000000000000011100000000000
0000000000001111111000000000000000000000000000000000000000000000000000000000000000000000000000000000000000000000000000111000000000000000000000000000000000000000000000000000000000000000000000000110000000000000000000000011000000000000000000000011000000000000
0000000000000011111100000000000000000000000000000000000000000000000000000000000000000000000000000000000000000000000000111100000000000000000000000000000000000000000000000000000000000000000000001110000000000000000000000011000000000000000000000110000000000000
0000000000000000001110000000000000000000000000000000000000000000000000000000000000000000000000000000000000000000000001111111000000000000000000000000000000000000000000000000000000000000000000000111000000000000000000000011000000000000000000000011000000000000
0000000000000000000011100000000000000000000000000000000000000000000000000000000000000000000000000000000000000000000001100111000000000000000000000000000000000000000000000000000000000000000000000111100000000000000000000011000000000000000000000011000000000000
0000000000000000000001110000000000000000000000000000000000000000000000000000000000000000000000000000000000000000000011000001100000000000000000000000000000000000000000000000000000000000000000001111110000000000000000000111000000000000000000000011100000000000
0000000000000000000000110000000000000000000000000000000000000000000000000000000000000000000000000000000000000000000011000001100000000000000000000000000000000000000000000000000000000000000110011100110000000000000000000110000000000000000000000001111100000001
1000000000000000000000000000000000000000000000000000000000000000000000000000000000000000000000000000000000000000000111000000110000000000000000000000000000000000000000000000000000000000011111111000110000000000000000000110000000000000000000000000011111100011
1100000000000000000000000000000000000000000000000000000000000000000000000000000000000000000000000000000000000000000110000000110000000000000000000000000000000000000000000000000000000000111101110000110000000000000000000110000000000000000000000000000111111111
1110000000000000000000000000000000000000000000000000000000000000000000000000000000000000000000000000000000000000000110000000110000000000000000000000000000000000000000000000000000000001110000000000110000000000000000000110000000000000000000000000000000111100
0111110000000000000000000000000000000000000000000000000000000000000000000000000000000000000000000000000000000000000110000000110000000000000000000000000000000000000000000000000000000011100000000000110000000000000000000110000000000000000000000000000000000000
0001111000000000000000000000000000000000000000000000000000000000000000000000000000000000000000000000000000000000000000000000010000000000000000000000000000000000000000000000000000000111000000000001100000000000000000001100000000000000000000000000000000000000
0000011000000000000000000000000000000000000000000000000000000000000000000000000000000000000000000000000000000000000000000000000000000000000000000000000110000000000000000000000000000110000000000001100000000000000000001100000000000000000000000000000000000000
0000001000000000000000000000000000000000000000000000000000000000000000000000000000000000000000000000000000000000000000000000000000000000000000000000000110000000000000000000000000001110000000000011000000000000000000001100000000000000000000000000000000000000
0000000000000000000000000000000000000000000000000000000000000000000001000000000000000000000000000000000000000000000000000000000000000000000000000000000111000000000000000000000000001100000000000111000000000000000000001100000000000000000000000000000000000000
0000000000000000000000000000000000000000000000000000000000000000000011000000000000000000000000000000000000000000000000000000000000000000000000000000000011000000000000000000000000111100000000001110000000000000000000011000000000000000000000000000000000000000
0000000000000000000000000000000000000000000000000000000000000000000110000000000000000000000000000000000000000000000000000000000000000000000000000000000011100000000000000000000001110000000000011100000000000000000000011000000000000000000000000000000000000000
0000000000000000000000000000000000000000000000000000000000000000001100000000000000000000000000000000000000000000000000000000000000000000000000000000000001110000000000000000000011100000000000011000000000000000000000110000000000000000000000000000000000000000
0000000000000000000000000000000000000000000000000000000000000000011100000000000000000000000000000000000000000000000000000000000000000000000000000000000000111000000000000000000111000000000000011000000000000000000001110000000000000000000000000000000000000000
0000000000000000000000000000000000000000000000000000000000000000011000000000000000000000000000000000000000000000000000000000000000000000000000000000000000011100000000000000000110000000000000110000000000000000000001100000000000000000000000000000000000000000
0000000000000000000000000000000000000000000000000000000000000000111000000000000000000000000000000000000000000000000000000000000000000000000000000000000000001110000000000000001100000000000000110000000000000000000001100000000000000000000000000000000000000000
0000000000000000000000000000000000000000000000000000000000000001110000000000000000011000000000000000000000000000000000000000000000000000000000000000000000000111000000000000011100000000000000110000000000000000000001100000000000000000000000000000000000000000
0000000000000000000000000000000000000000000000000000000000000011100000000000000001111000000000000000000000000000000000000000000000000000000000000000000000000011111000000000011000000000000000110000000000000000000001100000000000000000000000000000000000000000
0000000000000000000000000000000000000000000000000000000000000111000111111111111111100000000000000000000000000000000000000000000000000000000000000000000000000000111110000000011000000000000000110000000000000000000001100000000000000000000000000000000000000000
0000000000000000000000000000000000000000000000000000000000011111111111111111111110000000000000000000000000000000000000000000000000000000000000000000000000000000000111110000110000000000000000110000000000000000000000000000000000000000000000000000000000000000
0000000000000000000000000000000000000000000000000000000000111111111000000000000000000000000000000000000000000000000000000000000000000000000000000000000000000000000001111000110000000000000000110000000000000000000000000000000000000000000000000000000000000000
0000000000000000000000000000000000000000000000000000000001110111000000000000000000000000000000000000000000000000000000000000000000000000000000000000000000000000000000011111100000000000000001110000000000000000000000000000000000000000000000000000000000000000
0000000000000000000000000000000000000000000000000000000011101100000000000000000000000000000000000000000000000000000000000000000000000000000000000000000000000000000000000111100000000000000011100000000000000000000000000000000000000000000000000000000000000000
0000000000000000000000000000000000000000000000000000000111111100000000000000000000000000000000000000000000000000000000000000000000000000000000000000000000000000000000000011100000000000000111000000000000000000000000000000000000000000000000000000000000000000
0000000000000000000000000000000000000000000000000000001111111000000000000000000000000000000000000000000000000000000000000000000000000000000000000000000000000000000000000011000000000000001110000000000000000000000000000000000000000000000000000000000000000000
0000000000000000000000000000000000000000000000000011111111100000000000000000000000000000000000000000000000000000000000000000000000000000000000000000000000000000000000001110000000000000011100000000000000000000000000000000000000000000000000000000000000000000
0000000000001000000000000000000000001111000001111111111000000000000000000000000000000000000000000000000000000000000000000000000000000000000000000000000000000000000111111110000000000000111000000000000000000000000000000000000000000000000000000000000000000000
0000000000011000000000000000000000011111110111111111000000000000000000000000000000000000000000000000000000000000000000000000000000000000000000000000000000000000000111111000000000000000110000000000000000000000000000000000000000000000000000000000000000000000
0000000000011100000000000000000000111000111110000000000000000000000000000000000000000000000000000000000000000000000000000000000000000000000000000000000000000000000000000000000000000001100000000000000000000000000000000000000000000000000000000000000000000000
0000000000001100000000000000000001110000111100000000000000000000000000000000000000000000000000000000000000000000000000000000000000000000000000000000000000000000000000000000000000000001100000000000000000000000000000000000000000000000000000000000000000000000
0000000000001100000000000000000011100000011000000000000000000000000000000000000000000000000000000000000000000000000000000000000000000000000000000000000000000000000000000000000000000011000000000000000000000000000000000000000000000000000000000000000000000000
0000000000001100000000000000000111000000000000000000000000000000000000000000000000000000000000000000000000000000000000000000000000000000000000000000000000000000000000000000000000001111000000000000000000000000000000000000000000000000000000000000000000000000
0000000000011000000000000000001110000000000000000000000000000000000000000000000000000000000000000000000000000000000000000000000000000000000000000000000000000000000000000000000000011100000000000000000000000000000000000000000000000000000000000000000000000000
0000000000111000000000000000011100000000000000000000000000000000000000000000000000000000000000000000000000000000000000000000000000000000000000000000000000000000000000000000000000111000000000000000000000000000000000000000000000000000000000000000000000000000
0000000000111000000000000000111000000000000000000000000000000000000000000000000000000000000000000000000000000000000000000000000000000000000000000000000000000000000000000000000011110000000000000000000000000000000000000000000000000000000000000000000000000000
0000000000011000000000001111110000000000000000000000000000000000000000000000000000000000000000000000000000000000000000000000000000000000000000000000000000000000000000000011111111000000000000000000000000000000000000000000000000000000000000000000000000000000
0000000000011100000000011111000000000000000000000000000000000000000000000000000000000000000000000000000000000000000000000000000000000000000000000000000000000000000000000111111110000000000000000000000000000000000000000000000000000000000000000000000000000000
0000000000001110000000011000000000000000000000000000000000000000000000000000000000000000000000000000000000000000000000000000000000000000000000000000000000000000000000001110000000000000000000000000000000000000000000000000000000000000000000000000000000000000
0000000000000111000000110000000000000000000000000000000000000000000000000000000000000000000000000000000000000000000000000000000000000000000000000000000000000000000000111100000000000000000000000000000000000000000000000000000000000000000000000000000000000000
0000000000000011000000110000000000000000000000000000000000000000000000000000000000000000000000000000000000000000000000000000000000000000000000000000000000000000000011111000000000000000000000000000000000000000000000000000000000000000000000000000000000000000
0000000000000011000000110000000000000000000000000000000000000000000000000000000000000000000000000000000000000000000000000000000000000000000000000000000000000000000111000000000000000000000000000000000000000000000000000000000000000000000000000000000000000000
0000000000000001100000110000000000000000000000000000000000000000000000000000000000000000000000000000000000000000000000000000000000000000000001111111111100000000111110000000000000000000000000000000000000000000000000000000000000000000000000000000000000000000
0000000000000001111110110000000000000000000000000000000000000000000000000000000000000000000000000000000000000000000000000000000000000000000011111111111111111111111000000000000000000000000000000000000000000000000000000000000000000000000000000000000000000000
0000000000000000011111110000000000000000000000000000000000000000000000000000000000000000000000000000000000000000000000000000000000000000000111000000000111111111100000000000000000000000000000000000000000000000000000000000000000000000000000000000000000000000
0000000000000000000011110000000000000000000000000000000000000000000000000000000000000000000000000000000000000000000000000000000000000000000110000000000000000100000000000000000000000000000000000000000000000000000000000000000000000000000000000000000000000000
0000000000000000000001110000000000000000000000000000000000000000000000000000000000000000000000000000000000000000000000000000000000000000001100000000000000000000000000000000000000000000000000000000000000000000000000000000000000000000000000000000000000000000
0000000000000000000001100000000000000000000001100000000000000000000000000000000000000000000000000000000000000000000000000000000000000000011100000000000000000000000000000000000000000000000000000000000000000000000000000000000000000000000000000000000000000000
0000000000000000000011000000000000000000000001100000000000000000000000000000000000000000000000000000000000000000000000000000000000000000011000000000000000000000000000000000000000000000000000000000000000000000000000000000000000000000000000000000000000000000
0000000000000000000011000000000000000000000001100000000000000000000000000000000000000000000000000000000000000000000000000000000000000000111000000000000000000000000000000000000000000000000000000000000000000000000000000000000000000000000000000000000000000000
0000000000000000000011000000000000000000000011000000000000000000000000000000000000000000000000000000000000000000000000000000000000000001110000000000000000000000000000000000000000000000000000000000000000000000000000000000000000000000000000000000000000000000
0000000000000000000110000000000000000000000111000000000000000000000000000000000000000000000000000000000000000000000000000000000000000011100000000000000000000000000000000000000000000000000000000000000000000000000000000000000000000000000000000000000000000000
0000000000000000001110000000000000000000011110000000000000000000000000000000000000000000000000000000000000000000000000000000000000000111000000000000000000000000000000000000000000000000000000000000000000000000000000000000000000000000000000000000000000000000
0000000000000000001100000000000000000000111100000000000000000000000000000000000000000000000000000000000000000000000000000000000000000110000000000000000000000000000000000000000000000000000000000000000000000000000000000000000000000000000000000000000000000000
0000000000000000011100000000000000000001110000000000000000000000000000000000000000000000000000000000000000000000000000000000000000001110000000000000000000000000000000000000000000000000000000000000000000000000000000000000000000000000000000000000000000000000
0000000000000000111000000000000000000111100000000000000000000000000000000000000000000000000000000000000000000000000000000000000000001100000000000000000000000000000000000000000000000000000000000000000000000000000000000000000000000000000000000000000000000000
0000000000000000110000000000000000001110000000000000000000000000000000000000000000000000000000000000000000000000000000000000000000011000000000000000000000000000000000000000000000000000000000000000000000000000000000000000000000000000000000000000000000000000
0000000000000001110000000000000000011100000000000000000000000000000000000000000000000000000000000000000000000000000000000000000000111000000000000000000000000000000000000000000000000000000000000000000000000000000000000000000000000000000000000000000000000000
0000000000000000110000000000000000111000000000000000000000000000000000000000000000000000000000000000000000000000000000000000000001110000000000000000000000000000000000000000000000000000000000000000000000000000000000000000000000000000000000000000000000000000
0000000000000000111000000000000001110000000000000000000000000000000000000000000000000000000000000000000000000000000000000000000011100000000000000000000000000000000000000000000000000000000000000000000000000000000000000000000000000000000000000000000000000000
0000000000000000011000110000000111100000000000000000000000000000000000000000000000000000000000000000000000000000000000000000000111000000000000000000000000000000000000000000000000000000000000000000000000000000000000000000000000000000000000000000000000000000
0000000000000000110001111111111111000000000000000000000000000000000000000000000000000000000000000000000000000000000000000000001110000000000000000000000000000000000000000000000000000000000000000000000000000000000000000000000000000000000000000000000000000000
0000000000000000110001101111111100000000000000000000000000000000000000000000000000000000000000000000000000000000000000000000011100000000000000000000000000000000000000000000000000000000000000000000000000000000000000000000000000000000000000000000000000000000
0000000000000000110011000000000000000000000000000000000000000000000000000000000000000000000000000000000000000000000000000000011000000000000000000000000000000000000000000000000000000000000000000000000000000000000000000000000000000000000000000000000000000000
0000000000000000110011000000000000000000000000000000000000000000000000000000000000000000000000000000000000000000000000000000110000000000000000000000000000000000000000000000000000000000000000000000000000000000000000000000000000000000000000000000000000000000
0000000000000000110011000000000000000000000000000000000000000000000000000000000000000000000000000000000000000000000000000000110000000000000000000000000000000000000000000000000000000000000000000000000000000000000000000000000000000000000000000000000000000000
0000000000000001110011000000000000000000000000000000000000000000000000000000000000000000000000000000000000000000000000000000010000000000000000000000000000000000000000000000000000000000000000000000000000000000000000000000000000000000000000000000000000000000
0000000000000001100110000000000000000000000000000000011000000000000000000000000000000000000000000000000000000000000000000000000000000000000000000000000000000000000000000000000000000000000000000000000000000000000000000000000000000000000000000000000000000000
0000000000000001100110000000000000000000000000000000111000000000000000000000000000000000000000000000000000000000000000000000000000000000000000000000000000000000000000000000000000000000000000000000000000000000000000000000000000000000000000000000000000000000
0000000000000001100110000000000000000000000000011101110000000000000000000000000000000000000000000000000000000000000000000000000000000000000000000000000000000000000000000000000000000000000000000000000000000000000000000000000000000000000000000000000000000000
0000000000000001101100000000000000000000000000111111100000000000000000000000000000000000000000000000000000000000000000000000000000000000000000000000000000000000000000000000000000000000000000000000000000000000000000000000000000000000000000000000000000000000
0000000000000001111100000000000000000000000011110110000000000000000000000000000000000000000000000000000000000000000000000000000000000000000000000000000000000000000000000000000000000000000000000000000000000000000000000000000000000000000000000000000000000000
0000000000000001111000000000000000000000001111000000000000000000000000000000000000000000000000000000000000000000000000000000000000000000000000000000000000000000000000000000000000000000000000000000000000000000000000000000000000000000000000000000000000000000
0000000000000001110000000000000000000000011111110000000000000000000000000000000000000000000000000000000000000000000000000000000000000000000000000000000000000000000000000000000000000000000000000000000000000000000000000000000000000000000000000000000000000000
0000000000000011100000000000000000000000111111111000000000000000000000000000000000000000000000000000000000000000000000000000000000000000000000000000000000000000000000000000000000000000000000000000000000000000000000000000000000000000000000000000000000000000
0000000000001111100000000000000000000001110000011100000000000000000000000000000000000000000000000000000000000000000000000000000000000000000000000000000000000000000000000000000000000000000000000000000000000000000000000000000000000000000000000000000000000000
0000000000011111110000000000000000000001100000001110000000000000000000000000000000000000000000000000000000000000000000000000000000000000000000000000000000000000000000000000000000000000000000000000000000000000000000000000000000000000000000000000000000000000
0000000011111000111000000000000000000011000000000111000000000000000000000000000000000000000000000000000000000000000000000000000000000000000000000000000000000000000000000000000000000000000000000000000000000000000000000000000000000000000000000000000000000000
0000000111100000011111111101110000001111000000000011100000000000000000000000000000000000000000000000000000000000000000000000000000000000000000000000000000000000000000000000000000000000000000000000000000000000000000000000000000000000000000000000000000000000
0000001110000000000111111111111111111100000000000001000000000000000000000000000000000000000000000000000000000000000000000000000000000000000000000000000000000000000000000000000000000000000000000000000000000000000000000000000000000000000000000000000000000000
0000011000000000000000000111011111111000000000000000000000000000000000000000000000000000000000000000000000000000000000000000000000000000000000000000000000000000000000000000000000000000000000000000000000000000000000000000000000000000000000000000000000000000
0000110000000000000000000000000001100000000000000000000000000000000000000000000000000000000000000000000000000000000000000000000000000000000000000000000000000000000000000000000000000000000000000000000000000000000011000000000000000000000000000000000000000000
0001100000000000000000000000000001100000000000000000000000000000000000000000000000000000000000000000000000000000000000000000000000000000000000000000000000000000000000000000000000000000000000000000000000000000000111000000000000000000000000000000000000000000
0111100000000000000000000000000001100000000000000000000000000000000000000000000000000000000000000000000000000000000000000000000000000000000000000000000000000000000000000000000000000000000000000000000000000000000110000000000000000000000000000000000000000000
1111000000000000000000000000000001100000000000000000000000000000000000000000000000000000000000000000000000000000000000000000000000000000000000000000000000000000000000000000000000000000000000000000000000000000001100000000000000000000000000000000000000000000
1100000000000000000000000000000001100000000000000000000000000000000000000000000000000000000000000000000000000000000000000000000000000000000000000000000000000000000000000000000000000000000000000000000000000000001100000000000000000000000000000000000000000000
0000000000000000000000000000000000110000000000000000000000000000000000000000000000000000000000000000000000000000000000000000000000000000000000000000000000000000000000000000000000000000000000000000000000000000011000000000000000000000000000000000000000000000
0000000000000000000000000000000000111000000000000000000000000000000000000000000000000000000000000000000000000000000000000000000000000000000000000000000000000000000000000000000000000000000000000000000000000000011000000000000000000000000000000000000000000000
0000000000000000000000000000000000011100000000000000000000000000000000000000000000000000000000000000000000000000000000000000000000000000000000000000000000000000000000000000000000000000000000000000000000000000011000000000000000000000000000000000000000000000
0000000000000000000000000000000000001110000000000000000000000000000000000000000000000000000000000000000000000000000000000000000000000000000000000000000000000000000000000000000000000000000000000000000000000000001100000000000000000000000000000000000000000000
0000000000000000000000000000000000000111000000000000000000000000000000000000000000000000000000000000000000000000000000000000000000000000000000000000000000000000000000000000000000000000000000000000000000000000001100000000000000000000000000000000000000000000
0000000000000000000000000000000000000011000000000000000000000000000000000000000000000000000000000000000000000000000000000000000000000000000000000000000000000000000000000000000000000000000000000000000000000000011000000000000000000000000000000000000000000000
0000000000000000000000000000000000000011100000000000000000000000000000000000000000000000000000000000000000000000000000000000000000000000000000000000000000000000000000000000000000000000000000000000000000000000011100000000000000000000000000000000000000000000
0000000000000000000000000000000000000001100000000000000000000000000000000000000000000000000000000000000000000000000000000000000000000000000000000000000000000000000000000000000000000000000000000000000000000000011110000000000000000000000000000000000000000000
0000000000000000000000000000000000000001100000000000000000000000000000000000000000000000000000000000000000000000000000000000000000000000000000000000000000000000000000000000000000000000000000000000000000000000001111100000000000000000000000000000000000000000
0000000000000000000000000000000000000000110000000000000000000000000000000000000000000000000000000000000000000000000000000000000000000000000000000000000000000000000000000000000000000000000000000000000000000000000011100000000000000000000000000000000000000000
0000000000000000000000000000000000000000110000000000000000000000000000000000000000000000000000000000000000000000000000000000000000000000000000000000000000000000000000000000000000000000000000000000000000000000000000110000000000000000000000000000000000000000
1100000000000000000000000000000000000000011000000000000000000000000000000000000000000000000000000000000000000000000000000000000000000000000000000000000000000000000000000000000000000000000000000000000000000000000000110000000000000000000000000000000000000000
1111000000000000000000000000000000000000011100000000000000000000000000000000000000000000000000000000000000000000000000000000000000000000000000000000000000000000000000000000000000000000000000000000000000000000000000110000000000000000000000000111111111000000
0011100000000000000000000000000000000000001110000000000000000000000000000000000000000000000000000000000000000000000000000000000000000000000000000000000000000000000000000000000000000000000000000000000000000000000000111000000000000000000000011111111111100000
0001100000000000000000000000000000000000000111100000000000000000000000000000000000000000000000000000000000000000000000000000000000000000000000000000000000000000000000000000000000000000000000000000000000000000000000011100000000000000000000111000000001110000
0001110000000000000000000000000000000000000001111000000000000000000000000000000000000000000000000000000000000000000000000000000000000000000000000000000000000000000000000000000000000000000000000000000000000000000000001110000000000000000000110000000000111000
0001111000000000000000000000000000000000000000111100000000000000000000000000000000000000000000000000000000000000000000000000000000000000000000000000000000000000000000000000000000000000000000000000000000000000000000000111000000000000000001110000000000011111
0001111100000000000000000000000000000000000000001111000000000000000000000000000000000000000000000000000000000000000000000000000000000000000000000000000000000000000000000000000000000000000000000000000000000000000000000011100000000000000001100000000000000111
0001101110000000000000000000000000000000000000000111110000000000000000000000000000000000000000000000000000000000000000000000000000000000000000000000000000000000000000000000000000000000000000000000000000000000000000000001110000000000000001100000000000000001
0001100011100000000000000000000000000000000000000001111100000000000000000000000000000000000000000000000000000000000000000000000000000000000000000000000000000000000000000000000000000000000000000000000000000000000000000000110000000000000011000000000000000000
0011000001111000000000000000000000000000000000000000001111000000000000000000000000000000000000000000000000000000000000000000000000000000000000000000000000000000000000000000000000000000000000000000000000000000000000000000011000000000000011000000000000000000
0011000000111110000000000000000000000000000000000000000011000000000000000000000000000000000000000000000000000000000000000000000000000000000000000000000000000000000000000000000000000000000000000000000000000000000000000000011000000000000011000000000000000000
0111000000001111111000000000000000000000000000000000000000000000000000000000000000000000000000000000000000000000000000000000000000000000000000000000000000000000000000000000000000000000000000000000000000000000000000000000001100000111111111000000000000000000
0010000000000001111110000000000000000000000000000000000000000000000000000000000000000000000000000000000000000000000000000000000000000000000000000000000000000000000000000000000000000000000000000000000000000000000000000000001111111111111110000000000000000000
0000000000000000001110000000000000000000000000000000000000000000000000000000000000000000000000000000000000000000000000000000000000000000000000000000000000000000000000000000000000000000000000000000000000000000000000000000000011111000001100000000000000000000
0000000000000000000000000000000000000000000000000000000000000000000000000000000000000000000000000000000000000000000000000000000000000000000000000000000000000000000000000000000000000000000000000000000000000000000000000000000000110000011100000000000000000000
0000000000000000000000000000000000000000000000000000000000000000000000011000000000000000000000000000000000000000000000000000000000000000000000000000000000000000000000000000000000000000000000000000000000000000000000000000000000110000001100000000000000000000
0000000000000000000000000000000000000000000000000000000000000000000000111000000000000000000000000000000000000000000000000000000000000000000000000000000000000000000000000000000000000000000000000000000000000000000000000000000000110000001110000000000000000000
0000000000000000000000000000000000000000000000000000000000000000000000110000000000000000000000000000000000000000000000000000000000000000000000010000000000000000000000000000000000000000000000000000000000000000000000000000000000110000000110000000000000000000
0000000000000000000000000000000000000000000000000000000000000000000001100000000000000000000000000000000000000000000000000000000000000000000000110000000000000000000000000000000000000000000000000000000000000000000000000000000001110000000111000000000000000000
0000000000000000000000000000000000000000000000000000000000000000000011100000000000000000000000000000000000000000000000000000000000000000000000110000000000000000000000000000000000000000000000000000000000000000000000001111110001100000000011100000000000000000
0000000000000000000000000000000000000000000000000000000000000000000111000000000000000000000000000000000000000000000000000000000000000000000001110000000000000000000000000000000000000000000000000000000000000000000000111111111111100000000001110000000000000000
0000000000000000000000000000000000000000000000000000000000000000001110000000000000000000000000000000000000000000000000000000000000000000000001100000000000000000000000000000000000000000000000000000000000000000000011111000011111000000000000111000000000000000
0000000000000000000000000000000000000000000000000000000000000000001100000000000000000000000000000000000000000000000000000000000000000000000001100000000000000000000000000000000000000000000000000000000000000000000011000000000000000000000000011100000000000000
0000000000000000000000000000000000000000000000000000000000000000001100000000000000000000000000000000000000000000000000000000000000000000000001100000000000000000000000000000000000000000000000000000000000000000000111000000000000000000000000001100000000000000
0000000000000000000000000000000000000000000000000000000000000000001100000000000000000000000000000000000000000000000000000000000000000000000011000000000000000000000000000000000000000000000000000000000000000000000110000000000000000000000000001100000000000000
0000000000000000000000000000000000000000000000000000000000000000011100000000000000000000000000000000000000000000000000000000000000000000000011000000000000000000000000000000000000000000000000000000000000000000001110000000000000000000000000001100000000000000
0000000000000000000000000000000000000000000000000000000000000000111000000000000000000000000000000000000000000000000000000000000000000000000011000000000000000000000000000000000000000000000000000000000000000000111100000000000000000000000000001100000000000000
0000000000000000000000000000000000000000000000000000000000000001110000000000000000000000000000000000000000000000000000000000000000000000000110000000000000000000000000000000000000000000000000000000000000000001110000000000000000000000000000001100000000000000
0000000000000000000000000000000000000000000000000000000000000011100000000000000000000000000000000000000000000000000000000000000000000000000110000000000000000000000000000000000000000000000000000000000000000011100000000000000000000000000000001100000000000000
0000000000000000000000000000000000000000000000000000000000000111000000000000000000000000000000000000000000000000000000000000000000000000001110000000000000000000000000000000000000000000000000000000000000111111000000000000000000000000000000001100000000000000
0000000000000000000000000000000000000000000000000000000000001110000000000000000000000000000000000000000000000000000000000000000000000000011100000000000000000000000000000000000000000000000000000000000011111100000000000000000000000000000000001100000000000000
0000000000000000000000000000000000000000000000000000000000111100000000000000000000000000000000000000000000000000000000000000000000000000111000000000000000000000000000000000000000000000000000000000000111100000000000000000000000000000000000011000000000000000
0000000000000000000000000000000000000000000000000000000001110000000000000000000000000000000000000000000000000000000000000000000000000011110000000000000000000000000000000000000000000000000000000000001111100000000000000000000000000000000000011000000000000000
0000000000000000000000000000000000000000000000000000000001100000000000000000000000000000000000000000000000000000000000000000000000000111100000000000000000000000000000000000000000000000000000000000011100110000000000000000000000000000000000011111000000000000
0000000000000000000000000000000000000000000000000000000001100000000000000000000000000000000000000000000000000000000000000000000000000110000000000000000000000000000000000000000000000000000000000000011000111000000000000000000000000000000000001111100000000000
0000000000000000000000000000000000000000000000000000000001100000000000000000000000000000000000000000000000000000000000000000000000001100000000000000000000000000000000000000000000000000000000000000111000011000000000000000000000000000000000000001110000000000
0000000000000000000000000000000000000000000000000000000001100000000000000000000000000000000000000000000000000000000000000000000000011100000000000000000000000000000000000000000000000000000000000011110000011000000000000000000000000000000000000000110000000000
0000000000000000000000000000000000000000000000000000000011100000000000000000000000000000000000000000000000000000000000000000000000011000000000000000000000000000000000000000000000000000000000001111100000010000000000000000000000000000000000000000110000000000
0000000000000000000000000000000000000000000000000000000111100000000000000000000000000000000000000000000000000000000000000000000000110000000000000000000000000000000000000000000000000000000000011100000000000000000000000000000000000000000000000000011000000000
0000000000000000000000000000000000000000000000000001101110000000000000000000000000000000000000000000000000000000000000000000000001110000000000000000000000000000000000000000000000000000000000111000000000000000000000000000000000000000000000000000011100000000
0000000000000000000000000000000000000000000000000011111100000000000000000000000000000000000000000000000000000000000000000000000001100000000000000000000000000000000000000000000000000000000011110000000000000000000000000000000000000000000000000000001100000000
0000000000000000000000000000000000000000000000000011011000000000000000000000000000000000000000000000000000000000000000000000000001100000000000000000000000000000000000000000000000000000001111100000000000000000000000000000000000000000000000000000001100000000
0000000000000000000000000000000000000000000000001111000000000000000000000000000000000000000000000000000000000000000000000000000001100000000000000000000000000000000000000000000000000000011110000000000000000000000000000000000000000000000000000000011100000000
0000000000000000000000000000000000000000000000011100000000000000000000000000000000000000000000000000000000000000000000000000000011000000000000000000000000000000000000000000000000000000111000000000000000000000000000000000000000000000000000000000011000000000
0000000000000000000000000000000000000000000000011000000000000000000000000000000000000000000000000000000000000000000000000000001111000000000000000000000000000000000000000000000000000011110000000000000000000000000000000000000000000000000000000000000000000000
0000000000000000000000000000000000000000000000011000000000000000000000000000000000000000000000000000000000000000000000000000001110000000000000000000000000000000000000000000000000000011000000000000000000000000000000000000000000000000000000000000000000000000
0000000000000000000000000000000000000000000000011000000000000000000000000000000000000000000000000000000000000000000000000000011000000000000000000000000000000000000000000000000000000011000000000000000000000000000000000000000000000000000000000000000000000000
0000000000000000000000000000000000000000000000011000000000000000000000000000000000000000000000000000000000000000000000000000011000000000000000000000000000000000000000000000000000000001100000000000000000000000000000000000000000000000000000000000000000000000
0000000000000000000000000000000000000000000000110000000000000000000000000000000000000000000000000000000000000000000000000000011000000000000000000000000000000000000000000000000000000001110000000000000000000000000000000000000000000000000000000000000000000000
0000000000000000000000000000000000000000000001100000000000000000000000000000000000000000000000000000000000000000000000000000110000000000000000000000000000000000000000000000000000000000110000000000000000000000000000000000000000000000000000000000000000000000
0000000000000000000000000000000000000000000111100000000000000000000000000000000000000000000000000000000000000000000000000000110000000000000000000000000000000000000000000000001111111111110000000000000000000000000000000000000000000000000000000000000000000000
0000000000000000000000000000000000000000001111000000000000000000000000000000000000000000000000000000000000000000000000000000110000000000000000000000000000000000000000000001111111111111100000000000000000000000000000000000000000000000000000000000000000000000
1000000000000000000000000000000000000000011000000000000000000000000000000000000000000000000000000000000000000000000000000000110000000000000000000000000000000000000000000111111000000011100000000000000000000000000000000000000000000000000000000000000000000000
1100000000000000000000000000000000000000011000000000000000000000000000000000000000000000000000000000000000000000000000000000110000000000000000000000000000000000000000000110000000000001100000000000000000000000000000000000000000000000000000000000000000000000
1110000000000000000000000000000000000000011000000000000000000000000000000000000000000000000000000000000000000000000000000000111000000000000000000000000000000000000000001100000000000000110000000000000000000000000000000000000000000000000000000000000000000000
0110000000000000000000000000000000000000011000000000000000000000000000000000000000000000000000000000000000000000000000000000011100000000000000000000000000000000000000011100000000000000111100000000000000000000000000000000000000000000000000000000000000000000
0011000000000000000000000000000000000000011000000000000000000000000000000000000000000000000000000000000000000000000000000000001100000000000000000000000000000000000000111100000000000000011110000000000000000000000000000000000000000000000000000000000000000000
0011000000000000000000000000000000000000001100000000000000000000000000000000000000000000000000000000000000000000000000000000001110000000000000000000000000000000000001111100000000000000000111000000000011110000000000000000000000000000000000000000000000000000
0011000000000000000000000000000000000000001100000000000000000000000000000000000000000000000000000000000000000000000000000000000110000000000000000000000000000000000001101100000000000000000011000000000011111000000000000000000000000000000000000000000000000000
0011000000000000000000000000000000000000001100000000000000000000000000000000000000000000000000000000000000000000000000000000000111000000000000000000000000000000111111001111100000000000000011000000000011011111000000000000000000000000000000000000000000000000
0011000000000000000000000000000000000000001100000000000000000000000000000000000000000000000000000000000000000000000000000000000011000000000010000000000000000001111110000111100000000000000011000000000111001111111100000000000000000000000000000000000000000000
0110000000000000000000000000000000000001111100000000000000000000000000000000000000000000000000000000000000000000000000000000000011100000001111110000000000000011100000000000110000000000000011110000001110000001111110000000000000000000000000000000000000000000
0111000000000000000000000000000000000011111000000000000000000000000000000000000000000000000000000000000000000000000000000000000111110000011111111100000000000111000000000000110000000000000001111000011100000000000011000000000000000000000000000000000000000000
0011000000000000000000000000000000000111000000000000000000000000000000000000000000000000000000000000000000000000000000000000000110111000111000011111111111000110000000000000111000000000000000011111111000000000000011100000000000000000000000000000000000000000
0011100000000000000000000000000000000110000000000000000000000000000000000000000000000111100000000000000000000000000000000000000110011101110000000111111111111100000000000000011000000000000000000111110000000000000001111000000000000000000000000000000000000000
0001111000000000000000000000000000000110000000000000000000000000000000000000000000001111110000000000000000000000000000000000001100001111100000000000000001111000000000000000011000000000000000000111000000000000000000011000000000000000000000000000000000000000
0000011100000000000000000000000000000110000000000000000000001100000000000000000000011100110000000000000000000000000000000000001100000010000000000000000000000000000000000000011000000000000000000011100000000000000000000000000000000000000000000000000000000000
0000001110000000000000000000000000000110000000000000000000001100000000000000000000011000011000000111000000000000000111111111001100000000000000000000000000000000000000000000011000000000000000000001100000000000000000000000000000000000000000000000000000000000
0000000110000000000000000000000000000110000000000000000000001100000000000000000000110000011110011111100000000001111111111111111100000000000000000000000000000000000000000000111000000000000000000001100000000000000000000000000000000000000000000000000000000000
0000000111000000000000000000000000000110000000000000000000001100000000000000000000110000000111111001110000011111111000000000110000000000000000000000000000000000000000000000110000000000000000000001100000000000000000000000000000000000000000000000000000000000
0000000011000000000000000000000000000110000000000000000000001110000000000000000001110000000001110000111111111111000000000000000000000000000000000000000000000000000000000001110000000000000000000001100000000000000000000000000000000000000000000000000000000000
0000000011100000000000000000000000000110000000000000000000000110000000000000011111100000000000000000001111100000000000000000000000000000000000000000000000000000000000000011100000000000000000000001100000000000000000000000000000000000000000000000000000000000
0000000001100000000000000000000000000110000000000000000000000011000000000000111111000000000000000000000000000000000000000000000000000000000000000000000000000000000000000111000000000000000000000001100000000000000000000000000000000000000000000000000000000000
0000000000110000000000000000000000000110000000000000000000000011100000000001100000000000000000000000000000000000000000000000000000000000000000000000000000000000000000000110000000000000000000000001100000000000000000000000000000000000000000000000000000000000
0000000000110000000000000000000000000110000000000000000000000001110000000001100000000000000000000000000000000000000000000000000000000000000000000000000000000000000000000110000000000000000000000000110000000000000000000000000000000000000000000000000000000000
0000000000110000000000000000000000000110000000000000000000000000110000000011000000000000000000000000000000000000000000000000000000000000000000000000000000000000000000001110000000000000000000000000111100000000000000000000000000000000000000000000000000000000
0000000000110000000000000000000000000110000000000000000000000000110000000111000000000000000000000000000000000000000000000000000000000000000000000000000000000000000000001100000000000000000000000000011111100000000000000000000000000000000000000000000000000000
0000000001100000000000000000000000001100000000000000000000000000111000111110000000000000000000000000000000000000000000000000000000000000000000000000000000000000000000001100000000000000000000000000011111100000000000000000000000000000000000000000000000000000
0000000001100000000000000000000000001100000000000000000000000000011001111000000000000000000000000000000000000000000000000000000000000000000000000000000000000000000000011100000000000000000000000000111000000000000000000000000000000000000000000000000000000000
0000000001110000000000000000000000011000000000000000000000000000011011100000000000000000000000000000000000000000000000000000000000000000000000000000000000000000000000011000000000000000000000000001110000000000000000000000000000000000000000000000000000000000
0000000000111110000000000000000000111000000000000000000000000000011011000000000000000000000000000000000000000000000000000000000000000000000000000000000000000000000000110000000000000000000000000001100000000000000000000000000000000000000000000000000000000000
0000000000001111110000000000000011110000011111111111100000000000011111000000000000000000000000000000000000000000000000000000000000000000000000000000000000000000000000110000000000000000000000000011100000000000000000000000000000000000000000000000000000000000
0000000000000001111000000000000111100000111111111111111000000000001111000000000000000000000000000000000000000000000000000000000000000000000000000000000000000000000000110000000000000000000000000011000000000000000000000000000000000000000000000000000000000000
0000000000000000001100000000001100000001110000000000011100000000001111000000000000000000000000000000000000000000000000000000000000000000000000000000000000000000000000011000000000000000000000000110000000000000000000000000000000000000000000000000000000000000
0000000000000000001100000000001100000011100000000000001110000000001111000000000000000000000000000000000000000000000000000000000000000000000000000000000000000000000000110000000000000000000000001110000000000000000000000000000000000000000000000000000000000000
0000000000000000001100000000001110000111000000000000000110000000000110000000000000000000000000000000000000000000000000000000000000000000000000000000000000000000000000110000000000000000000000001110000000000000000000000000000000000000000000000000000000000000
0000000000000000001100000000000110001110000000000000000110000000000110000000000000000000000000000000000000000000000000000000000000000000000000000000000000000000000000110000000000000000000000011000000000000000000000000000000000000000000000000000000000000000
0000000000000000001100000000000111011100000000000000000111000000001100000000000000000000000000000000000000000000000000000000000000000000000000000000000000000000111111100000000000000000000000011000000000000000000000000000000000000000000000000000000000000000
0000000000000000000110000000000011111000000000000000000011100000111100000000000000000000000000000000000000000000000000000000000000000000000000000000000000000001111111000000000000000000000000111000000000000000000000000000000000000000000000000000000000000000
0000000000000000000111000000000011110000000000000000000001111111110000000000000000000000000000000000000000000000000000000000000000000000000000000000000000000111100000000000000000000000000000110000000000000000000000000000000000000000000000000000000000000000
0000000000000000000111000000001111100000000000000000000001111111000000000000000000000000000000000000000000000000000000000000000000000000000000000000000000000110000000000000000000000000000001110000000000000000000000000000000000000000000000000000000000000000
0000000000000000000111111111111110000000000000000000000001100000000000000000000000000000000000000000000000000000000000000000000000000000000000000000000000001100000000000000000000000000000001100000000000000000000000000000000000000000000000000000000000000000
0000000000000000000011111111111110000000000000000000000001100000000000000000000000000000000000000000000000000000000000000000000000000000000000000000000000001100000000000000000000000000000011000000000000000000000000000000000000000000000000000000000000000000
0000000000000000000011000000001111000000000000000000000011100000000000000000000000000000000000000000000000000000000000000000000000000000000000000000000000001100000000000000000000000000000011000000000000000000000000000000000000000000000000000000000000000000
0000000000000000000011000000000011100000000000000000000111000000000000000000000000000000000000000000000000000000000000000000000000000000000000000000000000011100000000000000000000000000000110000000000000000000000000000000000000000000000000000000000000000000
0000000000000000000001100000000001100000000000000000000110000000000000000000000000000000000000000000000000000000000000000000000000000000000000000000000000011000000000000000000000000000000110000000000000000000000000000000000000000000000000000000000000000000
0000000000000000000001100000000001100000000000000000000110000000000000000000000000000000000000000000000000000000000000000000000000000000000000000000000000011000000000000000000000000000000110000000000000000000000000000000000000000000000000000000000000000000
0000000000000000000001100000000001100000000000000000000110000000000000000000000000000000000000000000000000000000000000000000000000000000000000000000000000010000000000000000000000000000000110000000000000000000000000000000000000000000000000000000000000000000
0000000000000000000001100000000001100000000000000000000110000000000000000000000000000000000000000000000000000000000000000000000000000000000000000000000000000000000000000000000000000000000110000000000000000000000000000000000000000000000000000000000000000000
0000000000000000000001100000000001110000000000000000000110000000000000000000000000000000000000100000000000000000000000000000000000000000000000000000000000000000000000000000000000000000001100000000000000000000000000000000000000000000000000000000000000000000
0000000000000000000001100000000000110000000000000000000110000000000000000000000000000000000111111111000000000000000000000000000000000000000000000000000000000000000000000000000000000000001100000000000000000000000000000000000000000000000000000000000000000000
0000000000000000000011100000000000011000000000000000000110000000000000000000000000000000001111111111111111000000000000000000000000000000000000000000000000000000000000000000000000000000011000000000000000000000000000000000000000000000000000000000000000000000
0000000000000000000111000000000000011100000000000000000110000000000000000000000000000000011100000000111111110000000000000000000000000000000000000000000000000000000000000000000000000000111000000000000000000000000000000000000000000000000000000000000000000000
0000000000000000000110000000000000001100000000000000000011000000000000000000000000000001111000000000000001111111100000000000000000000000000000000000000000000000000000000000000000000001100000000000000000000000000000000000000000000000000000000000000000000000
0000000000000000001110000000000000001100000000000000000011100000000000000000000000000011100000000000000000011111111000000000000000000000000000000000000000000000000000000000000000000011100000000000000000000000000000000000000000000000000000000000000000000000
0000000000000000001100000000000000001100000000000000000001100000000000000000000000000011000000000000000000000000011100000000000000000000000000000000000000000000000000000000000000000111000000000000000000000000000000000000000000000000000000000000000000000000
0000000000000000000110000000000000001100000000000000000001100000000000000000000000000011000000000000000000000000001111000000000000000000000000000000000000000000000000000000000000000110000000000000000000000000000000000000000000000000000000000000000000000000
0000000000000000000111000000000000000110000000000000000001100000000000000000000000000011000000000000000000000000000111100000000000000000000000000000000000000000000000000000000000000000000000000000000000000000000000000000000000000000000000000000000000000000
0000000000000000001111000000000000000110000000000000000011100000000000000000000000000011000000000000000000000000000000110000000000000000000000000000000000000000000000000000000000000000000000000000000000000000000000000000000000000000000000000000000000000000
0000000000000000011111110000000000000011000000000000000011000000000000000000000000000011000000000000000000000000000000111000000000000000000000000000000000000000000000000000000000000000000000000000000000000000000000000000000000000000000000000000000000000000
0000000000000000111001111000000000000011100000000000000011100000000000000000000000000111000000000000000000000000000000011100000000000000000000000000000000000000000000000000000000000000000000000000000000000000000000000000000000000000000000000000000000000000
0000000000000011110000011000000000000001110000000000000001110000000000000000000000000110000000000000000000000000000000001111111111111111111100000000000000000000000000000000000000000000000000000000000000000000000000000000000000000000000000000000000000000000
0000000000000011000000011000000000000000111000000000000000111100000000000000000000000110000000000000000000000000000000000111111111111111111111111000000000000000000000000000000000000000000000000000000000000000000000000000000000000000000000000000000000000000
0000000000000011000000011000000000000000011100000000000000001111100000000000000000001100000000000000000000000000000000000110000000000000000111111111100000000000000000000000000000000000000000000000000000000000000000000000000000000000000000000000000000000000
0000000000000011100000011100000000000000000100000000000000000011110000000000000000001100000000000000000000000000000000000111000000000000000000001111111110000000000000000000000000000000000000000000000000000000000000000000000000000000000000000000000000000000
0000000000000001100000001100000000000000000000000000000000000000110000000000000000001100000000000000000000000000000000000011100000000000000000000000011111100000000000000000000000000000000000000000000000000000000000000000000000000000000000000000000000000000
0000000000000001100000001100000000000000000000000000000000000000111000000000000000001100000000000000000000000000000000000001110000000000000000000000000011110000000000000000000000000000000000000000000000000000000000000000000000000000000000000000000000000000
0000000000000000110000001100000000000000000000000000000000000000011100000000000000001100000000000000000000000000000000000000110000000000000000000000000000111100000000000000000000000000000000000000000000000000000000000000000000000000000000000000000000000000
0000000000000001110000011100000000000000000000000000000000000000001111000000000011111100000000000000000000000000000000000000111000000000000000000000000000001111000000000000000000000000000000000000000000000000000000000000000000000000000000000000000000000000
0000000000000011100000011000000000000000000000000000000000000000000111111000001111111000000000000000000000000000000000000000011000000000000000000000000000000011100000000000000000000000000000000000000000000000000000000000000000000000000000000000000000000000
0000000000000011000000011000000000000000000000000000000000000000000001111100011110001100000000000000000000000000000000000000011000000000000000000000000000000001111000000000000000000000000000000000000000000000000000000000000000000000000000000000000000000000
0000000000000110000000011000000000000000000000000000000000000000000000001111111000001100000000000000000000000000000000000000011000000000000000000000000000000000011110000000000000000000000000000000000000000000000000000000000000000000000000000000000000000000
