0000000000000000000000000000000000000000000000000000000000000000000011000000000000000000000000011000000000000000000000000000000000011100000000000000000000000000000000000000001100000000000000000000000000000000000000000000000000000000000000000000000111000000
0000000000000000000000000000000000000000000000000000000000000000000011000000000000000000000000011000000000000000000000000000000000001100000000000000000000000000000000000000001110000000000000000000000000000000000000000000000000000000000000000000001111100000
0000000000000000000000000000000000000000000000000000000000000000000011000000000000000000000000011000000000000000000000000000000000001100000000000000000000000000000000000000000110000000000000000000000000000000000000000000000000000000000000000000011001100000
0000000000000000000000000000000000000000000000000000000000000000000110000000000000000000000000011000000000000000000000000000000000001100000000000000000000000000000000000000000011000000000000000000000000000000000000000000000000000000000000000000011101100000
0000000000000000000000000000000000000000000000000000000000000000001110000000000000000000000000011000000000000000000000000000000000001110000000000000000000000000000000000000000011000000000000000000000000000000000000000000000000000000000000000000001101110000
0000000000000000000000000000000000000000000000000000000000000000001100000000000000000000000000011000000000000000000000000000000000000110000000000000000000000000000000000000000000000000000000000000000000000000000000000000000000000000000000000000011000110000
0000000000000000000000000000000000000000000000000000000000000000011100000000000000000000000000011100000000000000000000000000000000000011100000000000000000000000000000000000000000000000000000000000000000000000000000000000000000000000000000000000011000011001
0000000000000000000000000000000000000000000000000000000000000000011000000000000000000000000000001100000000000000000000000000000000000001100000000000000000000000000000000000000000000000000000000000000000000000000000000000000000000000000000000000011000011011
0000000000000000000000000000000000000000000000000000000000000000011000000000000000000000000000001100000000000000000000000000000000000001110000000000000000000000000000000000000000000000000000000000000000000000000000000000000000000000000000000000110000001111
0000000000000000000000000000000000000000000000000000000000000000111000000000000000000000000000000110000000000000000000000000000000000000110000000000000000000000000000000000000000000000000000000000000000000000000000000000000000000000000000000000110000000110
0000000000000000000000000000000000000000000000000000000000000000110000000000000000000000000000000111000000000000000000000000000000000000110000000000000000000000000000000000000000000000000000000000000000000000000000000000000000000000000000000001110000000000
0000000000000000000000000000000000000000000000000000000000000000110000000000000000000000000000000011000000000000000000000000000000000000110000000000000000000000000000000000000000000000000000000000000000000000000000000000000000000000000000000011100000000000
0000000000000000000000000000000000000000000000000000000000000000110000000000000000000000000000000011000000000000000000000000000000000000111000000000000000000000000000000000000000000000000000000000000000000000000000000000000000000000000000000111000000000000
0000000000000000000000000000000000000000000000000000000000000001110000000000000000000000000000000001100000000000000000000000000000000000011110000000000000000000000000000000000000000000000000000000000000000000000000000000000000000000000000001110000000000000
0000000000000000000000000000000000000000000000000000000000000111100000000000000000000000000000000001111110000000000000000000000000000000000111000000000000000000000000000000000000000000000000000000000000000000000000000000000000000000000000011100000000000000
0000000000000000000000000000000000000000000000000000000000001111000000000000000000000000000000000000111111000000000000000000000000000000000011000000000000000000000000000000000000000000000000000000000000000000000000000000000000000000000000111000000000000000
0000000000000000000000000000000000000000000000000000000000001100000000000000000000000000000000000000000011100000000000000000000000000000000011100000000000000000000000000000000000000000000000000000000000000000000000000000000000000000000001110000000000000000
0000000000000000000000000000000000000000000000000000000000011100000000000000000000000000000000000000000001100000000000000000000000000000000001100000000000000000000000000000000000000000000000000000000000000000000000000000000000000000000111100000000000000000
0000000000000000000000000000000000000000000000000000000000011000000000000000000000000000000000000000000011110000000000000000000000000000000000110000000000000000000000000000000000000000000000000000000000000000000000000000000000000000001110000000000000000000
0000000000000000000000000000000000000000000000000000000000111000000000000000000000000000000000000000000011111100000000000000000000000000000000111000000000000000000000000000000000000000000000000000000000000000000000000000000000000000011100000000000000000000
0000000000000000000000000000000000000000000000000000000000110000000000000000000000000000000000000000000001111100000000000000000000000000000000011000000000000000000000000000000000000000000000000000000000000000000000000000000000000000111000000000000000000000
0000000000000000000000000000000000000000000000000000000001100000000000000000000000000000000000000000000000000111000000000000000000000000000000001100000000000000000000000000000000000000000000000000000000000000000000000000000000000001110000000000000000000000
0000000000000000000000000000000000000000000000000000000011100000000000000000000000000000000000000000000000000011100000000000000000000000000000001110000000000000000000000000000000000000000000000000000000000000000000000000000000000011100000000000000000000000
0000000000000000000000000000000000000000000000000000000011000000000000000000000000000000000000000000000000000001110000000000000000000000000000000110000000000000000000000000000000000000000000000000000000000000000000000000000000000011000000000000000000000000
0000000000000000000000000000000000000000000000000000000011000000000000000000000000000000000000000000000000000000111000000000000000000000000000000110000000000000000000000000000000000000000000000000000000000000000000000000000000000011000000000000000000000000
0000000000000000000000000000000000000000000000000000000110000000000000000000000000000000000000000000000000000000011000000000000000000000000000000110000000000000000000000000000000000000000000000000000000000000000000000000000000000111000000000000000000000000
0000000000000000000000000000000000000000000000000000000110000000000000000000000000000000000000000000000000000000011000000000000000000000000000000011000000000000000000000000000000000000000000000000000000000000000000000000000000000110000000000000000000000000
0000000000000000000000000000000000000000000000000000001100000000000000000000000000000000000000000000000000000000011000000000000000000000000000000011110000000000000000000000000000000000000000000000000000000000000000000000000000001100000000000000000000000000
0000000000000000000000000000000000000000000000000000001100000000000000000000000000000000000000000000000000000000011000000000000000000000000000000000111100000000000000000000000000000000000000000000000000000000000000000000000000011100000000000000000000000000
0000000000000000000000000000000000000000000000000000001100000000000000000000000000000000000000000000000000000000011100000000000000000000000000000000001110000000000000000000000000000000000000000000000000000000000000000000000000011000000000000000000000000000
0000000000000000000000000000000000000000000000000000001100000000000000000000000000000000000000000000000000000000001111000000000000000000000000000000000111000000000000000000000000000000000000000000000000000000000000000000000000011000000000000000000000000000
0000000000000000000000000000000000000000000000000000011000000000000000000000000000000000000000000000000000000000000111100000000000000000000000000000000011100000000000000000000000000000000000000000000000000000000000000000000000011000000000000000000000000000
0000000000000000000000000000000000000000000000000000011000000000000000000000000000000000000000000000000000000000000001100000000000000000000000000000000000110000000000000000000000000000000000000000000000000000000000000000000000011000000000000000000000000000
0000000000000000000000000000000000000000000000000000011000000000000000000000000000000000000000000000000000000000000001100000000000000000000000000000000001110000000000000000000000000000000000000000000000000000000000000000000000111000000000000000000000000000
0000000000000000000000000000000000000000000000000000011000000000000000000000000000000000000000000000000000000000000000111000000000000000000000000000000011100000000000000000000000000000000000000000000000000000000000000000000001110000000000000000000000000000
0000000000000000000000000000000000000000000000000000011000000000000000000000000000000000000000000000000000000000000000011100000000000000000000000000000011000000000000000000000000000000000000000000000000000000000011000000000001100000000000000000000000000000
0000000000000000000000000000000000000000000000000000011000000000000000000000000000000000000000000000000000000000000000001100000000000000000000000000000011000000000000000000000000000000000000000000000000000000001111100000000001100000000000000000000000000000
0000000000000000000000000000000000000000000000000000011000000000000000000000000000000000000000000000000000000000000000001100000000000000000000000000000011100000000000000000000000000000000000000000000000000001111111110000000001100000000000000000000000000000
0000000000000000000000000000000000000000000000000000011000000000000000000000000000000000000000000000000000000000000000001100000000000000000000000000000001100000000000000000000000000000000000000000000000000111111000111100000111111000000000000000000000000000
0000000000000000000000000000000000000000000000000000001100000000000000000000000000000000000000000000000000000000000000001100000000000000000000000000000001110000000000000000000000000000000000000000000000011110000000011111111111111110000000000000000000000000
0000000000000000000000000000000000000000000000000000001100000000000000000000000000000000000000000000000000000000000000011000000000000000000000000000000000110000000000000000000000000000000000000000000001111000000000000111111000001111000111110010000000000000
0000000000000000000000000000000000000000000000000000000110000000000000000000000000000000000000000000000000000000000000011100000000000000000000000000000000111110000000000000000000000000000000000000000001110000000000000000000000000001111111111111111100000000
0000000000000000000000000000000000000000000000000000000110000000000000000000000000000000000000000000000000000000000000001110000000000000000000000000000000001111111100000000000000000000000000000000000011100000000000000000000000000001111100011111111111000000
0000000000000000000000000000000000000000000000000000000110000000000000000000000000000000000000000000000000000000000000000110000000000000000000000000000000000011111111000000000000000000000000000000000011000000000000000000000000000000000000000000000111111000
0000000000000000000000000000000000000000000000000000000110000000000000000000000000000000000000000000000000000000000000000110000000000000000000000000000000000000000111111000000000000000000000000000000111000000000000000000000000000000000000000000000000111110
0000000000000000000000000000000000000000000000000000000110000000000000000000000000000000000000000000000000000000000000000110000000000000000000000000000000000000000000111110000000000000000000000000011110000000000000000000000000000000000000000000000000001111
0000000000000000000000000000000000000000000000000000000111000000000000000000000000000000000000000000000000000000000000000110000000000000000000000000000000000000000000001111100000000000000000000000111100000000000000000000000000000000000000000000000000000001
0000000000000000000000000000000000000000000000000000000011100000000000000000000000000000000000000000000000000000000000000110000000000000000000000000000000000000000000000011111000000000000000000001110000000000000000000000000000000000000000000000000000000000
0000000000000000000000000000000000000000000000000000000001110000000000000000000000000000000000000000000000000000000000000011000000000000000000000000000000000000000000000000111100000000000000000001100000000000000000000000000000000000000000000000000000000000
0000000000000000000000000000000000000000000000000000000000111000000000000000000000000000000000000000000000000000000000000011100000000000000000000000000000000000000000000000001111000000000000000001100000000000000000000000000000000000000000000000000000000000
0000000000000000000000000000000000000000000000000000000000011000000000000000000000000000000000000000000000000000000000000001110000000000000000000000000000000000000000000000000011100000000000000001100000000000000000000000000000000000000000000000000000000000
0000000000000000000000000000000000000000000000000000000000011000000000000000000000000000000000000000000000000000000000000000110000000000000000000000000000000000000000000000000001111000000000000011000000000000000000000000000000000000000000000000000000000000
0000000000000000000000000000000000000000000000000000000000011000000000000000000000000000000000000000000000000000000000000000110000000000000000000000000000000000000000000000000000011100000000000011000000000000000000000000000000000000000000000000000000000000
0000000000000000000000000000000000000000000000000000000000011000000000000000000000000000000000000000000000000000000000000000110000000000000000000000000000000000000000000000000000000110000000000111000000000000000000000000000000000000000000000000000000000000
0000000000000000000000000000000000000000000000000000000000011000000000000000000000000000000000000000000000000000000000000000110000000000000000000000000000000000000000000000000000000011000000000110000000000000000000000000000000000000000000000000000000000000
0000000000000000000000000000000000000000000000000000000000011100000000000000000000000000000000000000000000000000000000000000110000000000000000000000000000000000000000000000000000000011111111011110000000000000000000000000000000000000000000000000000000000000
0000000000000000000000000000000000000000000000000000000000001100000000000000000000000000000000000000000000000000000000000001100000000000000000000000000000000000000000000000000000000001111111111110000000000000000000000000000000000000000000000000000000000000
0000000000000000000000000000000000000000000000000000000000001100000000000000000000000000000000000000000000000000000000000001100000000000000000000000000000000000000000000000000000000000000001110110000000000000000000000000000000000000000000000000000000000000
0000000000000000000000000000000000000000000000000000000000001110000000000000000000000000000000000000000000000000000000000001100000000000000000000000000000000000000000000000000000000000000000000111000000000000000000000000000000000000000000000000000000000000
0000000000000000000000000000000000000000000000000000000000000110000000000000000000000000000000000000000000000000000000000001100000000000000000000000000000000000000000000000000000000000000000000111000000000000000000000000000000000000000000000000000000000000
1110000000000000000000000000000000000000000000000000000000000110000000000000000000000000000000000000000000000000000000000001100000000000000000000000000000000000000000000000000000000000000000000011000000000000000000000000000000000000000000000000000000000000
1111111000000000000000000000000000000000000000000000000000000011111000000000000000000000000000000000000000000000000000000001110000000000000000000000000000000000000000000000000000000000000000000011100000000000000000000000000000000000000000000000000000000000
0001111100000000000000000000000000000000000000000000000000000011111100000000000000000000000000000000000000000000000000000000111000000000000000000000000000000000000000000000000000000000000000000001100000000000000000000000000000000000000000000000000000000000
0000001111000000000000000000000000000000000000000000000000000000001100000000000000000000000000000000000000000000000000000000011110000000000000000000000000000000000000000000000000000000000000000000110000000000000000000000000000000000000000000000000000000000
0000000011100000000000000000000000000000000000000000000000000000001111000000000000000000000000000000000000000000000000000000000111000000000000000000000000000000000000000000000000000000000000000000111000000000000000000000000000000000000000000000000000000000
0000000001110000000000000000000000000000000000000000000000000000000011110000000000000000000000000000000000000000000000000000000011000000000000000000000000000000000000000000000000000000000000000000011000000000000000000000000000000000000000000000000000000000
0000000000011100000000000000000000001100000000000000000000000000000001110000000000000000000000000000000000000000000000000000000011100000000000000000000000000000000000000000000000000000000000000000011111111000000000000000000000000000000000000000000000000000
0000000000001110000000000000000011111100000000000000000000000000000000011000000000000000000000000000000000000000000000000000000011000000000000000000000000000000000000000000000000000000000000000000011111111110000000000000000000000000000000000000000000000000
0000000000000111100000000000001111110000000000000000000000000000000000011100000000000000000000000000000000000000000000000000000111000000000000000000000000000000000000000000000000000000000000000000000000001111110000000000000000000000000000000000000000000000
0000000000000011111110000000111110000000000000000000000000000000000000001110000000000000000000000000000000000000000001111111100110000000000000000000000000000000000000000000000000000000000000000000000000000001111110000000000000000000000000000000000000000000
0000000000000000011111100111110000000000000000000000000000000000000000000111000000000000000000000000000000000000000011111111111110000000000000000000000000000000000000000000000000000000000000000000000000000000011111110000000000000000000000000000000000000000
0000000000000000000011111111000000000000000000000000000000000000000000000011100000000000000000000000000000000000000011100000111110000000000000000000000000000000000000000000000000000000000000000000000000000000000011111111110000000000000000000000000000000000
0000000000000000000000111000000000000000000000000000000000000000000000000001111000000000000000000000000000000000000011000000011000000000000000000000000000000000000000000000000000000000000000000000000000000000000011111111111111111100000000000000000000000000
0000000000000000000000000000000000000000000000000000000000000000000000000000011100000000000000000000000000000000000011000000000000000000000000000000000000000000000000000000000000000000000000000000000000000000000001100000001111111111110000000000000000000000
0000000000000000000000000000000000000000000000000000000000000000000000000000001100000000000000000000000000000000000111000000000000000000000000000000000000000000000000000000000000000000000000000000000000000000000001100000000000000111111110000000011000000000
0000000000000000000000000000000000000000000000000000000000000000000000000000001110000000000000000000000000000000000110000000000000000000000000000000000000000000000000000000000000000000000000000000000000000000000001110000000000000000011111111111111111110000
0000000000000000000000000000000000000000000000000000000000000000000000000000000110000000000000000000000000000000000110000000000000000000000000000000000000000000000000000000000000000000000000000000000000000000000000110000000000000000000011111111100111111111
0000000000000000000000000000000000000000000000000000000000000000000000000000000110000000000000000000000000000000000110000000000000000000000000000000000000000000000000000000000000000000000000000000000000000000000000110000000000000000000000111000000000001111
0000000000000000000000000000000000000000000000000000000000000000000000000000000110000000000000000000000000000000000110000000000000000000000000000000000000000000000000000000000000000000000000000000000000000000000000110000000000000000000000011000000000000000
0000000000000000000000000000000000000000000000000000000000000000000000000000000011000000000000000000000000000000001110000000000000000000000000000000000000000000000000000000000000000000000000000000000000000000000000011000000000000000000000011000000000000000
0000000000000000000000000000000000000000000000000000000000000000000000000000000011000000000000000000000000000000011100000000000000111001111000000000000000000000000000000000000000000000000000000000000000000000000000011100000000000000000000011100000000000000
0000000000000000000000000000000000000000000000000000000000000000000000000000000011000000000000000000000000000000011000000001111111111111111111100011110000000000000000000000000000000000000000000000000000000000000000001110000000000000000000001100000000000000
0000000000000000000000000000000000000000000000000000000000000000000000000000000011000000000000000000000000000000011000000011111111100110000111111111111000000000000000000000000000000000000000000000000000000000000000000110000000000000000000000110000000000000
0000000000000000000000000000000000000000000000000000000000000000000000000000000001100000000000000000000000000000011000001111000000000000000000111110011110000000000000000000000000000000000000000000000000000000000000000011000000000000000000000111000000000000
0000000000000000000000000000000000000000000000000000000000000000000000000000000001100000000000000000000000000000011000111100000000000000000000000000001111100000000000000000000000000000000000000000000000000000000000000011110000000000000000000011100000000000
0000000000000000000000000000000000000000000000000000000000000000000000000000000001110000000000000000000000000000001111111000000000000000000000000000000011100000000000000000000000000000000000000000000000000000000000000000111000000000000000000001110000000000
0000000000000000000000000000000000000000000000000000000000000000000000000000000000110000000000000000000000000000001111000000000000000000000000000000000000110000000000000000011110000000000000000000000000000000000000000000011000000000000000000000110000000000
0000000000000000000000000000000000000000000000000000000000000000000000000000000000011000000000000000000000000000000011100000000000000000000000000000000000111000000000010000111111000000000000000000000000000000000000000000001100000000000000000000111000000000
0000000000000000000000000000000000000000000000000000000000000000000000000000000000011100000000000000000000000000000001100000000000000000000000000000000000111100011111111111110011100000000000000000000000000000000000000000001100000000000000000000011110000000
0000000000000000000000000000000000000000000000000000000000000000000000000000000000001100000000000000000000000000000001100000000000000000000000000000000000001111111111111111000001100000000000000000000000000000000000000000000000000000000000000000000111000000
0000000000000000000000000000000000000000000000000000000000000000000000000000000000001110000000000000000000000000000011100000000000000000000000000000000000000011110000000000000001111000000000000000000000000000000000000000000000000000000000000000000011100000
0000000000000000000000000000000000000000000000000000000000000000000000000000000000000110000000000000000000000000000011100000000000000000000000000000000000000000000000000000000000011100000000000000000000000000000000000000000000000000000000000000000001110000
0000000000000000000000000000000000000000000000000000000000000000000000000000000000000011000000000000000000000000000001100000000000000000000000000000000000000000000000000000000000001100000000000000000000000000000000000000000000000000000000000000000000110000
0000000000000000000000000000000000000000000000000000000000000000000000000000000000000011000000000000000000000000000001100000000000000000000000000000000000000000000000000000000000001100111100000000000000000000000000000000000000000000000000000000000000011000
0000000000000000000000000000000000000000000000000000000000000000000000000000000000000001100000000000000000000000000001100000000000000000000000000000000000000000000000000000000000001111111111100000000000000000000000000000000000000000000000000000000000011100
0000000000000000000000000000000000000000000000000000000000000000000000000000000000000001100000000000000000000000000001100000000000000000000000000000000000000000000000000000000000000111100011111111110000000000000000000000000000000000000000000000000000001000
0000000000000000000000000000000000000000000000000000000000000000000000000000000000000001110000000000000000000000000001100000000000000000000000000000000000000000000000000000000000000000000000011111111100000000000000000000000000000000000000000000000000000000
0000000000000000000000000000000000000000000000000000000000000000000000000000000000000000110000000000000000000000000001100000000000000000000000000000000000000000000000000000000000000000000000000000011111000000000000000000000000000000000000000000000000000000
0000000000000000000000000000000000000000000000000000000000000000000000000000000000000000110000000000000000000000000001100000000000000000000000000000000000000000000000000000000000000000000000000000000011110000000000000000000000000000000000000000000000000000
0000000000000000000000000000000000000000000000000000000000000000000000000000000000000000010000000000000000000000000001110000000000000000000000000000000000000000000000000000000000000000000000000000000000111000000000000000000000000000000000000000000000000000
0000000000000000000000000000000000000000000000000000000000000000000000000000000000000000000000000000000000000000000000110000000000000000000000000000000000000000000000000000000000000000000000000000000000011100000000000000000000000000000000000000000000000000
0000000000000000000000000000000000000000000000000000000000000000000000000000000000000000000000000000000000000000000000110000000000000000000000000000000000000000000000000000000000000000000000000000000000001110000000000000000000000000000000000000000000000000
0000000000000000000000000000000000000000000000000000000000000000000000000000000000000000000000000000000000000000000000011000000000000000000000000000000000000000000000000000000000000000000000000000000000000111000000000000000000000000000000000000000000000000
0000000000000000000000000000000000000000000000000000000000000000000000000000000000000000000000000000000000000000000000011000000000000000000000000000000000000000000000000000000000000000000000000000000000000011111111111110000000000000000000000000000000000000
0000000000000000000000000000000000000000000000000000000000000000000000000000000000000000000000000000000000000000000000011000000000000000000000000000000000000000000000000000000000000000000000000000000000000001111111111111111100000000000000000000000000000000
0000000000000000000000000000000000000000000000000000000000000000000000000000000000000000000000000000000000000000000000011100000000000000000000000000000000000000000000000000000000000000000000000000000000000001100000000001111111110000000000000000000000000000
0000000000000000000000000000000000000000000000000000000000000000000000000000000000000000000000000000000000000000000000001100000000000000000000000000000000000000000000000000000000000000000000000000000000000001100000000000000011111111111110000000000000000000
0000000000000000000000000000000000000000000000000000000000000000000000000000000000000000000000000000000000000000000000001100000000000000000000000000000000000000000000000000000000000000000000000000000000000001110000000000000000001111111111100000000000000000
0000000000000000000000000000000000000000000000000000000000000000000000000000000000000000000000000000000000000000000000001110000000000000000000000000000000000000000000000000000000000000000000000000000000000000110000000000000000000000000001000000000000000000
0000000000000000000000000000000000000000000000000000000000000000000000000000000000000000000000000000000000000000000000000110000000000000000000000000000000000000000000000000000000000000000000000000000000000000011000000000000000000000000000000000000000000000
0000000000000000000000000000000000000000000000000000000000000000000000000000000000000000000000000000000000000000000000000111000000000000000000000000000000000000000000000000000000000000000000000000000000000000011100000000000000000000000000000000000000000000
0000000000000000000000000000000000000000000000000000000000000000000000000000000000000000000000000000000000000000000000000011000000000000000000000000000000000000000000000000000000000000000000000000000000000000001110000000000000000000000000000000000000000000
0000000000000000000000000000000000000000000000000000000000000000000000000000000000000000000000000000000000000000000000000111000000000000000000000000000000000000000000000000000000000000000000000000000000000000000111000000000000000000000000000000000000000000
0000000000000000000000000000000000000000000000000000000000000000000000000000000000000000000000000000000000000000000000000111000000000000000000000000000000000000000000000000000000000000000000000000000000000000000011100000000000000000000000000000000000000000
0000000000000000000000000000000000000000000000000000000000000000000000000000000000000000000000000000000000000000000000000011000000000000000000000000000000000000000000000000000000000000000000000000000000000000000000110000000000000000000000000000000000000000
0000000000000000000000000000000000000000000000000000000000000000000000000000000000000000000000000000000000000000000000000011000000000000000000000000000000000000000000000000000000000000000000000000000000000000000000011000000000000000000000000000000000000000
0000000000000000000000000000000000000000000011111000000000000000000000000001111100000001100000000000000000000000000000000011000000000000000000000000000000000000000000000000000000000000000000000000000000000000000000001100000000000000000000000000000000000000
0000000000000000000000000000000011111111111111111111100000000000000000000011111111111111100000000000000000000000000000000011000000000000000000000000000000000000000000000000000000000000000000000000000000000000000000001110000000000000000000000000000000000000
0000000000000000000000000000011111111111111100000111111110000000000000001111000011111111000000000000000000000000000000000011000000000000000000000000000000000000000000000000000000000111100000000000000000000000000000000111000000000000000000000000000000000000
0000000000000000000000000000111100000000100000000000011111000000000000011100000000000000000000000000000000000000000000000011100000000000000000000000000000000000000000000000000000011111110000000000000000000000000000000011000000000000000000000000000000000000
0000000000000000000000000001110000000000000000000000000011100000000000111000000000000000000000000000000000000000000000000001100000000000000000000000000000000000000000000000001101111100000000000000000000000000000000000011100000000000000000000000000000000000
0000000000000000000000000011100000000000000000000000000001111000000001110000000000000000000000000000000000000000000000000001110000000000000000000000000000000000000000000000011111100000000000000000000000000000000000000001100000000000000000000000000000000000
0000000000000000000000001111000000000000000000000000000000011100000011100000000000000000000000000000000000000000000000000000110000000000000000000000000000000000000000000000111111000000000000000000000000000000000000000000000000000000000000000000000000000000
0000000000000000111100011100000000000000000000000000000000001100001111000000000000000000000000000000000000000000000000000000110000000000000000000000000000000000000000000001110000000000000000000000000000000000000000000000000000000000000000000000000000000000
0000000000000001111111111000000000000000000000000000000000000111111100000000000000000000000000000000000000000000000000000000110000000000000000000000000000000000000000000011100000000000000000000000000000000000000000000000000000000000000000000000000000000000
0000000000000111000011100000000000000000000000000000000000000111111000000000000000000000000000000000000000000000000000000000110000000000000000000000000000000000000000000111000000000000000000000000000000000000000000000000000000000000000000000000000000000000
0000000000001110000000000000000000000000000000000000000000000000000000000000000000000000000000000000000000000000000000000000111000000000000000000000000000000000000000001110000000000000000000000000000000000000000000000000000000000000000000000000000000000000
0000000000011100000000000000000000000000000000000000000000000000000000000000000000000000000000000000000000000000000000000000011000000000000000000000000000000000000000111100000000000000000000000000000000000000000000000000000000000000000000000000000000000000
0000000000111000000000000000000000000000000000000000000000000000000000000000000000000000000000000000000000000000000000000000011000000000000000000000000000000000000001110000000000000000000000000000000000000000000000000000000000000000000000000000000000000000
0000000001110000000000000000000000000000000000000000000000000000000000000000000000000000000000000000000000000000000000000000011100000000000000000000000000000000000111100000000000000000000000000000000000000000000000000000000000000000000000000000000000000000
0000000111110000000000000000000000000000000000000000000000000000000000000000000000000000000000000000000000000000000000000000001100000000000000000000000000000000011110000000000000000000000000000000000000000000000000000000000000000000000000000000000000000000
1100001111000000000000000000000000000000000000000000000000000000000000000000000000000000000000000000000000000000000000000000000110000000000000000000000000000001111000000000000000000000000000000000000000000000000000000000000000000000000000000000000000000000
1111111100000000000000000000000000000000000000000000000000000000000000000000000000000000000000000000000000000000000000000000000111000000000000000000000000000011100000000000000000000000000000000000000000000000000000000000000000000000000000000000000000000000
0111110000000000000000000000000000000000000000000000000000000000000000000000000000000000000000000000000000000000000000000000000011100000001111110000000000000011000000000000000000000000000000000000000000000000000000000000000000000000000000000000000000000000
0000000000000000000000000000000000000000000000000000000000000000000000000000000000000000000000000110000000000000000000000000000001100111111111111110000000000111000000000000000000000000000011111110000000000000000000000000000000000000000000000000000001000000
0000000000000000000000000000000000000000000000000000000000000000000000000000000000000000000000001110000000000000000000000000000001111111110000001111110000000110000000000000000000000000000111111110000000000000000000000000000000000000000000000000000011000000
0000000000000000000000000000000000000000000000000000000000000000000000000000000000000000000000001100000000000000000000000000000000111001100000000001111100001100000000000000000000000000001110000000000000000000000000000000000000000000000000000000000111000000
0000000000000000000000000000000000000000000000000000000000000000000000000000000000000000000000011100000000000000000000000000000000110000000000000000011100111100000000000000000000000000011100000000000000000000000000000000000000000000000000000000001110000000
0000000000000000000000000000000000000000000000000000000000000000000000000000000000000000000000011000000000000000000000000000000000011000000000000000000111110000000000000000000000000000111000000000000000000000000000000000000000000000000000000000011100000000
0000000000000000000000000000000000000000000000000000000000000000000000000000000000000000000000110000000000000000000000000000000000011000000000000000000111100000000000000000000000000001110000000000000000000000000000000000000000000000000000000000011000000000
0000000000000000000000000000000000000000000000000000000000000000000000000000000000000000000001110000000000000000000000000000000000011000000000000000000011000000000000000000000000000001100000000000000000000000000000000000000000000000000000000000111000000000
0000000000000000000000000000000000000000000000000000000000000000000000000000000000000000000001100000000000000000000000000000000000011000000000000000000011100000000000000000000000001111000000000000000000000000000000000000000000000000000000000000110000000000
0000000000000000000000000000000000000000000000000000000000000000000000000000000000000000000011000000000000000000000000000000000000110000000000000000000001110000000000000000000000111110000000000000000000000000000000000000000000000000000000000000110000000000
0000000000000000000000000000000000000000000000000000000000000000000000000000000000000000000111000000000000000000000000000000000000110000000000000000000000111000000000000000000011111000000000000000000000000000000000000000000000000000000000000001100000000000
0000000000000000000000000000000000000000000000000000000000000000000000000000000000000000001110000000000000000000000000000000000000111000000000000000000000011000000000000000001111000000000000000000000000000000000000000000000000000000000000000001100000000000
0000000000000000000000000000000000000000000000000000000000000000000000000000000000000000011100000000000000000000000000000000000000011000000000000000000000001100000000000000111100000000000000000000000000000000000000000000000000000000000000000011100000000000
0000000000000000000000000000000000000000000000000000000000000000000000000000000000000000111000000000000000000000000000000000000000011000000000000000000000001100000000000011111000000000000000000000000000000000000000000000000000000000000000000011000000000000
0000000000000000000000000000000000000000000000000000000000000000000000000000000000000001110000000000000000000000000000000000000000011000000000000000000000001110000000001111100000000000000000000000000000000000000001000000000000000000000000000011000000000000
0000000000000000000000000000000000000000000000000000000000000000000000000000000000000001100000000000000000000000000000000000000000011000000000000000000000000110000000111100000000000000000000000000000000000000000011000000000000000000000000000111000000000000
0000000000000000000000000000000000000000000000000000000000000000000000000000000000000011000000000000000000000000000000000000000000011000000000000000000000000111111111111000000000000000000000000000000000000000000110000000000000000000000000001110000000000000
0000000000000000000000000000000000000000000000000000000000000000000000000000000000000011000000000000000000000000000000000000000000011000000000000000000000000011111111100000000000000000000000000000000000000000000110000000000000000000000000001100000000000000
0000000000000000000000000000000000000000000000000000000000000000000000000000000000000011000000000000000000000000000000000000000000011100000000000000000000000001110000000000000000000000000000000000000000000000001110000000000000000000000000001100000000000000
0000000000000000000000000000000000000000000000000000000000000000000000000000000000000110000000000000000000000000000000000000000000001100000000000000000000000000110000000000000000000000000000000000000000000000001100000000000000000000000000001100000000000000
0000000000000000000000000000000000000000000000000000000000000000000000000000000000000110000000000000000000000000000000000000000000001100000000000000000000000000111000000000000000000000000000000000000000000000001100000000000000000000000000001100000000000000
0000000000000000000000000000000000000000000000000000000000000000000000000000000000000110000000000000000000000000000000000000000000001100000000000000000000000000011000000000000000000000000000000000000000000000011000000000000011000000000000001100000000000000
0000000000000000000000000000000000000000000000000000000000000000000000000000000000001100000000000000000000000000000000000000000000000110000000000000000000000000011100000000000000000000000000000000000000000000011000000000000111000000000000001100000000000000
0000000000000000000000000000000000000000000000000000000000000000000000000000000000001100000000000000000000000000000000000000000000000110000000000000000000000000000110000000000000000000000000000000000000000000110000000000001110000000000000011000000000000000
0000000000000000000000000000000000000000000000000000000000000000000000000000000000001100000000000000000000000000000000000000000000000111000000000000000000000000000011000000000000000000000000000000000000000000110000000000001100000000000000011000000000000000
0000000000000000000000000000000000000000000000000000000000000000000000000000000000011100000000000000000000000000000000000000000000000011000000000000000000000000000011100000000000000000000000000000000000000000110000000000011000000000000000111000000000000000
0000000000000000000000000000000000000000000000000000000000000000000000000000000000111110000000000000000000000000000000000000000000000011000000000000000000000000000001100000000000000000000000000000000000000000110000000000111000000000000000110000000000000000
0000000000000000000000000000000000000000000000000000000000000000000000000000000011111111111111110000000000000000000000000000000000000001100000000000000000000000000001100000000000000000000000000000000000000000110000000011110000000000000000110000000000000000
0000000000000000000000000000000000000000000000000000000000000000000000000000001111000001111111111111111000000000000000000000000000000001100000000000000000000000000001100000000000000000000000000000000000000001110000001111000000000000000000110000000000000000
0000000000000000000000000000000000000000000000000000000000000000000000000000001100000000000000001111111110000000000000000000000000000000110000000000000000000000000001100000000000000000000000000000000000000001101111111100000000000000000000110000000000000000
0000000000000000000000000000000000000000000000000000000000000000000000000000011000000000000000000000000111100000000000000000000000000000110000000000000000000000000001100000000000000000000000000000000000000001111111111000000000000000000001100000000000000000
0000000000000000000000000000000000000000000000000000000000000000000000000000110000000000000000000000000001110000000000000000000000000000011000000000000000000000000000110000000000000000000000000000000000000001111000000000000000000000000001100000000000000000
0000000000000000000000000000000000000000000000000000000000000000000000000001110000000000000000000000000000111100000000000000000000000000011000000000000000000000000000110000000000000000000000000000000000000001110000000000000000000000000001100000000000000000
0000000000000000000000000000000000000000000000000000000000000000000000000011100000000000000000000000000000001111000000000000000000000000011000000000000000000000000000110000000000000000000000000000000000000001100000000000000000000000000011100000000000000000
0000000000000000000000000000000000000000000000000000000000000000000000000111000000000000000000000000000000000011100000000000000000000000011000000000000000000000000000110000000000000000000000000000000000000111100000000000000000000000000011000000000000000000
0000000000000000000000000000000000000000000000000000000000000000000000001110000000000000000000000000000000000001110000000000000000000000011000000000000000000000000000011000000000000000000000000000000000001110000000000000000000000000000011000000000000000000
0000000000000000000000000000000000000000000000000000000000000000000000011100000000000000000000000000000000000000011000000000000000000000001100000000000000000000000000011000000000000000000000000000000000001100000000000000000000000000000011000000000000000000
0000000000000000000000000000000000000000000000000000000000000000000001111000000000000000000000000000000000000000011100000000000000000000001100000000000000000000000000011000000000000000000000000000000000011000000000000000000000000000000110000000000000000000
0000000000000000000000000000000000000000000000000000000000000000000011100000000000000000000000000000000000000000001100000000000000000000000110000000000000000000000000011100000000000000000000000000000000110000000000000000000000000000000110000000000000000000
0000000000000000000000000000000000000000000000000000000000000000000011000000000000000000000000000000000000000000000000000000000000000000000110000000000000000000000000001100000000000000000000000000000001110000000000000000000000000000001100000000000000000000
0000000000000000000000000000000000000000000000000000000000000000000110000000000000000000000000000000000000000000000000000000000000000000000110000000000000000000000000000000000000000000000000000000000001100000000000000000000000000000001100000000000000000000
0000000000000000000000000000000000000000000000000000000000000000000110000000000000000000000000000000000000000000000000000000000000000000000011000000000000000000000000000000000000000000000000000000000001100000000000000000000000000000011100000000000000000000
0000000000000000000000000000000000000000000000000000000000000000001110000000000000000000000000000000000000000000000000000000000000000000000011000000000000000000000000000000000000000000000000000000000001100000000000000000000000000000011000000000000000000000
0000000000000000000000000000000000000000000000000000000000000000011100000000000000000000000000000000000000000000000000000000000000000000000011000000000000000000000000000000000000000000000000000000000001100000000000000000000000000000111000000000000000000000
0000000000000000000000000000000000000000000000000000000000000000111000000000000000000000000000000000000000000000000000000000000000000000000011000000000000000000000000000000000000000000000000000000000011000000000000000000000000000000110000000000000000000000
0000000000000000000000000000000000000000000000000000000000000001110000000000000000000000000000000000000000000000000000000000000000000000000011100000000000000000000000000000000000000000000000000000000011000000000000000000000000000000110000000000000000000000
0000000000000000000000000000000000000000000000000000000000000011100000000000000000000000000000000000000000000000000000000000000000000000000001100000000000000000000000000000000000000000000000000000000110000000000000000000000000000001110000000000000000000000
0000000000000000000000000000000000000000000000000000000000011111000000000000000000000000000000000000000000000000000000000000000000000000000000110000000000000000000000000000000000000000000000000000001100000000000000000001100000000001100000000000000000000000
0000000000000000000000000000000000000000000000000000000000111110000000000000000000000000000000000000000000000000000000000000000000000000000000111000000000000000000000000000000000000000000000000000001100000000000000000011100000000001100000000000000000000000
0000000000000000000000000000000000000000000000000000000000110000000000000000000000000000000000000000000000000000000000000000000000000000000000011000000000000000000000000000000000000000000000000000001100000000000000000011000000000001100000000000000000000000
0000000000000000000000000000000000000000000000000000000011100000000000000000000000000000000000000000000000000000000000000000000000000000000000011100000000000000000000000000000000000000000000000000011000000000000000000111000000000001100000000000000000000000
0000000000000000000000000000000000000000000000000000011111100000000000000000000000000000000000000000000000000000000000000000000000000000000000001100000000000000000000000000000000000000000000000000011000000000000000000110000000000001100000000000000000000000
0000000000000000000000000000000000000000000000000111111110000000000000000000000000000000000000000000000000000000000000000000000000000000000000000000000000000000000000000000000000000000000000000000110000000000000000001110000000000001100000000000000000000000
0000000000000000000000000000000000000000000000011111110000000000000000000000000000000000000000000000000000000000000000000000000000000000000000000000000000000000000000000000000000000000000000000000110000000000000000001100000000000001100000000000000000000000
0000000000000000000000000000000000000000000011111100000000000000000000000000000000000000000000000000000000000000000000000000000000000000000000000000000000000000000000000000000000000001100000000000110000000000000000011000000000000011000000000000000000000000
0000000000000000000000000000000000000000000111110000000000000000000000000000000000000000000000000000000000000000000000000000000000000000000000000000000000000000000000000000000000011111111110000000110000000000000000011000000000000011000000000000000000010000
1000000000000000000000000000000000000000001110000000000000000000000000000000000000000000000000000000000000000000000000000000000000000000000000000000000000000000000000000000000000011111111111100000110000000000000000110000000000000011000000000000000000011000
1000000000000000000000000000000000000000111100000000000000000000000000000000000000000000000000000000000000000000000000000000000000000000000000000000000000000000000000000000000000000000000011111011110000000000000001110000000000000011000000000000000000111000
1100000000000000000000000000000000000001111000000000000000000000000000000000000000000000000000000000000000000000000000000000000000000000000000000000000000000000000000000000000000000000000000111111110000000000000001100000000000000111000000000000000000110000
1110000000000000000000000000000000000011100000000000000000000000000000000000000000000000000000000000000000000000000000000000000000000000000000000000000000000000000000000000000000000000000000001110110000000000000011100000000000000110000000000000000000111000
0110000000000000000000000000000000000011000000000000000000000000000000000000000000000000000000000000000000000000000000000000000000000000000000000000000000000000000000000000000000000000000000000000011000000000000011000000000000000110000000000000000000011000
0111000000000000000000000000000000000111000000000000000000000000000000000000000000000000000000000000000000000000000000000000000000000000000000000000000000000000000000000000000000000000000000000000011000000000000111000000000000000110000000000000000000011000
0011100000000000000000000000000000000110000000000000000000000000000000000000000000000000000000000000000000000000000000000000000000000000000000000000000000000000000000000000000000000000000000000000011000000000000110000000000000001110000000000000000000011000
0001110000000000000000000000000000000110000000000000000000000000000000000000000000000000000000000000000000000000000000000000000000000000000000000000000000000000000000000000000000000000000000000000001100000000001100000000000000001100000000000000000000011000
0000110000000000000000000000000000000110000000000000000000000000000000000000000000000000000000000000000000000000000000000000000000000000000000000000000000000000000000000000000000000000000000000000001100000000011100000000000000011100000000000000000000011000
0001100000000000000000000000000000011100000000000000000000000000000000000000000000000000000000000000000000000000000000000000000000000000000000000000000000000000000000000000000000000000000000000000001100000000011000000000000000011000000000000000000000011000
0001100000000000000000000000000000111100000000000000000000000000000000000000000000000000000000000000000000000000000000000000000000000000000000000000000000000000000000000000000000000000000000000000001100000000011000000000000000111000000000000000000000011100
0001110000000000000000000000000000110000000000000000000000000000000000000000000000000000000000000000000000000000000000000000000000000000000000000000000000000000000000000000000000000000000000000000000110000000011000000000000000110000000000000000000000001100
0000110000000000000000000000000000110000000000000000000000000000000000000000000000000000000000000000000000000000000000000000000000000000000000000000000000000000000000000000000000000000000000000000000111000000110000000000000000110000000000000000000000001100
0000111000000000000000000000000000110000000000000000000000000000000000000000000000000000000000000000000000000000000000000000000000000000000000000000000000000000000000000000000000000000000000000000000011100001110000000000000000110000000000000000000000001100
0000011100000000000000000000000001110000000000000000000000000000000000000000000000000000000000000000000000000000000000000000000000000000000000000000000000000000000000000000000000000000000000000000000001110011100000000000000001100000000000000000000000000110
0000001100000000000000000000000011100000000000000000000000000000000000000000000000000000000000000000000000000000000000000000000000000000000000000000000000000000000000000000000000000000000000000000000000110111000000000000000001100000000000000000000000000111
0000000110000000000000000000000011000000000000000000000000000000000000000000000000000000000000000000000000000000000000000000000000000000000000000000000000000000000000000000000000000000000000000000000000111110000000000000000001100000000000000000000000000011
0000000110000000000000000000000111000000000000000000000000000000000000000000000000000000000000000110000000000000000000000000000000000000000000000000000000000000000001100000000000000000000000000000000000011100000000000000000001100000000000000000000000000001
0000000011000000000000000000000110000000000000000000000000000000000000000000000000001111000000011111001111100000000000000000000000000000000000000000000000000000000000110000000000000000000000000000000000011100000000000000000011000000000000000000000000000000
0000000011100000111110000000001110000000000000000000000000000000000000000000000111111111111111111011111111111000000000000000000000000000000000000000000000000000000000111000000000000000000000000000000000001100000000000000000011000000000000000000000000000000
0000000001111001111111100000011100000000000000000000000000000000000000000000011111111001111111110001110000011110000000000000000000000000000000000000000000000000000000011110000000000000000000000000000000001100000000000000000011000000000000000000000000000000
0000000000111111100001110000111000000000000000000000000000000000000000000000111000000000000000000000000000001111100000000000000000000000000000000000000000000000000000000111000000000000000000000000000000001100000000000000000011000000000000000000000000000000
0000000000001110000000111001111100000000000000000000000000000000000000000011110000000000000000000000000000000011111100000000000000000000000000000000000000000000000000000011100000000000000000000000000000001100000000000000000011000000000000000000000000000000
0000000000000000000000011111111111000000000000000000000000000000000000000111000000000000000000000000000000000000011110000000000000000000000000000000000000000000000000000001100000000000000000000000000000001100000000000000000110000000000000000000000000000000
0000000000000000000000000110000111111110000000000000000000000000000000001100000000000000000000000000000000000000000000000000000000000000000000000000000000000000000000000000110000000000000000000000000000001100000000000000000110000000000000000000000000000000
0000000000000000000000000000000001111111000000000000000000000000000000011100000000000000000000000000000000000000000000000000000000000000000000000000000000000000000000000000110000000000000000000000000000000110000000000000001110000000000000000000000000000000
0000000000000000000000000000000000000011111000000000000000000000000000011000000000000000000000000000000000000000000000000000000000000000000000000000000000000000000000000000110000000000000000000000000000001110000000000000001100000000000000000000000000000000
0000000000000000000000000000000000000001111110000000000000000000000000111000000000000000000000000000000000000000000000000000000000000000000000000000000000000000000000000000111000000000000000000000000000001100000000000000011000000000000000000000000000000000
0000000000000000000000000000000000000000001111111111111100000000000000110000000000000000000000000000000000000000000000000000000000000000000000000000000000000000000000000000011100000000000000000000000000001110000000000000011000000000000000000000000000000000
0000000000000000000000000000000000000000000011111111111110000000000001110000000000000000000000000000000000000000000000000000000000000000000000000000000000000000000000000000001100000000000000000000000000000110000000000000011000000000000000000000000000000000
0000000000000000000000000000000000000000000000000000000111000000000011100000000000000000000000000000000000000000000000000000000000000000000000000000000000000011100000000000000110000000000000000000000000000011000000000000001100000000000000000000000000000000
0000000000000000000000000000000000000000000000000000000011100000000011000000000000000000000000000000000000000000000000000000000000000000000000000000000000000001110000000000000111000000000000000000000000000011000000000000001100000000000000000000000000000000
0000000000000000000000000000000000000000000000000000000001110000000011000000000000000000000000000000000000000000000000000000000000000000000000000000000000000000111000000000000011100000000000000000000000000110000000000000001100000000000000000000000000000000
0000000000000000000000000000000000000000000000000000000000111111100011000000000000000000000000000000000000000000000000000000000000000000000000000000000000000000011100000000000001100000000000000000000000000110000000000000001100000000000000000000000000000000
0000000000000000000000000000000000000000000000000000000000011111111111000000000000000000000000000000000000000000000000000000000000000000000000000000000000000000001111000000000001110000000000000000000000000110000000000000001100000000000000000000000000000000
0000000000000000000000000000000000000000000000000000000000000000111111110000000000000000000000000000000000000000000000000000000000000000000000000000000000000000000111100000000000110000000000000000000000000110000000000000011000000000000000000000000100000000
0000000000000000000000000000000000000000000000000000000000000000000000111000000000000000000000000000000000000000000000000000000000000000000000000000000000000000000001110000000000111000000000000000000000001110000000000000011000000000000000000000000110000000
0000000000000000000000000000000000000000000000000000000000000000000000011110000000000000000000000000000000000000000000000000000000000000000000000000000000000000000000011100000000011100000000000000000000001100000000000000011000000000000000000000000111000000
0000000000000000000000000000000000000000000000000000000000000000000000000111000000000000000000000000000000000000000000000000000000000000000000000000000000000000000000001110000000001100000000000000000000001100000000000000011000000000000000000000000011000000
0000000000000000000000000000000000000000000000000000000000000000000000000011100000000000000000000000000000000000000000000000000000000000000000000000000000000000000000000111000000000110000000000000000000001100000000000000011100000000000000000000000011000000
0000000000000000000000000000000000000000000000000000000000000000000000000001111110000000000000000000000000000000000000000000000000000000000000000000000000000000000000000011000000000111000000000000000000001100000000000000001100000000000000000000000011100000
0000000000000000000000000000000000000000000000000000000000000000000000000000011111111100000000000000000000000000000000000000000000000000000000000000000000000000000000000001100000000011000000000000000000001100000000000000001100000000000000000000000001100000
0000000000000000000000000000000000000000000000000000000000000000000000000000000011111110000000000000000000000000000000000000000000000000000000000000000000000000000000000001110000000011000000000000000000001100000000000000001100000000000000000000000001110000
0000000000000000000000000000000000000000000000000000000000000000000000000000000000100111000000000000000000000000000000000000000000000000000000000000000000000000000000000000111000000011100000000000000000001100000000000000001100000000000000000000000000110000
0000000000000000000000000000000000000000000000000000000000000000000000000000000000000011100000000000000000000000000000000000000000000000000000000000000000000000000000000000011100001111111000000000000000001100000000000000001100000000000000000000000000111000
0000000000000000000000000000000000000000000000000000000000000000000000000000000000000001100000000000000000000000000000000000000000000000000000000000000000000000000000000000001111111111111100000000000000001100000000000000011000000000000000000000000000011000
0000000000000000000000000000000000000000000000000000000000000000000000000000000000000001100000000000000000000000000000000000000000000000000000000000000000000000000000000000000111111000001110000000000000001100000000000000001100000000000000000000000000011100
0000000000001111110000000000000000000000000000000000000000000000000000000000000000000001110000000000000000000000000000000000000000000000000000000000000000000000000000000000000111000000000011100000000000001100000000000000001100000000000000000000000000001110
0000000000111111111100000000000000000000000000000000000000000000000000000000000000000000111100000000000000000000000000000000000000000000000000000000000000000000000000000000000110000000000001110000000000001100000000000000001100000000000000000000000000000111
0000000001111000001000000000000000000000000000000000000000000000000000000000000000000000001111111111110000000000000000000000000000000000000000000000000000000000000000000000000110000000000000111100000000001100000000000000001100000000000000000000000000000011
0000000011100000000000000000000000000000000000000000000000000000000000000000000000000000000011111111111110000000000000000000000000000000000000000000000000000000000000000000000110000000000000001110000000001110000000000000001100000000000000000000000000000001
0000000011000000000000000000000000000000000000000000000000000000000000000000000000000000000000000000001111111100000000000000000000000000000000000000000000000000000000000000001110000000000000000111100000000110000000000000011000000000000000000000000000000000
0000000110000000000000000000000000000000000000000000000000000000000000000000000000000000000000000000000011111110000000000000000000000000000000000000000000000000000000000000011100000000000000000001111110000110000000000000011000000000000000000000000000000000
0000000110000000000000000000000000000000000000000000000000000000000000000000000000000000000000000000000000000111110000000000000000000000000000000000000000000000000000000000111000000000000000000000111111111111000000000000011000000000000000000000000000000000
0000001100000000000000000000000000000000000000000000000000000000000000000000000000000000000000000000000000000001111000000000000000000000000000000000000000000000000000000000110000000000000000000000000011111111100000000000011000000000000000000000000000000000
0000011100000000000000000000000000000000000000000000000000000000000000000000000000000000000000000000000000000000011110000000000000000000000000000000000000000000000000000000110000000000000000000000000000000001110000000000011000000000000000000000000000000000
0000011000000000000000000000000000000000000000000000000000000000000000000000000000000000000000000000000000000000000111110000000000000000000000000000000000000000000000000011100000000000000000000000000000000000111000000000011000000000000000000000000000000000
0000110000000000000000000000000000000000000000000000000000000000000000000000000000000000000000000000000000000000000011111000000000000000000000000000000000000000000000000111100000000000000000000000000000000000011100000000011000000000000000000000000000000000
0001110000000000000000000000000000000000000000000000000000000000000000000000000000000000000000000000000000000000000000011111000000000000000000000000000000000000000000001110000000000000000000000000000000000000001110000000011000000000000000000000000000000000
0011100000000000000000000000000000000000000000000000000000000000000000000000000000000000000000000000000000000000000000011111111100000000000000000000000000000000000000011100000000000000000000000000000000000000000111000000110000000000000000000000000000000000
0111000000000000000000000000000000000000000000000000000000000000000000000000000000000000000000000000000000000000000000000000111110000000000000000000000000000000000000011000000000000000000000000000000000000000000111000000110000000000000000000000000000000000
0110000000000000000000000000000000000000000000000000000000000000111000000000000000000000000000000000000000000000000000000000011111000000000000000000000000000000000000000000000000000000000000000000000000000000111111111100110000000000000000000000000000000000
1110000000000000000000000000000000000000000000000000000000000000110000000000000000000000000000000000000000000000000000000000000011100000000000000000000000000000000000000000000000000000000000000000000000000011111000111111110000000000000000000000000000000000
1100000000000000000000000000000000000000000000000000000000000011100000000000000000000000000000000000000000000000000000000000000001110000000000000000000000000000000000000000000000000000000000000000000000000111000000000111111000000000000000000000000000000000
1000000000000000000000000000000000000000000000000000000000000111000000000000000000000000000000000000000000000000000000000000000000111000000000000000000000000000000000000000000000000000000000000000000000001110000000000011111100000000000000000000000000000000
1000000000000000000000000000000000000000000000000000000000011110000000000000000000000000000000000000000000000000000000000000000000011100000000000000000000000000000000000000000000000000000000000000000000011100000000000000011100000000000000000000000000000001
0000000000000000000000000000000000000000000000000000000001111000000000000000000000000000000000000000000000000000000000000000000000001110000000000000000000000000000000000000000000000000000000000000000000111000000000000000011100000000000000000000000000000111
