0000000000000000000000000000000000000000000000000000000000000000000000000000000000000000000000000000000000000000000001100000000000000000000000000000000000000011000000000000000000111000000000000000000000000000000000000000000000000000000000111000000000000000
0000000000000000000000000000000000000000000000000000000000000000000000000000000000000000000000000000000000000000000001100000000000000000000000000000000000000011000000000000000000110000000000000000000000000000000000000000000000000000000001110000000000000000
0000000000000000000000000000000000000000000000000000000000000000000000000000000000000000000000000000000000000000000001110000000000000000000000000000000000000011000000000000000001100000000000000000000000000000000000000000000000000000000001100000000000000000
0000000000000000000000000000000000000000000000000000000000000000000000000000000000000000000000000000000000000000000001111100000000000000000000000000000000000011000000000000000000000000000000000000000000000000000000000000000000000000000001100000000000000000
0000000000000000000000000000000000000000000000000000000000000000000000000000000000000000000000000000000000000000000000111111000000000000000000000000000000000011000000000000000000000000000000000000000000000000000000000000000000000000000001100000000000000000
0000000000000000000000000000000000000000000000000000000000000000000000000000000000000000000000000000000000000000000001100111100000000000000000000000000000000011000000000000000000000000000000000000000000000000000000000000000000000000000001100000000000000000
0000000000000000000000000000000000000000000000000000000000000000000000000000000000000000000000000000000000000000000011100001100000000000000000000000000000000011000000000000000000000000000000000000000000000000000000000000000000000000000001100000000000000000
0000000000000000000000000000000000000000000000000000000000000000000000000000000000000000000000000000000000000000001111000001100000000000000000000000000000000001100000000000000000000000000000000000000000000000000000000000000000000000000001100000000000000000
0000000000000000000000000000000000000000000000000000000000000000000000000000000000000000000000000000000000000000111110000001110000000000000000000000000000000001100000000000000000000000000000000000000000000000000000000000000000000000000011100000000000000000
0000000000000000000000000000000000000000000000000000000000000000000000000000000000000000000000000000000000000011111100000000111000000000000000000000000000000001110000000000000000000000000000000000000000000000000000000000000000000000000011000000000000000000
0000000000000000000000000000000000000000000000000000000000000000000000000000000000000000000000000000000000001111101100000000011100000000000000000000000000000000111000000000000000000000000000000000000000000000000000000000000000000000000111000000000000000000
0000000000000000000000000000000000000000000000000000000000000000000000000000000000000000000000000000000000011110001100000000001110000000000000000000000000000000111000000000000000000000000000000000000000000000000000000000000000000000000011000000000000000000
0000000000000000000000000000000000000000000000000000000000000000000000000000000000000000000000000000000000011000001100000000000110000000000000000000000000000000110000000000000000000000000000000000000000000000000000000000000000000000000111000000000000000000
0000000000000000000000000000000000000000000000000000000000000000000000000000000000000000000000000000000000000000011100000000000011000000000000000000000000000000110000000000000000000000000000000000000000000000000000000000000000000000000110000000000000000000
0000000000000000000000000000000000000000000000000000000000000000000000000000000000000000000000000000000000000000111000000000000011000000000000000000000000000000110000000000000000000000000000000000000000000000000000000000000000000000111110000000000000000000
0000000000000000000000000000000000000000000000000000000000000000000000000000000000000000000000000000000000000001110000000000000011000000000000000000000000000000110000000000000000000000000000000000000000000000000000000000000000000111111100000000000000000000
0000000000000000000000000000000000000000000000000000000000000000000000000000000000000000000000000000000000000011100000000000000011000000000000000000000000000000111000000000000000000000000000000000000000000000000000000000000000001111000000000000000000000000
0000000000000000000000000000000000000000000000000000000000000000000000000000000000000000000000000000000000000011000000000000000011000000000000000000000000000000111000000000000000000000000000000000000000000000000000000000000000111110000000000000000000000000
0000000000000000000000000000000000000000000000000000000000000000000000000000000000000000000000000000000000000011000000000000000111000000000000000000000000000000110000000000000000000000000000000000000000000000000000000000000011111110000000000000000000000000
0000000000000000000000000000000000000000000000000000000000000000000000000000000000000000000000000000000000000011100000000000000011000000000000000000000000000000110000000000000000000000000000000000000000000000000000000000000111101110000000000000000000000000
0000000000000000000000000000000000000000000000000000000000000000000000000000000000000000000000000000000000000001100000000000000011000000000000000000000000000000110000000000000000000000000000000000000000000000000000000000011110001100000000000000000000000000
0000000000000000000000000000000000000000000000000000000000000000000000000000000000000000000000000000000000000011000000000000000000000000000000000000000000000001100000000000000000000000000000000000000000000000000000000011111000001100000000000000000000000000
0000000000000000000000000000000000000000000000000000000000000000000000000000000000000000000000000000000000000111000000000000000000000000000000000000000000000011100000000000000000000000000000000000000000000000000001111111100000011000000000000000000000000000
0000000000000000000000000000000000000000000000000000000000000000000000000000000000000000000000000000000000000110000000000000000000000000000000000000000000000011000000000000000000000000000000000000000000000000000011111100000000011000000000000000000000000000
0000000000000000000000000000000000000000000000000000000000000111111100000000000000000000000000000000000000001100000000000000000000000000000000000000000000000011000000000000000000000000000000000000000000000111111111000000000000011000000000000000000000000000
0000000000000000000000000000000000000000000000000000000000111111111111000000000000000000000000000000000000001100000000000000000000000000000000000000000000000011000000000000000000000000000000000000000000000111111110000000000000011000000000000000000000000000
0000000000000000000000000000000000000000000000000000000001111100000111100000000000000000000000000000000000001100000000000000000000000000000000000000000000000011000000000000000000000000000000000000000000000000000000000000000000111000000000000000000000000000
0000000000000000000000000000000000000000000000000000000111100000000001100000000000000000000000000000000000000110000000000000000000000000000000000000000000000011000000000000000000000000000000000000000000000000000000000000000000011000000000000000000000000000
0000000000000000000000000000000000000000000000000000001111000000000000110000000000000000000000000000000000000110000000000000000000000000000000000000000000000011000000000000000000000000000000000000000000000000000000000000000000011000000000000000000000000000
0000000000000000000000000000000000000000000000000000011100000000000000011000000000000000000000000000000000000110000000000000000000000000000000000000000000000011000000000000000000000000000000000000000000000000000000000000000000111000000000000000000000000000
0000000000000000000000000000000000000000000000000000111000000000000000001110000000000000000000000000000000000110000000000000000000000000000000000000000000000111000000000000000000000000000000000000000000000000000000000000000000110000000000000000000000000000
0000000000000000000000000000000000000000000000000001110000000000000000000111000000000000000000000000000000000110000000000000000000000000000000000000000000000110000000000000000000000000000000000000000000000000000000000000000001100000000000000000000000000000
0000000000000000000000000000000000000000000000000011100000000000000000000011000000000000000000000000000000000110000000000000000000000000000000000000000000000110000000000000000000000000000000000000000000000000000000000000000001100000000000000000000000000000
0000000000000000000000000000000000000000000000000011000000000000000000000001100000000000000000000000000000001100000000000000000000000000000000000000000000000110000000000000000000000000000000000000000000000000000000000000000011100000000000000000000000000000
0000000000000000000000000000000000000000000000000111000000000000000000000001110000000000000000000000000000001100000000000000000000000000000000000000000000000110000000000000000000000000000000000000000000000000000000000000000011000000000000000000000000000000
0000000000000000000000000000000000000000000000000110000000000000000000000000110000000000000000000000000000000110000000000000000000000000000000000000000000000110000000000000000000000000000000000000000000000000000000000000000111000000000000000000000000000000
0000000000000000000000000000000000000000000000000110000000000000000000000000011000000000000000000000000000000110000000000000000000000000000000000000000000000110000000000000000000000000000000000000000000000000000000000000001110000000000000000000000000000000
0000000000000000000000000000000000000000000000011100000000000000000000000000011100000000000000000000000000000110000000000000000000000000000000000000000000000110000000000000000000000000000000000000000000000000000000000000001100000000000000000000000000000000
0000000000000000000000000000000000000000000000111000000000000000000000000000001110000000000000000000000000000110000000000000000000000000000000000000000000000110000000000000000000000000000000000000000000000000000000000000001100000000000000000000000000000000
0000000000000000000000000000000000000000000001110000000000000000000000000000000110000000000000000000000000000000000000000000000000000000000000000000000000000110000000000000000000000000000000000000000000000000000000000000001100000000000000000000000000000000
0000000000000000000000000000000000000000000001100000000000000000000000000000000110000000000000000000000000000000000000000000000000000000000000000000000000000110000000000000000000000000000000000000000000000000000000000000001100000000000000000000000000000000
0000000000000000000000000000000000000000000001100000000000000000000000000000000110000000000000000000000000000000000000000000000000000000000000000000000000001110000000000000000000000000000000000000000000000000000000000000001000000000000000000000000000000000
0000000000000000000000000000000000000000000001100000000000000000000000000000000110000000000000000000000000000000000000000000000000000000000000000000000000001100000000000000000000000000000000000000000000000000000000000000000000000000000000000000000000000000
0000000000000000000000000000000000000000000011000000000000000000000000000000000110000000000000000000000000000000000000000000000000000000000000000000000111111100000000000000000000000000000000000000000000000000000000000000000000000000000000000000000000000000
0000000000001000000000000000000000000000000011000000000000000000000000000000000110000000000000000000000000000000000000000000000000000000000000000000111111111000000000000000000000000000000000000000000000000000000000000000000000000000000000000000000000000000
0000000000001100000000000000000000000000000110000000000000000000000000000000000110000000000000000000000000000000000000000000000000000000000000000011111100000000000000000000000000000000000000000000000000000000000000000000000000000000000000000000000000000000
0000000000001100000000000000000000000000001110000000000000000000000000000000000011000000000000000000000000000000000000000000000000000000000000011111100000000000000000000000000000000000000000000000000000000000000000000000000000000000000000000000000000000000
0000000000001100000000000000000000000000011100000000000000000000000000000000000011000000000000000000000000000000000000000000000000000000000001111100000000000000000000000000000000000000000000000000000000000000000000000000000000000000000000000000000000000000
0000000000001100000000000000000000000000111000000000000000000000000000000000000010000000000000000000000000000000000000000000000000000000000011100000000000000000000000000000000000000000000000000000000000000000000000000000000000000000000000000000000000000000
0000000000011000000000000000000000000001110000000000000000000000000000000000000000000000000000000000000000000000000000000000000000000000000111000000000000000000000000000000000000000000000000000000000000000000000000000000000000000000000000000000000000000000
0000000000110000000000000000000000000011000000000000000000000000000000000000000000000000000000000000000000000000000000000000000000000000000110000000000000000000000000000000000000000000000000000000000000000000000000000000000000000000000000000000000000000000
0000000000110000000000000000000000000111000000000000000000000000000000000000000000000000000000000000000000000000000000000000000000000000011110000000000000000000000000000000000000000000000000000000000000000000000000000000000000000000000000000000000000000000
0000000000110000000000000000000000001110000000000000000000000000000000000000000000000000000000000000000000000000000000000000000000000000111000000000000000000000000000000000000000000000000000000000000000000000000000000000000000000000000000000000000000000000
0000000001100000000000000000000000011100000000000000000000000000000000000000000000000000000000000000000000000000000000000000000000000000110000000000000000000000000000000000000000000000000000000000000000000000000000000000000000000000000000000000000000000000
0000000011100000000000000000000000111000000000000000000000000000000000000000000000000000000000000000000000000000000000000000000000000000000000000000000000000000000000000000000000000000000000000000000000000000000000000000000000000000000000000000000000000000
0000000011000000000000000000000011110000000000000000000000000000000000000000000000000000000000000000000000000000000000000000000000000000000000000000000000000000000000000000000000000000000000000000000000000000000000000000000000000000000000000000000000000000
0000000011000000000000000000001111100000000000000000000000000000000000000000000000000000000000000000000000000000000000000000000000000000000000000000000000000000000000000000000000000000000000000000000000000000000000000000000000000000000000000000000000000000
0000000011000000000000000000111110000000000000000000000000000000000000000000000000000000000000000000000000000000000000000000000000000000000000000000000000000000000000000000000000000000000000000000000000000000000000000000000000000000000000000000000000000000
0000000011000000000000000001111000000000000000000000000000000000000000000000000000000000000000000000000000000000000000000000000000000000000000000000000000000000000000000000000000000000000000000000000000000000000000000000000000000000000000000000000000000000
0000000011100000001111111111100000000000000000000000000000000000000000000000000000000000000000000000000000000000000000000000000000000000000000000000000000000000000000000000000000000000000000000000000000000000000000000000000000000000000000000000000000000000
0000000011111111111111111110000000000000000000000000000000000000000000000000000000000000000000000000000000000000000000000000000000000000000000000000000000000000000000000001100000000000000000000000000000000000000000000000000000000000000000000000000000000000
0000000011011111110000000000000000000000000000000000000000000000000000000000000000000000000000000000000000000000000000000000000000000000000000000000000000000000000000000011110000000000000000000000000000000000000000000000000000000000000000000000000000000000
0000000011000000000000000000000000000000000000000000000000000000000000000000000000000000000000000000000000000000000000000000000000000000000000000000000000000000000000000111111110000000000000000000000000000000000000000000000000000000000000000000000000000000
0000000011000000000000000000000000000000000000000000000000000000000000000000000000000000000000000000000000000000000000000000000000000000000000000000000000000000000001111110001111000000000000000000000000000000000000000000000000000000000000000000000000000000
0000000011000000000000000000000000000000000000000000000000000000000000000000000000000000000000000000000000000000000000000000000000000000000000000000000000000000000111111100000010000000000000000000000000000000000000000000000000000000000000000000000000000000
0000000011000000000000000000000000000000000000000000000000000000000000000000000000000000000000000000000000000000000000000000000000000000000000000000000000000000011111000000000000000000000000000000000000000000000000000000000000000000000000000000000000000000
0000000011000000000000000000000000000000000000000000000000000000000000000000000000000000000000000000000000000000000000000000000000000000000000000000000000000000111100000000000000000000000000000000000000000000000000000000000000000000000000000000000000000000
0000000011000000000000000000000000000000000000000000000000000000000000000000000000000000000000000000000000000000000000000000000000000000000000000000000000000000110000000000000000000000000000000000000000000000000000000000000000000000000000000000000000000000
0000000011000000000000000000000000000000000000000000000000000000000000000000000000000000000000000000000000000000000000000000000000000000000000000000000000000001110000000000000000000000000000000000000000000000000000000000000000000000000000000000000000000000
0000000011000000000000000000000000000000000000000000000000000000000000000000000000000000000000000000000000000000000000000000000000000000000000000000000000000000110000000000000000000000000000000000000000000000000000000000000000000000000000000000000000000000
0000000011000000000000000000000000000000000000000000000000000000000000000000000000000000000000000000000000000000000000000000000000000000000000000000000000000000111000000000000000000000000000000000000000000000000000000000000000000000000000000000000000000000
0000000011000000000000000000000000000000000000000000000000000000000000000000000000000000000000000000000000000000000000000000000000000000000000000000000000000000111000000000000000000000000000000000000000000000000000000000000000000000000000000000000000000000
0000000011000000000000000000000000000000000000000000000000000000000000000000000000000000000000000000000000000000000000000000000000000000000000000000000000000001110000000000000000000000000000000000000000000000000000000000000000000000000000000000000000000000
0000000011000000000000000000000000000000000000000000000000000000000000000000000000000000000000000000000000000000000000000000000000000000000000000000000000000011100000000000000000000000000000000000000000000000000000000000000000000000000000000000000000000000
0000000011000000000000000000000000000000000000000000000000000000000000000000000000000000000000000000000000000000000000000000000000000000000000000000000000000111000000000000000000000000000000000000000000000000000000000000000000000000000000000000000000000000
0000000011000000000000000000000000000000000000000000000000000000000000000000000000000000000000000000000000000000000000000000000000000000000000000000000000000110000000000000000000000000000000000000000000000000000000000000000000000000000000000000000000000000
0000000011000000000000000000000000000000000000000000000000001100000000000000000000000000000000000000000000000000000000000000000000000000000000000000000000001100000000000000000000000000000000000000000000000000000000000000000000000000000000000000000000000011
0000000011000000000000000000000000000111000000000000000001111100000000000000000000000000000000000000000000000000000000000000000000000000000000000000000000011100000000000000000000000000000000000000000000000000000000000000000000000000111110000000000000011111
0000000001100000000000111110000001111111111000111111111111111000000000000000000000000000000000000000000000000000000000000000000000000000000000000000000000111000000000000000000000000000000000000000000000000000000000000000000000000001111111100000000011111100
0000000001100001111111111111111111111001111111111111111110000000000000000000000000000000000000000000000000000000000000000000000000000000000000000000000001110000000000000000000000000000000000000000000000000000000000000000000000000011000011110011111111110000
0000000001111111111111000001111110000000000111000000000000000000000000000000000000000000000000000000000000000000000000000000000000000000000000000000000011100000000000000000000000000000000000000000000000000000000000000000000000000110000000111111111110000000
0000000000111110000000000000000000000000000000000000000000000000000000000000000000000000000000000000000000000000000000000000000000000000000000000000000011000000000000000000000000000000000000000000000000000000000000000000000000001100000000001100000000000000
0000000000111000000000000000000000000000000000000000000000000000000000000000000000000000000000000000000000000000000000000000000000000000000000000000000011000000000000000000000000000000000000000000000000000000000000000000000000011100000000000000000000000000
0000000000011000000000000000000000000000000000000000000000000000000000000000000000000000000000000000000000000000000000000000000000000000000000000000000011100000000000000000000000000000000000000000000000000000000000000000000000011000000000000000000000000000
0000000000011100000000000000000000000000000000000000000000000000000000000000000000000000000000000000000000000000000000000000000000000000000000000000000001110000000000000000000000000000000000000000000000000000000000000000000000111000000000000000000000000000
0000000000001100000000000000000000000000000000000000000000000000000000000000000000000000000000000000000000000000000000000000000000000000000000011000000000111000000000000000000000000000000000000000000000000000000000000000000000110000000000000000000000000000
0000000000001110000000000000000000000000000000000000000000000000000011000000000000000000000000000000000000000000000000000000000000000000000000011000000000011000000000000000000000000000000000000000000000000000000000000000000000110000000000000000000000000000
0000000000000110000000000000000000000000000000000000000000000000001111000000000000000000000000000000000000000000000000000011100000000000000000011000000000011000000000000000000000000000000000000000000000000000000000000000000000010000000000000000000000000000
0000000000000110000000000000000000000000000000000000000000000000011100000000000000000000000000000000000000000000000000000011111100000000000000011000000000110000000000000000000000000000000000000000000000000000000000000000000000000000000000000000000000000000
0000000000000110000000000000000000000000000000000000000000000000111000000000000000000000000000000000000000000000000000000000011100000000000000011000000000011000000000000000000000000000000000000000000000000000000000000000000000000000000000000000000000000000
0000000000000110000000000000000000000000000000000000000000000001110000000000000000000000000000000000000000000000000000000000000110000000000000011000000000011100000000000000000000000000000000000000000000000000000000000000000000000000000000000000000000000000
0000000000000110000000000000000000000000000000000000000000000011100000000000000000000000000000000000000000000000000000000000000111000000000000011000000000001110000000000000000000000000000000000000000000000000000000000000000000000000000000000000000000000000
0000000000000110000000000000000000000000000000000000000000000111000000000000000000000000000000000000000000000000000000000000000011100000000000011000000000000110000000000000000000000000000000000000000000000000000000000000000000000000000000000000000000000000
0000000000000110000000000000000000000000000000000000000000001110000000000000000000000000000000000000000000000000000000000000000001100000000000011000000000000110000000000000000000000000000000000000000000000000000000000000000000000000000000000000000000000000
0000000000000110000000000000000000000000000000000000000000011100000000000000000000000000000000000000000000000000000000000000000000110000000000011000000000000110000000000000000000000000000000000000000000000000000000000000000000000000000000000000000000000000
0000000000000110000000000000000000000000000000000000000000111000000000000000000000000000000000000000000000000000000000000000000000111000000000011100000000000110000000000000000000000000000010000000000000000000000000111000000000000000000000000000000000000000
0000000000000110000000000000000000000000000000000000000000110000000000000000000000000000000000000000000000000000000000000000000000011000000000001100000000000110000000000000000000000000000011000000000000000000000001110000000000000000000000000000000000000000
0000000000000110000000000000000000000000000000000000000001100000000000000000000000000000011000000000000000000000000000000000000000011000000000001100000000000110000000000000000000000000000110000000000000000000000111000000000000000000000000000000000000000000
0000000000000110000000000000000000000000000000000000000011100000000000000000000000000000011000000000000000000000000000000000000000011100000000001100000000000110000000000000000000000000000110000000000000000000001110000000000000000000000000000000000000000000
0000000000000110000000000000000000000000000000000000000011000000000000000000000000000000110000000000000000000000000000000000000000001111000000001100000000000110000000000000000000000000001110000000000000000000111100000000000000000000000000000000000000000000
0000000000000110000000000000000000000000000000000000000110000000000000000000000000000001110000000000000000000000000000000000000000000011110000011000000000000110000000000000000000000000001100000000000000000001111000000000000000000000000000000000000000000000
0000000000000110000000000000000000000000000000000000001110000000000000000000000000000011100000000000000000000000000000000000000000000000111110011000000000000110000000000000000000000000011100000000000000000011100000000000000000000000000000000000000000000000
0000000000000110000000000000000000000000000000000000001100000000000000000000000000000011000000000000000000000000000000000000000000000000001111111000000000001110000000000000000000000000011000000000000000000111000000000000000000000000000000000000000000000000
0000000000001100000000000000000000000000000000000000001110000000000000000000000000000011000000000000000000000000000000000000000000000000000011111100000000001100000000000000000000000000011000000000000000001110000000000000000000000000000000000000000000000000
0000000000011100000000000000000000000000000000000000011100000000000000000000000000000001100000000000000000000000000000000000000000000000000000111110000000001100000000000000000000000000011000000000000000001100000000000000000000000000000000000000000000000000
0000000000011000000000000000000000000000000000000000011100000000000000000000000000000011000000000000000000000000000000000000000000000000000000000110000000001100000000000000000000000000011000000000000000011000000000000000000000000000000000000000000000000000
0000000000111000000000000000000000000000000000000000011000000000000000000000000000000011000000000000000000000000000000000000000000000000000000000110000000011000000000000000000000000000011000000000000000011000000000000000000000000000000000000000000000000000
0000000000111100000000000000000000000000000000000000111000000000000000000000000000000011000000000000000000000000000000000000000000000000000000000011100000011000000000000000000000000000111000000000000000111000000000000000000000000000000000000000000000000000
0000000001111100000000000000000000000000000000000001111000000000000000000000000000000011000000000000000000000000000000000000000000000000000000000001110000011000000000000000000000000000110000000000000000110000000000000000000000000000000000000000000000000000
0000000001101111111000000000000000000000000000000001100000000000000000000000000000000111000000000000000000000000000000000000000000000000000000000000111111111000000000000000000000000001110000000000000001110000000000000000000000000000000000000000000000000000
0000000001100111111100000000000000000000000000000001100000000000000000000000000000001110000000000000000000000000000000000000000000000000000000000000011111111000000000000000000000000001100000000000000001100000000000000000000000000000000000000000000000000000
0000000001100000001110000000000000000000000000000001100000000000000000000000000000011100000000000000000000000000000000000000000000000000000000000000001100111000000000000000000000000001100000000000000011100000000000000000000000000000000000000000000000000000
0000000011000000000111100000000000000000000000000001100000000000000000000000000011111000000000000000000000000000000000000000000000000000000000000000000011111000000000000000000000000011100000000000000011000000000000000000000000000000000000000000000000000000
0000000011000000000001110000000000000000000000000011100000000000000000000000111111110000000000000000000000000000000000000000000000000000000000000000001111111111000000000000000000000011000000000000000001100000000000000000000000000000000000000000000000000000
0000000011000000000000111100000000000000000000001111000000000000000000000001111100100000000000000000000000000000000000000000000000000000000000000011111100000111110000000000000000000111000000000000000001100000000000000000000000000000000000000000000000000000
0000000011000000000000001110000000000000000000011100000000000000000000000011100000000000000000000000000000000000000000000000000000000000000000001111110000000000111000000000000000000110000000000000000001100000000000000000000000000000000000000000000000000000
0000000011000000000000000111110011000000000000011000000000000000000000000111000000000000000000000000000000000000000000000000000000000000000011111110000000000000011100000000000000001100000000000000000000110000000000000000000000000000000000000000000000000000
0000000011000000000000000011111111111100001110111000000000000000000000001110000000000000000000000000000000000000000000000000000000000000000111111000000000000000001111111100000000011100000000000000000000110000000000000000000000000000000000000000000000000000
0000000111000000000000000000001101111111111111110000000000000000000000011100000000000000000000000000000000000000000000000000000000000000000110110000000000000000000111111111000000111000000000000000000000110000000000000000000000000000000000000000000000000000
0000000110000000000000000000000000000011111001000000000000000000000001111000000000000000000000000000000000000000000000000000000000000000000100110000000000000000000000000011100000110000000000000000000000011000000000000000000000000000000000000000000000000000
0000000110000000000000000000000000000000000000000000000000000000000011100000000000000000000000000000000000000000000000000000000000000000000001100000000000000000000000000001110000110000000000000000000000011100000000000000000000000000000000000000000000000000
0000000110000000000000000000000000000000000000000000000000000000000110000000000000000000000000000000000000000000000000000000000000000000000001100000000000000000000000000000111000110000000000000000000000001100000000000000000000000000000000000000000000000000
0000000110000000000000000000000000000000000000000000000000000000000110000000000000000000000000000000000000000000000000000000000000000000000011000000000000000000000000000000011111110000000000000000000000001100000000000000000000000000000000000000000000000000
0000000110000000000000000000000000000000000000000000000000000000001100000000000000000000000000000000000000000000000000000000000000000000000011000000000000000000000000000000001111111000000000000000000000001100000000000000000000000000000000000000000000000000
0000000110000000000000000000000000000000000000000000000000000111111100000000000000000000000000000000000000000000000000000000000000000000000000000000000000000000000000000000000000111100000000000000000000001110000000000000000000000000000000000000000000000000
0000001110000000000000000000000000000000000000000000000000001111110000000000000000000000000000000000000000000000000000000000000000000000000000000000000000000000000000000000000000001110000000000000000000000110000000000000000000000000000000000000000000000000
0000001100000000000000000000000000000000000000000000000000011000000000000000000000000000000000000000000000000000000000000000000000000000000000000000000000000000000000000000000000000111111000000000000000000110000000000000000000000000000000000000000000000000
0000001100000000000000000000000000000000000000000000000000110000000001111111000000000000000000000000000000000000000000000000000000000000000000000000000000000000000000000000000000000011111110000000000000000110000000000000000000000000000000000000000000000000
0000001100000000000000000000000000000000000000000000000001110000000011111111100000000000000000000000000000000000000000000000000000000000000000000000000000000000000000000000000000000000001111000000000000000110000000000000001110000000000000000000000000000000
0000001100000000000000000000000000000000000000000000000111100000001111000001110000000000000000000000000000000000000000000000000000000000000000000000000000000000000000000000000000000000000011110000000000000110000000000000011100000000000011000000000000000000
0000001100000000000000000000000000000000000000000000001111000000011110000000000000000000000000000000000000000000000000000000000000000000000000000000000000000000000000000000000000000000000000111000000000000110000000000000111000000000000001100000000000000000
0000011000000000000000000000000000000000000000000000001110000000011000000000000000000000000000000000000000000000000000000000000000000000000000000000000000000000000000000000000000000000000000011000000000000110000000000011110000000000000000111100000000000000
0000011000000000000000000000000000000000000000000000000110000000111000000000000000000000000000000000000000000000000000000000000000000000000000000000000000000000000000000000000000000000000000011000000000000110000000001111000000000000000000011111000000000000
0000011000000000000000000000000000000000000000000000000110000001110000000000000000000000000000000000000000000000000000000000000000000000000000000000000000000000000000000000000000000000000000011000000000000110000000111100000000000000000000000111100000000000
0001111000000000000000000000000000000000000000000000001110000111100000000000000000000000000000000000000000000000000000000000000000000000000000000000000000000000000000000000000000000000000000011000000000000110000111111000000000000000000000000001111000000000
0011111000000000000000000000000000000000000000000000011100001110000000000000000000000000000000000000000000000000000000000000000000000000000000000000000000000000000000000000000000000000000000001100000000000011011111100000000000000000000000000000011100000000
0111011000000000000000000000000000000000000000000000111111111100000000000000000000000000000000000000000000000000000000000000000000000000000000000000000000000000000000000000000000000000000000001110000000000011111100000000000000000000000000000000001111000000
1110111000000000000000000000000000000000000000000001110011111000000000000000000000000000000000000000000000000000000000000000000000000000000000000000000000000000000000000000000000000000000000000111000000000011100000000000000000000000000000000000000111100000
1100110000000000000000000000000000000000000000000011100000110000000000000000000000000000000000000000000000000000000000000000000000000000000000000000000000000000000000000000000000000000000000000011100000000001100000000000000000000000000000000000000001110010
1000110000000000000000000000000000000000000000001111000000000000000000000000000000000000000000000000000000000000000000000000000000000000000000000000000000000000000000000000000000000000000000000001110000000001100000000000000000000000000000000000000000111111
0000110000000000000000000000000000000000000000111100000000000000000000000000000000000000000000000000000000000000000000000000000000000000000000000000000000000000000000000000000000000000000000000000111000000001100000000000000000000000000000000000000000001111
0000011000000000000000000000000000000000000011111000000000000000000000000000000000000000000000000000000000000000000000000000000000000000000000000000000000000000000000000000000000000000000000000000011100000001100000000000000000000000000000000000000000000000
0000011000000000000000000000000000000000000111100000000000000000000000000000000000000000000000000000000000000000000000000000000000000000000000000000000000000000000000000000000000000000000000000000001100000001100000000000000000000000000000000000000000000000
0000011000000000000000000000000000000000000110000000000000000000000000000000000000000000000000000000000000000000000000000000000000000000000000000000000000000000000000000000000000000000000000000000001110000001100000000000000000000000000000000000000000000000
0000011000000000000000000000000000000000001100000000000000000000000000000000000000000000000000000000000000000000000000000000000000000000000000000000000000000000000000000000000000000000000000000000000111000001100000000000000000000000000000000000000000000000
0000011000000000000000000000000000000000001100000000000000000000000000000000000000000000000000000000000000000000000000000000000000000000000000000000000000000000000000000000000000000000000000000000000111110011000000000000000000000000000000000000000000000000
0000011000000000000000000000000000000000001100000000000000000000000000000000000000000000000000000000000000000000000000000000000000000000000000000000000000000000000000000000000000000000000000000000111111111011000000000000000000000000000000000000000000000000
0000011000000000000000000000000000000000001100000000000000000000000000000000000000000000000000000000000000000000000000000000000000000000000000000000000000000000000000000000000000000000000000000111111000011011000000000000000000000000000000000000000000000000
0000011000000000000000000000000000000000001100000000000000000000000000000000000000000000000000000000000000000000000000000000000000000000000000000000000000000000000000000000000000000000000000001111100000011110000000000000000000000000000000000000000000000000
0000011000000000000000000000000000000000001100000000000000000000000000000000000000000000000000000000000000000000000000000000000011000000000000000000000000000000000000000000000000000000000000011100000000001110000000000000000000000000000000000000000000000000
0000001100000000000000000000000000000000001100000000000000000000000000000000000000000000000000000000000000000000000000000000000011000000000000000000000000000000000000000000000000000000000000111000000000001110000000000000000000000000000000000000000000000000
0000001100000000000000000001100000000000001100000000000000000000000000000000000000000000000000000000000000000000000000000000000011000000000000000000000000000000000000000000000000000000000000110000000000000110000000000000000000000000000000000000000000000000
0000000110000000000000000011110000000000001100000000000000000000000000000000000000000000000000000000000000000000000000111000000011000000000000000000000000000000000000000000000000000000000001110000000000000011000000000000000000000000000000000000000000000000
0000000111000000000000000111011000000000001100000000000000000000000000000000000000000000000000000000000000000000000000011100000011000000000000000000000000000000000000000000000000000000000001100000000000000011100000000000000000000000000000000000000000000000
0000000111000000000000001110011100000000001100000000000000000000000000000000000000000000000000000000000000000000000000001110000011000000000000000000000000000000000000000000000000000000000011100000000000000001100000000000000000000000000000000000000000000000
0000001111100000000000011100001110000000001100000000000000000000000000000000000000000000000000000000000000000000000000000110000011000000000000000000000000000000000000000000000000000000001111000000000000000000110000000000000000000000000000000000000000000000
0000001101110000000000111000001111100000001110000000000000000000000000000000000000000000000000000000000000000000000000000011100011000000000000000000000000000000000000000000000000000000011110000000000000000000111000000000000000000000000000000000000000000000
0000001100111000000001110000001111111000000110000000000000000000000000000000000000000000000000000000000000000000000000000001111011000000000000000000000000000000000000000000000000000000011000000000000000000000011111000000000000000000000000000000011111100000
0000001100011110000011100000000110011100000110000000000000000000000000000000000000000000000000000000000000000000000000000000111111100000000000000000000000000000000000000000000000111100111000000000000000000000000111110000000000000001111000001111111111111100
0000001110000111111111000000000110001111000111000000000000000000000000000000000000000000000000000000000000000000000000000000000111100000000000000000000000000000000000000000111111111111110000000000000000000000000000111000000000000011111111111111110000011110
0000000110000001111100000000000011100011111111000000000000000000000000000000000000000000000000000000000000000000000000000000000001111000000000000000000000000000000000000011111111000011100000000000000000000000000000011000000000000011001111110000000000000111
0000000110000000000000000000000001110000111110000000000000000000000000000000000000000000000000000000000000000000000000000000000000011100000000000000000000000000000000001111100000000000000000000000000000000000000000011100000000000011100000000000000000000011
0000000110000000000000000000000000111000001110000000000000000000000000000000000000000000000000000000000000000000000000000000000000011111000000000000000000000000000000111100000000000000000000000000000000000000000000001111000000000001100000000000000000000000
0000000110000000000000000000000000011100000111000000000000000000000000000000000000000000000000000000000000000000000000000000000000011111100000000000000000000000000001110000000000000000000000000000000000000000000000000111111000000001110000000000000000000000
0000001100000000000000000000000000001100000011100000000000000000000000000000000000000000000000000000000000000000000000000000000000011001110000000000000000000000001111100000000000000000000000000000000000000000000000000000111100000000110000000000000000000000
0000001100000000000000000000011000001100000001110000000000000000000000000000000000000000000000000000000000000000000000000000000000110000111111111111100000111111111111000000000000000000000000000000000000000000000000000000001110000000110000000000000000000000
0000000110000000000000000001111111111100000000111000000000000000000000000000000000000000000000000000000000000000000000000000000001110000011111111111111111111111110000000000000000000000000000000000000000000000000000000000000111100001110000000000000000000000
0000000110000000000000000011100111110000000000011000000000000000000000000000000000000000000000000000000000000000000000000000000011100000000000110000011111100000000000000000000000000000000000000000000000000000000000000000000011111111100000000000000000000000
0000000110000000000000000111000000000000000000011000000000000000000000000000000000000000000000000000000000000000000000000000000111000000000000110000000000000000000000000000000000000000000000000000000000000000000000000000000000111111100000000000000000000000
0000000110000000000000000011100000000000000000000000000000000000000000000000000000000000000000000000000000000000000000000000001110000000000000110000000000000000000000000000000000000000000000000000000000000000000000000000000000000011000000000000000000000000
0000001100000000000000000011110000000000000000000000000000000000000000000000000000000000000000000000000000000000000000000000001100000000000000110000000000000000000000000000000000000000000000000000000000000000000000000000000000000111000000000000000000000000
0000001100000000000000000000111000000000000000000000000000000000000000000000000000000000000000000000000000000000000000000000000000000000000001110000000000000000000000000000000000000000000000000000000000000000000000000000000000000110000000000000000000000000
0000001100000000000000000000011110000000000000000000000000000000000000000000000000000000000000000000000000000000000000000000000000000000000001100000000000000000000000000000000000000000000000000000000000000000000000000000000000000111000000000000000000000000
0000011000000000000000000000000111000000000000000000000000000000000000000000000000000000000000000000000000000000000000000000000000000000000001100000000000000000000000000000000000000000000000000000000000000000000000000000000000000011100000000000000000000000
0000111000000000000000000000000011110000000000000000000000000000000000000000000000000000000000000000000000000000000000000000000000000000000001100000000000000000000000000000000000000000000000000000000000000000000000000000000000000001110000000000000000000000
0001110000000000000000000000000001111000000000000000000000000000000000000000000000000000000000000000000000000000000000000000000000000000000001100000000000000000000000000000000000000000000000000000000000000000000000000000000000000000111000000000000000000000
0001100000000000000000000000000000011110000000000000000000000000000000000000000000000000000000000000000000000000000000000000000000000000000011100000000000000000000000000000000000000000000000000000000000000000000000000000000000000000011111111100000000000000
0011100000000000000000000000000000001111000000000000000000000000000000000000000000000000000000000000000000000000000000000000000000000000000011000000000000000000000000000000000000000000000000000000000000000000000000000000000000000000001111111111000000000000
0011000000000000000000000000000000000011110000000000000000000000000000000000000000000000000000000000000000000000000000000000000000000000000011000000000000000000000000000000000000000000000000000000000000000000000000000000000000000000000000000011100000000000
0011000000000000000000000000000000000000111000000000000000000000000000000000000000000000000000000000000000000000000000000000000000000000000111000000000000000000000000000000000000000000000000000000000000000000000000000000000000000000000000000001110000000000
0011000000000000000000000000000000000000011100000000000000000000000000000000000000000000000000000000000000000000000000000000000000000000000110000000000000000000000000000000000000000000000000000000000000000000000000000000000000000000000000000000111000000000
0011100000000000000000000000000000000000001110000000000000000000000000000000000000000000000000000000000000000000000000000000000000000000001110000000000000000000000000000000000000000000000000000000000000000000000000000000000000000000000000000000011000000000
0001100000000000000000000000000000000000000110000000000000000000000000000000000000000000000000000000000000000000000000000000000000000000001100000000000000000000000000000000000000000000000000000000000000000000000000000000000000000000000000000000001100000000
0011000000000000000000000000000000000000000110000000000001110000000000000000000000000000000000000000000000000000000000000000000000000000000000000000000000000000000000000000000000000000000000000000000000000000000000000000000000000000000000000000000110000000
0111000000000000000000000000000000000000000110000000001111111100000000000000000000000000000000000000000000000000000000000000000000000000000000000000000000000000000000000000000000000000000000000000000000000000000000000000000000000000000000000000000011000000
1110000000000000000000000000000000000000000110000000111110001100000000000000000000000000000000000000000000000000000000000000000000000000000000000000000000000000000000000000000000000000000000000000000000000000000000000000000000000000000000000000000011100000
1100000000000000000000000000000000000000000110000011111000001100000000000000000000000000000000000000000000000000000000000000000000000000000000000000000000000000000000000000000000000000000000000000000000000000000000000000000000000000000000000000000001110000
1000000000000000000000000000000000000000000111001111000000000110000000000000000000000000000000000000000000000000000000000000000000000000000000000000000000000000000000000000000000000000000000000000000000000000000000000000000000000000000000000000000000110000
0000000000000000000000000000000000000000000011011110000000000110000000000000000000000000000000000000000000000000000000000000000000000000000000000000000000000000000000000000000000000000000000000000000000000000000000000000000000000000000000000000000000110000
0000000000000000000000000000000000000000000011111000000000000110000000000000000000000000000000000000000000000000000000000000000000000000000000000000000000000000000000000000000000000000000000000000000000000000000000000000000000000000000000000000000000110000
0000000000000000000000000000000000000000000011110000000000000110000000000000000000000000000000000000000000000000000000000000000000000000000000000000000000000000000000000000000000000000000000000000000000000000000000000000000000000000000000000000000000110000
0000000000000000000000000000000000000000000000000000000000000110000000000000000000000000000000000000000000000000000000000000000000000000000000000000000000000000000000000000000000000000000000000000000000000000000000000000000000000000000000000000000000110000
0000000000000000000000000000000000000000000000000000000000000110000000000000000000000000000000000000000000000000000000000000000000000000000000000000000000000000000000000000000000000000000000000000000000000000000000000000000000000000000000000000000000110000
0000000000000000000000000000000000000000000000000000000000000110000000000000000000000000000000000000000000000000000000000000000000000000000000000000000000000000000000000000000000000000000000000000000000000000000000000000000000000000000000000000000000110000
0000000000000000000000000000000000000000000000000000000000000110000000000000000000000000000000000000000000000000000000000000000000000000000000000000000000000000000000000000000000000000000000000000000000000000000000000000000000000000000000000000000000011000
0000000000000000000000000000000000000000000000000000000000000110000000000000000000000000000000000000000000000000000000000000000000000000000000000000000000000000000000000000000000000000000000000000000000000000000000000000000000000000000000000000000000011100
0000000000000000000000000000000000000000000000000000000000000110000000000000000000000000000000000000000000000000000000000000000000000000000000000000000000000000000000000000000000000000000000000000000000000000000000000000000000000000000000000000000000001111
0000000000000000000000000000000000000000000000000000000000000110000000000000000000000000000000000000000000000000000000000000000000000000000000000000000000000000000000000000000000000000000000000000000000000000000000000000000000000000000000000000000000000011
0000000000000000000000000000000000000000000000000000000000000111000000000000000000000000000000000000000000000000000000000000000000000000000000000000000000000000000000000000000000000000000000000000000000000000000000000000000000000000000000000000000000000001
0000000000000000000000000000000000000000000000000000000000000011000000000000000000000000000000000000000000000000000000000000000000000000000000000000000000000000000000000000000000000000000000000000000000000000000000000000000000000000000000000000000000000000
0000000000000000000000000000000000000000000000000000000000000011100000000000000000000000000000000000000000000000000000000000000000000000000000000000000000000000000000000000000000000000000000000000000000000000000000000000000000000000000000000000000000000000
0000000000000000000000000000000000000000000000000000000000000001100000000000000000000000000000000000000000000000000000000000000000000000000000000000000000000000000000000000000000000000000000000000000000000000000000000000000000000000000000000000000000000000
0000000000000000000000000000000000000000000000000000000000000000110000000000000000000000000000000000000000000000000000000000000000000000000000000000000000000000000000000000000000000000000000000000000000000000000000000000000000000000000000000000000000000000
0000000000000000000000000000000000000000000000000000000000000000111000000000000000000000000000000000000000000000000000000000000000000000000000000000000000000000000000000000000000000000000000000000000000000000000000000000000000000000000000000000000000000000
0000000000000000000000000000000000000000000000000000000000000000011000000000000000000000000000000000000000000000000000000000000000000000000000000000000000000000000000000000000000000000000000000000000000000000000000000000000000000000000000000000000000000000
0000000000000000000000000000000000000000000000000000000000000000011000000000000000000000000000000000000000000000000000000000000000000000000000000000000000000000000000000000000000000000000000000000000000000000000000000000000000000000000000000000000000000111
0000000000000000000000000000000000000000000000000000000000000000001100000000000000000000000000000000000000000000000000000000000000000000000000000000000000000000000000000000000000000000000000000000000000000000000000000000000000000000000000000000000000001111
0000000000000000000000000000000000000000000000000000000000000000001100000000000000000000000000000000000000000000000000000000000000000000000000000000000000000000000000000000000000000000000000000000000000000000000000000000000000000000000000000000000000001100
0000000000000000000000000000000000000000000000000000000000000000001100000000000000000000000000000000000000000000000000000000000000000000000000000000000000000000000000000000000000000000000000000000000000000000000000000000000000000000000000000000000000001100
0000000000000000000000000000000000000000000000000000000000000000001110000000001100000000000000000000000000000000000000000000000000000000000000000000000000000000000000000000000000000000000000000000000000000000000000000000000000000000000000000000000000001100
0000000000000000000000000000000000000000000000000000000000000000111111000000011110000000000000000000000000000000000000000000000000000000000000000000000000000000000000000000000000000000000000000000000000000000000000000000000000000000000000000000000000011000
0000000000000000000000000000000000000000000000000000000000000001110011000000111111000000000000000000000000000000000000000000000000000000000000000000000000000000000000000000000000000000000000000000000000000000000000000000000000000000000000000000000000011000
0000000000000000000000000000000000000000000000000000000111100111100001100000110011100000000000000000000000000000000000000000000000000000000000000000000000000000000000000000000000000000000000000000000000000000000000000000000000000000000000000000000000011000
0000000000000000000000000000000000000000000000000000001111111110000001100001100001100000000000000000000000000000000000000000000000000000000000000000000000000000000000000000000000000000000000000000000000000000000000000000000000000000000000000000000001111000
0000000000000000000000000000000000000000000000000000011100111000000000110011100000110000000000000000000000000000000000000000000000000000000000000000000000000000000000000000000000000000000000000000000000000000000000000000000000000000000000000000000111110000
0000000000000000000000000000000000000000000000000000011000000000000000111111000000110000000000000000000000000000000000000000000000000000000000000000000000000000000000000000000000000000000000000000000000000000000000000000000000000000000000000000011110000000
0000000000000000000000000000000000000000000000000000110000000000000000011110000000111000000000000000000000000000000000000000000000000000000000000000000000000000000000000000000000000000000000000000000000000000000000000000000000000000000000000001111000000000
0000000000000000000000000000000000000000000000000001110000000000000000000000000000011000000000000000000000000000000000000000000000000000000000000000000000000000000000000000000000000000000000000000000000000000000000000000000000000000000000000011100000000000
0000000000000000000000000000000000000000000000001111100000000000000000000000000000011100000000000000000000000000000000000000000000000000000000000000000000000000000000000000000000000000000000000000000000000000000000000000000000000000000000000011000000000000
0000000000000000000000000000000000000000000111111110000000000000000000000000000000001100000000000000000000000000000000000000000000000000000000000000000000000000001000000000000000000000000000000000000000000000000000000000000000000000000000000110000000000000
0000000000000000000000000000000000000000011111111000000000000000000000000000000000001100000000000000000000000000000000000000000000000000000000000000000000000000011000000000000000000000000000000000000000000000000000000000000000000000000000001110000000000000
0000000000000000000000000000000000000000111000000000000000000000000000000000000000000110000000000000000000000000000000000000000000000000000000000000000000000000011000000000000000000000000000000000000000000000000000000000000000000000000000111111000000000000
0000000000000000000000000000000000000001110000000000000000000000000000000000000000000110001111000000000000000000000000000000000000000000000000000000000000000000011000000000000000000000000000000000000000000000000000000000000000000000000001110011000000000000
0000000000000000000000000000000000000011100000000000000000000000000000000000000000000111111111111000000000000000000000000000000000000000000000000000000000000000111000000000000000000000000000000000000000000000000000000000000000000000000011100001100000000000
0000000000000000000000000000000000000011000000000000000000000000000000000000000000000001110000111000000000000000000000000000000000000000000000000000000000000000110000000000000000000000000000000000000000000000000000000000000000000000000111000001111000000000
0000000000000000000000000000000000011110000000000000000000000000000000000000000000000000000000001100000000000000000000000000000000000000000000000000000000000001110000000000000000000000000000000000000000000000000000000000000000000000011110000000111111000000
0000000000000000000000000000000011111100000000000000000000000000000000000000000000000000000000001100011000000000000000000000000000000000000000000000000000000001100000000000000000000000000000000000000000000000000000000000000000000000111110000000000111100000
0000000000000000000000000000000111110000000000000000000000000000000000000000000000000000000000001111111100000000000000000000000000000000000000000000000000000011000000000000000000000000000000000000000000000000000000000000000000000001110110000000000001100000
0000000000000000000000000000000110000000000000000000000000000000000000000000000000000000000000001111100111011111110000000000000000000000000000000000000000000011000000000000000000000000000000000000000000000000000000000000000000000011100110000000000000110000
0000000000000000000000000000000110000000000000000000000000000000000000000000000000000000000000001100000011111111111111110000000000000000000000000000000000000011000000000000000000000000000000000000000000000000000000000000000000000111000110000000000000111000
0000000000000000011000000000001110000000000000000000000000000000000000000000000000000000000000001100000000100000001111111000000000000000000000000000000000000011000000000000000000000000000000000000000000000000000000000000000000001100000011000000000000011000
0000000000000000011110000011111110000000000000000000000000000000000000000000000000000000000000001100000000000000000110011110000000001000000000000000000000000111000000000000000000000000000000000000000000000000000000000000000000001100000011100000000000001100
0000000000000000000111101111111110000000000000000000000000000000000000000000000000000000000000011000000000000000000111001111111111111110000000000000000000001110000000000000000000000000000000000000000000000000000000100000000000001100000001110000000000001100
0000000000000000000011111110001100000000000000000000000000000000000000000000000000000000000000011000000000000000000011000001111111110110000000000000000000011100000000000000000000000000000000000000000000000000000001111100000000011100000000111100000000000110
0000000000000000000000110000001110000000000000000000000000000000000000000000000000000000000000011000000000000000000011000000000000000011000000000000000000111000000000000000000000000000000000000000000000000000000011111111000000111000000000001110000000000110
0000000000000000000000000000000110000000000000000000000000000000000000000000000000000000000000011000000000000000000001100000000000000011100000000000000000110000000000000000000000000000000000000000000000000000001111000111111111110000000000000110000000001100
0000000000000000000000000000000011000000000000000000000000000000000000000000000000000000000000011000000000000000000001100000000000000001110000000000000001110000000000000000000000000000000000000000000000000000011110000000111111100000000000000011000000001100
0000000000000000000000000000000111000000000000000000000000000000000000000000000000000000000000001100000000000000000001110000000000000000111000000000000001100000000000000000000000000000000000000001111110000001111000000000000000000000000000000011000000011000
0000000000000000000000000000000110000000000000000000000000000000000000000000000000000000000000001100000000000000000000110000000000000000011000000000000011100000000000000000000000000000000000001111111111110111100000000000000000000000000000000011000000011100
0000000000000000000000000000001100000000000000000000000000000000000000000000000000000000000000000110000000000000000000110000000000000000011100001000000011000000000000000000000000000000000000011110000001111110000000000000000000000000000000000011000000001111
0000000000000000000000000000111100000000000000000000000000000000000000000000000000000000000000000110000000000000000000110000000000000000001111111111000111000000000000000000000000000000000001111100000000011100000000000000000000000000000000000110000000000111
0000000000000000000000000001111000000000000000000000000000000000000000000000000000000000000000000110000000000000000000111000000000000000000111111111101110000000000000000000000000000000000111101100000000000000000000000000000000000000000000000110000000000000
0000000000000000000000000111100000000000000000000000000000000000000000000000000000000000000000000011000000000000000000011000000000000000000000000001111110000000000000000000000000000000111110001100000000000000000000000000000000000000000000000110000000000000
0000000000000000000000001110000000000000000000000000000000000000000000000000000000000000000000000110000000000000000000001100000000000000000000000000111000000000000000000000000000011111111100000110000000000000000000000000000000000000000000000011000000000000
0000000000000000000000111100000000000000000000000000000000000000000000000000000000000000000000000110000000000000000000001110000000000000000000000000011100000000000000000000000111111111000000000110000000000000000000000000000000000000000000000011000000000000
0000000000000000000001111000000000000000000000000000000000000000000000000000000000000000000000000110000000000000000000000110000000000000000000000000001110000000000000000000001111100000000000000110000000000000000000000000000000000000000000000001100000000000
0000000000000000000001100000000000000000000000000000000000000000000000000000000000000000000000000110000000000000000000000110000000000000000000000000000111000000000000000000001100000000000000000011000000000000000000000000000000000000000000000001111000000000
0000000000000000000011100000000000000000000000000000000000000000000000000000000000000000000000001100000000000000000000001100000000000000000000000000000011100000000000000000011000000000000000000011000000000000000000000000000000000000000000000000111000000000
0000000000000000011111000000000000000000000000000000000000000000000000000000000000000000000000001100000000000000000000001100000000000000000000000000000001110000000000000000011000000000000000000111000000000000000000000000000000000000000000000000001111110000
0000000000000000111100000000000000000000000000000000000000000000000000000000000000000000000000011100000000000000000000001100000000000000000000000000000000111000000000000000110000000000000000000110000000000000000000000000000000000000000000000000001111111000
0000000000000000110000000000000000000000000000000000000000000000000000000000000000000000000000111000000000000000000000001100000000000000000000000000000000011100000000000000110000000000000000000110000000000000000000000000000000000000000000000000000001011000
0000000000000000000000000000000000000000000000000000000000000000000000000000000000000000000000110000000000000000000000001100000000000000000000000000000000001100000000000000110000000000000000000110000000000000000000000000000000000000000000000000000000011000
0000000000000000000000000000000000000000000000000000000000000000000000000000000000000000000001110000000000000000000000001100000000000000000000000000000000000110000000000000111000000000000000000110000000000000000000000000000000000000000000000000000000111000
0000000000000000000000000000000000000000000000000000000000000000000000000000000000000000000011111000000000000000000000001100000000000000000000000000000000000111110000000000011100000000000000000111000000000000000000000000000000000000000000000000000000011000
0000000000000000000000000000000000000000000000000000000000000000000000000000000000000000000111011000000000000000000000000111000000000000000000000000000000000001110000000000001100000000000000000011100000000000000000000000000000000000000000000000000000011100
0000000000000000000000000000000000000000000000000000000000000000000000000000000000000000001110011000000000000000000000000111100000000000000000000000000000000000111111100000000110000000000000000001100000000000000000000000000000000000000000000000000000001111
