0000000000000000000000000000000000000000000000000000000000000000000000000001110000000000000000000000000000000000000000000000000000000000000000000000000000001110000000000000000110000111000000000000000000110000000000000000000000011000000000001100000000000000
0000000000000000000000000000000000000000000000000000000000000000000000000001110000000000000000000000000000000000000000000000000000000000000000000000000000000000000000000000000110000011000000000000000001100000000000000000000000011000000000000110000000000000
0000000000000000000000000000000000000000000000000000000000000000000000000001100000000000000000000000000000000000000000000000000000000000000000000000000000000000000000000000001100000011000000000000000011000000000000000000000000011000000000000110000000000000
0000000000000000000000000000000000000000000000000000000000000000000000000001100000000000000000000000000000000000000000000000000000000000000000000000000000000000000000000000001100000011000000000000000110000000000000000000000000111000000000000011000000000000
0000000000000000000000000000000000000000000000000000000000000000000000000001100000000011000000000000000000000000000000000000000000000000000000000000000000000000000000000000001100000000000000000000000110000000000000000000000000110000000000000011100000000000
0000000000000000000000000000000000000000000000000000000000000000000000000001110000000011000000000000000000000000000000000000000000000000000000000000000000000000000000000000011000000000000000000000001100000000000000000000000000011000000000000001100000000000
0000000000000000000000000000000000000000000000000000000000000000000000000001110000000111000000000000000000000000000000000000000000000000000000000000000000000000000000000000011000000000000000000000001100000000000000000000000000011000000000000000000000000000
0000000000000000000000000000000000000000000000000000000000000000000000000011100000000110000000000000000000000000000000000000000000000000000000000000000000000000000000000000011000000000000000000000000110000000000000000000000000011000000000000000000000000000
0000000000000000000000000000000000000000000000000000000000000000000000000011000000001110000000000000000000000000000000000000000000000000000000000000000000000000000000000000110000000000000000000000000111000000000000000000000000001100000000000000000000000000
0000000000000000000000000000000000000000000000000000000000000000000000000011000000011100000000000000000000000000000000000000000000000000000000000000000000000000000000000000110000000000000000000000000001100000000000000000000000001100000000000000000000000000
0000000000000000000000000000000000000000000000000000000000000000000000000011100000111000000000000000000000000000000000000000000000000000000000000000000000000000000000000000110000000000000000000000000001100000000000000000000000001100000000000000000000000000
0000000000000000000000000000000000000000000000000000000000000000000000000001111111110000000000000000000000000000000000000000000000000000000000000000000000000000000000000001100000000000000000000000000001110000000000000000000000000100000000000000000000000000
0000000000000000000000000000000000000000000000000000000000000000000000000000111111000000000000000000000000000000000000000000000000000000000000000000000000000000000000000000110000000000000000000000000000110000000000000000000000000000000000000000000000000000
0000000000000000000000000000000000000000000000000000000000000000000000000000111000000000000000000000000000000000000000000000000000000000000000000000000000000000000000000000110000000000000000000000000000110000000000000000000000000000000000000000000000000000
0000000000000000000000000000000000000000000000000000000000000000000000000000110000000000000000000000000000000000000000000000000000000000000000000000000000000000000000000000110000000000000000000000000000111000000000000000000000000000000000000000000000000000
0000000000000000000000000000000000000000000000000000000000000000000000000011110000000000000000000000000000000000000000000000000000000000000000000000000000000000000000000000110000000000000000000000000000011000000000000000000000000000000000000000000000000000
0000000000000000000000000000000000000000000000000000000000000000000000000111100000000000000000000000000000000000000000000000000000000000000000000000000000000000000000000000110000000000000000000000000000011000000000000000000000000000000000000000000000000000
0000000000000000000000000000000000000000000000000000000000000000000000000110000000000000000000000000000000000000000000000000000000000000000000000000000000000000000000000000110000000000000000000000000000000000000000000000000000000000000000000000000000000000
0000000000000000000000000000000000000000000110000000000000000000000000000011000000000000000000000000000000000000000000000000000000000000000000000000000000000000000000000000110000000000000000000000000000000000000000000000000000000000000000000000000000000000
0000000000000000000000000000000000000000000111000000000000000000000000000111000000000000000000000000000000000000000000000000000000000000000000000000000000000000000000000000110000000000000000000000000000000000000000000000000000000000000000000000000000000000
0000000000000000000000000000000110000000000011100000000000000000000000000110000000000000000000000000000000000000000000000000000000000000000000000000000000000000000000000000110000000000000000000000000000000000000000000000000000000000000000000000000000000000
0000000000000000000000000000000110000000000001110000000000000000000000001100000000000000000000000000000000000000000000000000000000000000000000000000000000000000000000000000110000000000000000000000000000000000000000000000000000000000000000000000000000000000
0000000000000000000000000000000111000000000000111000000000000000000000011100000000000000000000000000000000000000000000000000000000000000000000000000000000000000000000000000110000000000000000000000000000000000000000000000000000000000000000000000000000000000
0000000000000000000000000000000011000000000000011110000000000000000000111000000000000000000000000000000000000000000000000000000000000000000000000000000000000000000000000000110000000000000000000000000000000000000000000000000000000000000000000000000000000000
0001100000000000000000100000000011100000000000001111000000000000000001111000000000000000000000000000000000000000000000000000000000000000000000000000000000000000000000000000110000000000000000000000000000000000000000000000000000000000000000000000000000000000
0001100001100000000000110000000001100000000000000011100000000000001111111100000000000000000000000000000000000000000000000000000000000000000000000000000000000000000000000000000000000000000000000000000000000000000000000000000000000000000000000000000000000000
0011000000110000000000110000000001100000000000000001110000000000111110001110000000000000000000000000000000000000000000000000000000000000000000000000000000000000000000000000000000000000000000000000000000000000000000000000000000000000000000000000000000000000
0011000000110000000000110000000001100000000000000000110000000001111000000111100000000000000000000000000000000000000000000000000000000000000000000000000000000000000000000000000000000000000000000000000000000000000000000000000000000000000000000000000000000000
0011000000110000000000111000000001100000000000000000110000000001100000000001110000000000000000000000000000000000000000000000000000000000000000000000000000000000000000000000000000000000000000000000000000000000000000000000000000000000000000000000000000000000
0011100001100000000000011000000001100000000000000000110000000001100000000000111000000000000000000000000000000000000000000000000000000000000000000000000000000000000000000000000000000000000000000000000000000000000000000000000000000000000000000000000000000000
0001110001100000000000011000000001100000000000000000110000000011000000000000001110110000000000000000000000000000000000000000000000000000000000000000000000000000000000000000000000000000000000000000000000000000000000000000000000000000000000000000000000000000
0000111001100000000000011000000001110000000000000000111000000011000000000000000111111000000000000000000000000000000000000000000000000000000000000000000000000000000000000000000000000000000000000000000000000000000000000000000000000000000000000000000000000000
0000011011000000000000011000000000110000000000000000011100000011000000000000000011111100000000000000000000000000000000000000000000000000000000000000000000000000000000000000000000000000000000000000000000000000000000000000000000000000000000000000000000000000
0000011111000000000000001100000000110000000000000000001110000110000000000000000000001100000000000000000000000000000000000000000000000000000000000000000000000000000000000000000000000000000000000000000000000000000000000000000000000000000000000000000000000000
0000001111000000000000001100000000110000000000000000000111001110000000000000000000000000000000000000000000000000000000000000000000000000000000000000000000000000000000000000000000000000000000000000000000000000000000000000000000000000000000000000000000000000
0000001111000000000000001100000000011000000000000000000011101100000000000000000000000000000000000000000000000000000000000000000000000000000000000000000000000000000000000000000000000000000000000000000000000000000000000000000000000000000000000000000000000000
0000011110000000000000001110000000011000000000000000000001111100000000000000000000000000000000000000000000000000000000000000000000000000000000000000000000000000000000000000000000000000000000000000000000000000000000000000000000000000000000000000000000000000
0000011000000000000000000111000000011000000000000000000000111000000000000000000000000000000000000000000000000000000000000000000000000000000000000000000000000000000000000000000000000000000000000000000000000000000000000000000000000000000000000000000000000000
0000011100000000000000000011000000110000000000000000000000111000000000000000000000000000000000000000000000000000000000000000000000000000000000000000000000000000000000000000000000000000000000000000000000000000000000000000000000000000000000000000000000000000
0000011100000000000000000011100000110000000000000000000011110000000000000000000000000000000000000000000000000000000000000000000000000000000000000000000000000000000000000000000000000000000000000000000000000000000000000000000000000000000000000000000000000000
0000011000000000000000000001111001110000000000000000001111100000000000000000000000000000000000000000000000000000000000000000000000000000000000000000000000000000000000000000000000000000000000000000000000000000000000000000000000000000000000000000000000000000
0000111000000000000000000000011111110000000000000000011110000000000000000000000000000000000000000000000000000000000000000000000000000000000000000000000000000000000000000000000000000000000000000000000000000000000000000000000000000000000000000000000000000000
0000110000000000000000000000001111110000000000000000111000000000000000000000000000000000000000000000000000000000000000000000000000000000000000000000000000000000000000000000000000000000000000000000000000000000000000000000000000000000000000000000000000000000
0001110000000000000000000000000001110000000000000001110000000000000000000000000000000000000000000000000000000000000000000000000000000000000000000000000000000000000000000000000000000000000000000000000000000000000000000000000000000000000000000000000000000000
0001100000000000000000000000000000110000000000000011100000000000000000000000000000000000000000000000000000000000000000000000000000000000000000000000000000000000000000000000000000000000000000000000000000000000000000000000000000000000000000001111001000000000
0001100000000000000000000000000000111000000000000011000000000000000000000000000000000000000000000000000000000000000000000000000000000000000000000000000000000000000000000000000000000000000000000000000000000000000000000000000000000000000011111111111111110000
0011000000000000000000000000000000011100000000000110000000000000000000000000000000000000000000000000000000000000000000000000000000000000000000000000000000000000000000000000000000000000000000000000000000000000000000000000000000000000111111111111111111111000
0011000000000000000000000000000000001110000000001110000000000000000000000000000000000000000000000000000000000000000000000000000000000000000000000000000000000000000000000000000000000000000000000000000000000000000000000000000000011111111100001110000000011100
0011000000000000000000000000000000000111000000001100000000000000000000000000000000000000000000000000000000000000000000000000000000000000000000000000000000000000000000000000000000000000000000000000000000000000000000000000000000111111000001111100000000000110
1111000000000000000000000000000000000011100000011100000000000000000000000000000000000000000000000000000000000000000000000000000000000000000000000000000000000000000000000000000000000000000000000000000000000000000000000000000000010000000011111000000000000111
1111000000000000000000000000000000000001110000011110000000000000000000000000000000000000000000000000000000000000000000000000000000000000000000000000000000000000000000000000000000000000000000000000000000000000000000000000000000000000000111000000000000000011
0111000000000000000000000000000000000000111001111111110000000000000000000000000000000000000000000000000000000000000000000000000000000000000000000000000000000000000000000000000000000000000000000000000000000000000000000000000000000000001100000000000000000011
0110000000000000000000000000000000000000011111111011111111111000000000000000000000000000000000000000000000000000000000000000000000000000000000000000000000000000000000000000000000000000000000000000000000000000000000000000000000000000011100000000000000000001
0111000000000000000000000000000000000000000111110000011111111100110000000000000000000000000000000000000000000000000000000000000000000000000000000000000000000000000000000000000000000000000000000000000000000000000000000000000000000000011000000000000000000001
0011000000000000000000000000000000000000000001100000000000001111111111111111000000000000000000000000000000000000000000000000000000000000000000000000000000000000000000000000000000000000000000000000000000000000000000000000000000000000011000000000000000000000
0011000000000000000000000000000000000000000011100000000000000111001111111111111000000000000000000000000000000000000000000000000000000000000000000000000000000000000000000000000000000000000000000000000000000000000000000000000000000000011000000000000000000000
0011000000000000000000000000000000000000000111000000000000000000000000000000111100000000000000000000000000000000000000000000000000000000000000000000000000000000000000000000000000000000000000000000000000000000000000000000000000000000111000000000000000000000
0011000000000000000000000000000000000000000110000000000000000000000000000000000111000000000000000000000000000000000000000000000000000000000000000000000000000000000000000000000000000000000000000000000000000000000000000000000000000001110000000000000000000000
0011000000000000000000000000000000000000001100000000000000000000000000000000000011100000000000000000000000000000000000000000000000000000000000000000000000000000000000000000000000000000000000000000000000000000000000000000000000000011100000000000000000000000
0011000000000000000000000000000000000000011100000000000000000000000000000000000001100000000000000000000000000000000000000000000000000000000000000000000000000000000000000000000000000000000000000000000000000000000000000000000000001111000000000000000000000000
0011000000000000000000000000000000000000011000000000000000000000000000000000000000000000000000000000000000000000000000000000000000000000000000000000000000000000000000000000000000000000000000000000000000000000000000000000001110111100000000000000000000000000
0011000000000000000000000000000000000000011000000000000000000000000000000000000000000000000000000000000000000000000000000000000000000000000000000000000000000000000000000000000000000000000000000000000000000000000000000000111111111000000000000000000000000000
0111000000000000000000000000000000000000011000000000000000000000000000000000000000000000000000000000000000000000000000000000000000000000000000000000000000000000000000000000000000000000000000000000000000000000000000000000010001000000000000000000000000000000
0110000000000000000000000000000000000000011000000000000000000000000000000000000000000000000000000000000000000000000000000000000000000000000000000000000000000000000000000000000000000000000000000000000000000000000000000000000000000000000000000000000000000000
0110000000000000000000000000000000000000011000000000000000000000000000000000000000000000000000000000000000000000000000000000000000000000000000000000000000000000000000000000000000000000000000000000000000000000000000000000000000000000000000000000000000000000
1100000000000000000000000000000000000000011000000000000000000000000000000000000000000000000000000000000000000000000000000000000000000001000000000000000000000000000000000110000000000000000000000000000000000000000000000000000000000000000000000000000000000000
1100000000000000000000000000000000000000011000000000000000000000000000000000000000000000000000000000000000000000000000000000000000000011100000000000000000000000000000001110000000000000000000000000000000000000000000000000000000000000000000000000000000000000
1100000000000000000000000000000000000000011000000000000000000000000000000000000000000000000000000000000000000000000000000000000000000001100000000000000000000000000000011100000000000000000000000000000000011000000000000000000000000000000000000000000000000000
1100000000000000000000000000000000000000110000000000000000000000000000000000000000000000000000000000000000000000000000000000000000000001100000000000000000000010000001111000000000000000000000000000000000011110000000000000000000000000000000000000000000000000
1100000000000000000000000000000000000011110000000000000000000000000000000000000000000000000000000000000000000000000110000000000000000001100000000000000000000111001111100000000000000000000000000000000000000111000000000000000000000000000000000000000000000000
1100000000000000000000000000000000000111000000000000000000000000000000000000000000000000000000000000000000000000000110000000000000000000110000000000000000000111111111000000000000000000000000000000000000000011100000000000000000000000000000000000000000000000
1100000000000000000000000000000000001110000000000000000000000000000000000000000000000000000000000000000000000000000110000000000000000000110000000000000000001111110000000000000000000000000000000000000000000001100000000000000000000000000000000000000000000000
1000000001111100000000000000000000001100000000000000000000000000000000000000000000000000000000000000000000000000000111000000000000000000110000000000000000011100000000000000000000000000000000000000000000000001110000000000000000000000000000000000000000000000
1000000011111111000000000000000000001100000000000000000000000000000000000000000000000000000000000000000000000000000011000000000000000000110000000000000000111000000000000000000000000000000000000000000000000000111000000000000000000000000000000000000000000000
1000000111000011000000000000000000001100000000000000000000000000000000000000000000000000000000000000000000000000000001100000000000000001100000000000000001110000000000000000000000000000000000000000000000000000111000000000000000000000000000000000000000000000
1100001110000001100000000000000000011000000000000000000000000000000000000000000000000000000000000000000000000000000001110000000000000001100000000000000011100000000000000000000000000000000000000000000000111111111100000000000000000000000000000000000000000000
1100111100000001100000000000000000011000000000000000000000000000000000000000000000000000000000000000000000000000000000111100000000000011000000000000001111000000000000000000000000000000000000000000000000111111001100000000000000000000000000000000000000000000
1111110000000001100000000000000000111000000000000000000000000000000000000000000000000000000000000000000000000000000000011110000000000011000000000000011110000000000000000000000000000000000000000000000000000000001111000000000000000000000000000000000000000000
0111100000000001100000000000000000110000000000000000000000000000000000000000000000000000000000000000000000000000000000000111000000000011000000000000111000000000000000000000000000000000000000000000000000000000000011100000000000000000000000000000000000000000
0011000000000001100111000000000001110000000000000000000000000000000000000000000000000000000000000000000000000000000000000011110000000011000000000000110000000000000000000000000000000000000000000000000000000000000011100000000000000000000000000000000000000000
0000000000000000111111110000000001100000000000000000000000000000000000000000000000000000000000000000000000000000000000000001111000000110000000000000111000000000000000000000000000000000000000000000000000000000000011000000000000000000000000000000000000000000
0000000000000000111101111100000001100000000000000000000000000000000000000000000000000000000000000000000000000000000000000000011100000110000000000000011000000000000000000000000000000000000000000000000000000000000011100000000000000000000000000000000000000000
0000000000000000000000011100000001100000000000000000000000000000000000000000000000000000000000000000000000000000000000000000001110001110000000000000111000000000000000000000000000000000000000000000000000000000000001100000000000000000000000000000000000000000
0000000000000000000000001100000011100000000000000000000000000000000000000000000000000000000000000000000000000000000000000000000110001100000000000000110000000000000000000000000000000000000000000000000000000000000001100000000000000000000000000000000000000000
0000000000000000000000001111100011100000000000000000000000000000000000000000000000000000000000000000000000000000000000000000000111001100000000000000111000000000000000000000000000000000000000000000000000000000000001110000000000000000000000000000000000000000
0000000000000000000000001111111111100000000000000000000000000000000000000000000000000000000000000000000000000000000000000000000011111000000000000000011000000000000000000000000000000000000000000000000000000000000001111100000000000000000000000000000000000000
0000000000000000000000000000111111100000000000000000000000000000000000000000000000000000000000000000000000000000000000000000000000111000000000000000111000000000000000000000000000000000000000000000000000000000000000011110000000000000000000000000000000000000
0000000000000000000000000000000011100000000000000000000000000000000000000000000000000000000000000000000000000000000000000000000000011000000000001111110000000000000000000000000000000000000000000000000000000000000000000111000000000000000000000000000000000000
0000000000000000000000000000000011000000000000000000000000000000000000000000000000000000000000000000000000000000000000000000000000011000000000111111100000000000000000000000000000000000000000000000000000000000000000000011100000000000000000000000000000000000
0000000000000000000000000000000011000000000000000000000000000000000000000000000000000000000000000000000000000000000000000000000000011000000001111000000000000000000000000000000000000000000000000000000000000000000000000001110000000000000000000000000000000000
0000000000000000000000000000000011100000000000000000000000000000000000000000000000000000000000000000000000000000000000000000000000011000000011100000000000000000000000000000000000000000000000000000000000000000000000000000110000000000000000000000000000000000
0000000000000000000000000000000001100000000000000000000000000000000000000000000000000000000000000000000000000000000000000000000000011000000110000000000000000000000000000000000000000000000000000000000000000000000000000000110000000000000000000000000000000000
0000000000000000000000000000000001100000000000000000000000000000000000000000000000000000000000000000000000000000000000000000000000011100001100000000000000000000000000000000000000000000000000000000000000000000000000000000110000000000000000000000000000000000
0000000000000000000000000000000001100000000000000000000000000000000000000000000000000000000000000000000000000000000000000000000000001100011100000000000000000000000000000000000000000000000000000000000000000000000000000000111000000000000000000000000000000000
0000000000000000000000000000000000111000000000000000000000000000000000000000000000000000000000000000000000000000000000000000000000001110011000000000000000000000000000000000000000000000000000000000000000000000000000000000011100000000000000000000000000000000
0000000000000000000000000000000000111110000000000000000000000000000000000000000000000000000000000000000000000000000000000000000000000110011000000000000000000000000000000000000000000000000000000000000000000000000000000000001100000000000000000000000000000000
0000000000000000000000000000000000000111000000000000000000000000000000000000000000000000000000000000000000000000000000000000000000000111011000000000000000000000000000000000000000000000000000000000000000000000000000000000001100000000000000000000000000000000
0000000000000000000000000000000000000011000000000000000000000000000000000000000000000000000000000000000000000000000000000000000000000011111000000000000000000000000000000000000000000000000000000000000000000000000000000000001110000000000000000000000000000000
0000000000000000000000000000000000000011000000000000000000000000000000000000000000000000000000000000000000000000000000000000000000000001111100000000000000001111100000000000000000000000000000000000000000000000000000000000000110000000000000000000000000000000
0000000000000000000000000000000000000001100000000000000000000000000000000000000000000000000000000000000000000000000000000000000000000000111100000000000000011111111001000000000000000000000000000000000000000000000000000000000111000000000000000000000000000000
0000000000000000000000000000000000000001110000000000000000000000000000000000000000000000000000000000000000000000000000000000000000000000111110000000000000011000111111100000000000000000000000000000000000000000000000000000000011000000000000000000000000000000
0000000000000000000000000000000000000000110000000000000000000000000000000000000000000000000000000000000000000000000000000000000000000000011111100001000011111000001110000000000000000000000000000000000000000000000000000000000011000000000000000000000000000000
0000000000000000000000000000000000000000110000000000000000000000000000000000000000000000000000000000000000000000000000000000000000000000011111111111111111100000000000000000000000000000000000000000000000000000000000000000000011000000000000000000000000000000
0000000000000000000000000000000000000000110000000000000000000000000000000000000000000000000000000000000000000000000000000000000000001100001100011111111100000000000000000000000000000000000000000000000000000000000000000000000001100000000000000000000000000000
0000000000000000000000000000000000000000110000000000000000000000000000000000000000000000000000000000000000000000000000000000000000011111011100000000000000000000000000000000000000000000000000000000000000000000000000000000000001100000000000000000000000000000
0000000000000000000000000000000000000000110000000000000000000000000000000000000000000000000000000000000000000000000000000000000000011111111000000000000000000000000000000000000000000000000000000000000000000000000000000000000001100000000000000000000000000000
0000000000000000000000000000000000000000110000000000000000000000000000000000000000000000000000000000000000000000000000000000000000111001100000000000000000000000000000000000000000000000000000000000000000000000000000000000000001100000000000000000000000000000
0000000000000000000000000000000000000000111000000000000000000000000000000000000000000000000000000000000000000000000000000000011001110000000000000000000000000000000000000000000000000000000000000000000000000000000000000000000001100000000000000000000000000000
0000000000000000000000000000000000000000011000000000000000000000000000000000000000000000000000000000000000000000000000000000111111110000000000000000000000000000000000000000000000000000000000000000000000000000000000000000000001100000000000000000000000000000
0000000000000000000000000000000000000000011100000000000000000000000000000000000000000000000000000000000000000000000000000001110110000000000000000000000000000000000000000000000000000000000000000000000000000000000000000000000001100000000000000000000000000000
0000000000000000000000000000000000000000001100000000000000000000000000000000000000000000000000000000000000000000000000000001100000000000000000000000000000000000000000000000000000000000000000000000000000000000000000000000000000110000000000000000000000000000
0000000000000000000000000000000000000000011100000000000000000000000000000000000000000000000000000000000000000000000000000001100000000000000000000000000000000000000000000000000000000000000000000000000000000000000000000000000000110000000000000000000000000000
0000000000000000000000000000000000000111111000000000000000000000000000000000000000000000000000000000000000000000000000000011100000000000000000000000000000000000000000000000000000000000000000000000000000000000000000000000000011110000000000000000000000000000
0000000000000000000000000000000000111111111000000000000000000000000000000000000000000000000000000000000000000000000000000111000000000000000000000000000000000000000000000000000000000000000000000000000000000000000000000000000111111000000000000000000000000000
0000000000000000000000000000000111111100011100000000000000000000000000000000000000000000000000000000000000000000000000000110000000000000000000000000000000000000000000000000000000000000000000000000000000000000000000000000000110011100000000000000000000000000
0000000000000000000000000000001111000000001100000000000000000000000000000000000000000000000000000000000000000000000000000110000000000000000000000000000000000000000000000000000000000000000000000000000000000000000000000000001110001111111100001100000000000000
0000000000000000000000000001111100000000000110000000000000000000000000000000000000000000000000000000000000000000000000000110000000000000000000000000000000000000000000000000000000000000000000000000000000000000000000000000111100000111111111111111110000000000
0000000000000000000000000111110000000000000111000000000000000000000000000000000000000000000000000000000000000000000000000110000000000000000000000000000000000000000000000000000000000000000000000000000000000000000000000001110000000000000111111011111000000000
0000000000000000000000001110000000000000000011000000000000000000000000000000000000000000000000000000000000000000000000001110000000000000000000000000000000000000000000000000000000000000000000000000000000000000000000000001100000000000000000000000011100000000
0000000000000000000000111100000000000000000011000000000000000000000000000000000000000000000000000000000000000000000000011100000000000000000000000000000000000000000000000000000000000000000000000000000000000000000000000000000000000000000000000000001100000000
0000000000000000000011110000000000000000000011000000000000000000000000000000000000000000000000000000000000000000000000111000000000000000000000000000000000000000000000000000000000000000000000000000000000000000000000000000000000000000000000000000011100000000
0000000000000000001111100000000000000000000011000000000000000000000000000000000000000000000000000000000000000000000000110000000000000000000000000000000000000000000000000000000000000000000000000000000000000000000000000000000000000000000000000000011000000000
0000000000000001111110000000000000000000000011000000000000000000000000000000000000000000000000000000000000000000000000110000000000000000000000000000000000000000000000000000000000000000000000000000000000000000000000000000000000000000000000000000011000000000
0000000000000011110000000000000000000000000011000000000000000000000000000000000000000000000000000000000000000000000001110000000000000000000000000000000000000000000000000000000000000000000000000000000001000000000000000000000000000000000000000000011000000000
0000000000000111000000000000000000000000000011100000000000000000000000000000000000000000000000000000000000000000000000111100000000000000000000000000000000000000000000000000000000000000000000000000000011000000000000000000000000000000000000000000011100000000
0000000000011110000000000000000000000000000001111000000000000000000000000000000000000000000000000000000000000000000000111110000000000000000000000000000000000000000000000000000000000000000000000000000001100000000000000000000000000000000000000000001100000000
0000000000111100000000000000000000000000000000011100000000000000000000000000000000000000000000000000000000000000000000000111000000000000000000000000000000000000000000000000000000000000000000000000000001100000000000000000000000000000000000000000001100000000
0000000000010000000000000000000000000000000000001110000000000000000000000000000000000000000000000000000000000000000000000011111000000000000000000000000000000000000000000000000000000000000000000000000001100000000000000000000000000000000000000000001100000000
0000000000000000000000000000000000000000000000000110000000000000000000000000000000000000000000000000000000000000000000000001111000000000000000000000000000000000000000000000000000000000000000000000000001100000000000000000000000000000000000000000011000000000
0000000000000000000000000000000000000000000000000111000000000000000000000000000000000000000000000000000000000000000000000000011000000000000000000000000000000000000000000000000000000000000000000000000001100000000000000000000000000000000000000000011000000000
0000000000000000000000000000000000000000000000000011000000000000000000000000000000000000000000000000000000000000000000000000111000000000000000000000000000000000000000000000000000000000000000000000000001100000000000000000000000000000000000000000011000000000
0000000000000000000000000000000000000000000000000011000000000000000000000000000000000000000000000000000000000000000000000000110000000000000000000000000000000000000000000000000000000000000000000000000001110000000000000000000000000000000000000000011000000000
0000000000000000000000000000000000000000000000000011000000000000000000000000000000000000000000000000000000000000000000000001110000000000000000000000000000000000000000000000000000000000000000000000000000110000000000000000000000000000000000000000011000000000
0000000000000000000000000000000000000000000000000001100000000000000000000000000000000000000000000000000000000000000000000000110000000000000000000000000000000000000000000000000000000000000000000000000000111000000000000000000000000000000000000000011000000000
0000000000000000000000000000000000000000000000000001110000000000000000000000000000000000000000000000000000000000000000000000110000000000000000000000000000000000000000000000000000000000000000000000000000011000000000000000000000000000000000000000110000000000
0000000000000000000000000000000000000000000000000000111000000000000000000000000000000000000000000000000000000000000000000000011000000000000000000000000010000000000000000000000000000000000000000000000000011100000000000000000000000000000000000000110000000000
0000000000000000000000000000000000000000000000000000011100000000000000000000000000000000000000000000000000000000000000000000011000000000000000000000000110000000000000000000000000000000000000000000000000001100000000000000000000000000000000000000111000000000
0000000000000000000000000000000000000000000000000000001111000000000000000000000000000000000000000000000000000000000000000000011000000000000000000000000110000000000000000000000000000000100000000000000000000110000000000000000000000000000000000000011000000000
0000000000000000000000000000000000000000000000000000000111110000000000000000000000000000000000000000000000000000000000000000011000000000000000000000000110000000000000000000000000000000110000000000000000000110000000000000000000000000000000000000011100000000
0000000000000000000000000000000000000000000000000000000001111000000000000000000000000000000000000000000000000000000000000000011000000000000000000000001100000000000000000000000000000000110000000000000000001100000000000000000000000000000000000000001100000000
0000000000000000000000000000000000000000000000000000000000011100000000000000000000000000000000000000000000000000000000000000011000000000000000000000001100000000000000000000000000000000110000000000000000001100000000000000000000000000000000000000001100000000
0000000000000000000000000000000000000000000000000000000000000110000000000000000000000000000000000000000000000000000000000000011000000000000000000000001100000000000000000000000000000000110000000000000000111000000000000000000000000000000000000000001100000000
0000000000000000000000000000000000000000000000000000000000000110000000000000000000000000000000000000000000000000000000000000001100000000000000000000011000000000000000000000000000000000110000000000000001110000000000000000000000000000000000000000001100000000
0000000000000000000000000000000000000000000000000000000000000011000000000000000000000000000000000000000000000000000000000000001110000000000000000000011000000000000000000000000000000000111000000000000111100000000000000000000000000000000000000000001110000000
0000000000000000000000000000000000000000000000000000000000000011100000000000000000000000000000000000000000000000000000000000000110000000000000000000110000000000000001111000000000000000011100000000011110000000000000000000000000000000000000000000000111000000
0000000000000000000000000000000000000000000000000000000000000001111000000000000000000000000000000000000000000000000000000000000011000000000000000001110000000000000111111000000000000000001100000000111100000000000000000000000000000000000000000000000011000000
0000000000000000000000000000000000000000000000000000000000000000011100000000000000000000000000000000000000000000000000000000000011000000000000000011100111111111111110000000000000000000000110111001110000000000000000000000000000000000000000000000000011000000
0000000000000000000000000000000000000000000000000000000000000000001110000000000000000000000000000000000000000000000000000000000011000000000000001111111111111111111000000000000000000000000111111011100000000000000000000000000000000000000000000000000001110000
0000000000000000000000000000000000000000000000000000000000000000000110000000000000000000000000000000000000000000000000000000000011100000000000011111111100000000000000000000000000000000000011111111000000000000000000000000000000000000000000000000000000111000
0000000000000000000000000000000000000000000000000000000000000000000111000000000000000000000000000000000000000000000000000000000001110000000011111111000000000000000000000000000000000000000000011110000000000000000000000000000000000000000000000000000000011000
0000000000000000000000000000000000000000000000000000000000000000000011000000000000000000000000000000000000000000000000000000000000111000000111111000000000000000000000000000000000000000000000011100000000000000000000000000000000000000000000000000000000011100
0000000000000000000000000000000000000000000000000000000000000000000011000000000000000000000000000000000000000000000000000000000000011100001100000000000000000000000000000000000000000000000000111000000000000000000000000000000000000000000000000000000000011110
0000000000000000000000000000000000000000000000000000000000000000000011000000000000000000000000000000000000000000000000000000000000001100001100000000000000000000000000000000000000000000000001110000000000000000000000000000000000000000000000000000000000001110
0000000000000000000000000000000000000000000000000000000000000000000011000000000000000000000000000000000000000000000000000000000000001100001100000000000000000000000000000000000000000000000001110000000000000000000000000000000000000000000000000000000000000110
0000000000000000000000000000000000000000000000000000000000000000000011000000000000000000000000000000000000000000000000000000000000011000111100000000000000000000000000000000000000000000000000111000000000000000000000000000000000000000000000000000000000000110
0000000000000000000000000000000000000000000000000000000000000000000001100000000000000000000000000000000000000000000000000000000000011001111000000000000000000000000000000000000000000000000000011100000000000000000000000000000000000000000000000000000000001110
0000000000000000000000000000000000000000000000000000000000000000000001110000000000000000000000000000000000000000000000000000000000011011100000000000000000000000000000000000000000000000000000001100000000000000000000000000000000000000000000000000000000001100
0000000000000000000000000000000000000000000000000000000000000000000000111000000000000000000000000000000000000000000000000000000000011111000000000000000000000000000000000000000000000000000000000110000000000000000000000000000000000000000000000000000000001100
0000000000000000000000000000000000000000000000000000000000000000000000011100000000000000000000000000000000000000000000000000000000001110000000000000000000000000000000000000000000000000000000000110000000000000000000000000000000000000000000000000000000001100
0000000000000000000000000000000000000000000000000000000000000000000000001110000000000000000000000000000000000000000000000000000000000110000000000000000000000000000000000000000000000000000000000011000000000000000000000000000000000000000000000000000000001100
0000000000000000000000000000000000000000000000000000000000000000000000000110000000000000000000000000000000000000000000000000000000000110000000000000000000000000000000000000000000000000000000000011000000000000000000000000000000000000000000000000000000001100
0000000000000000000000000000000000000000000000000000000000000000000000000011000000000000000000000000000000000000000000000000000000000110000000000000000000000000000000000000000000000000000000000011000000000000000000000000000000000000000000000000000000000110
0000000000000000000000000000000000000000000000000000000000000000000000000011000000000000000000000000000000000000000000000000000000001100000000000000000000000000000000000000000000000000000000000011100000000000000000000000000000000000000000000000000000000110
0000000000000000000000000000000000000000000000000000000000000000000000000011000000000000000000000000000000000000000000000000000000011100000000000000000000000000000000000000000000000000000000000001100000000000000000000000000000000000000000000000000000001110
0000000000000000000000000000000000000000000000000000000000000000000000000001100000000000000000000000000000000000000000000000000000001110000000000000000000000000000000000000000000000000000000000001110000000000000000000000000000000000000000000000000000111100
0000000000000000000000000000000000000000000000000000000000000000000000000001100000000000000000000000000000000000000000000000000000000111100000000000000000000000000000000000000000000000000000000000110000000000000000000000000000000000000000000000000001110000
0000000000000000000000000000000000000000000000000000000000000000000000000001100000000000000000000000000000000000000000000000000000000001100000000000000000000000000000000000000000000000000000000000111000000000000000000000000000000000000000000000000001100000
0000000000000000000000000000000000000000000000000000000000000000000000000001100000000000000000000000000000000000000000000000000000000000110000000000000000000000000000000000000000000000000000000000011100000000000000000000000000000000000000000000000011000000
0000000000000000000000000000000000000000000000000000000000000000000000000000110000000000000000000000000000000000000000000000000000000000110000000000000000000000000000000000000000000000000000000000001110000000000000000000000000000000000000000000000011000000
0000000000000000000000000000000000000000000000000000000000000000000000000000111000000000000000000000000000000000000000000000000000000001110000111100000000000000000000000000000000000000000000000000000110000000000000000000000000000000000000000000000110000000
0000000000000000000000000000000000000000000000000000000000000000000000000000011100000000000000000000000000000000000000000000000000000011111111111111000000000000000000000000000000000000000000000000000110000000000000000000000000000000000000000000000110000000
0000000000000000000000000000000000000000000000000000000000000000000000000000001110000000000000000000000000000000000000000000000000000011011111000111111000000000000000000000000000000000000000000000000011000000000000000000000000000000000000000000001110000000
0000000000000000000000000000000000000000000000000000000000000000000000000000000110000000000000000000000000000000000000000000000000000111000000000000111111110110000000000000000000000000000000000000000011110000000000000000000000000000000000000000001100000000
0000000000000000000000000000000000000000000000000000000000000000000000000000000011000000000000000000000000000000000000000000000000000110000000000000001111111111000000000000000000000000000000000000000000111000000000000000000000000000000000000000011000000000
0000000000000000000000000000000000000000000000000000000000000000000000000000000011000000000000000000000000000000000000000000000000011110000000000000000000011000000000000000000000000000000000000000000000011000000000000000000000000000000000000000011000000000
0000000000000000000000000000000000000000000000000000000000000000000000000000000011000000000000000000000000000000000000000000000000111000000000000000000000000000000000000000000000000000000000000000000000011000000000000000000000000000000000000000011000000000
0000000000000000000000000000000000000000000000000000000000000000000000000000000011000000000000000000000000000000000000000000000001110000000000000000000000000000000000000000000000000000000000000000000000011000000000000000000000000000000000000000001100000000
0000000000000000000000000000000000000000000000000000000000000000000000000000000011000000000000000000000000000000000000000000000001100000000000000000000000000000000000000000000000000000000000000000000000001100000000000000000000000000000000000000001100000000
0000000000000000000000000000000000000000000000000000000000000000000000000000000011000000000000000000000000000000000000000000000001100000000000000000000000000000000000000000000000000000000000000000000000001110000000000000000000000000000000000000001100000000
0000000000000000000000000000000000000000000000000000000000000000000000000000000011000000000000000000000000000000000000000000000001100000000000000000000000000000000000000000000000000000000000000000000000000110000000000000000000000000000000000000001100000000
0000000000000000000000000000000000000000000000000000000000000000000000000000000011000000000000000000000000000000000000000000000001100000000000000000000000000000000000000000000000000000000000000000000000000111000000000000000000000000000000000000001100000000
0000000000000000000000000000000000000000000000000000000000000000000000000000000011000000000000000000000000000000000000000000000011000000000000000000000000000000000000000000000000000000000000000000000000000011000000000000000000000000000000000000001100000000
0000000000000000000000000000000000000000000000000000000000000000000000000000000001110000000000000000000000000000000000000000111111000000000000000000000000000000000000000000000000000000000000000000000000000011000000000000000000000000000000000000001100000000
0000000000000000000000000000000000000000000000000000000000000000000000000000000001111110000000000000000000000000000000000011111110000000000000000000000000000000000000000000000000000000000000000000000000000011000000000000000000000000000000000000001100000000
0000000000000000000000000000000000000000000000000000000000000000000000000000000000011111100000000000000000000000000000000111000110000000000000000000000000000000000000000000000000000000000000000000000000000001110000000000000000000000000000000000001110000000
0000000000000000000000000000000000000000000000000000000000000000000000000000000000000011110000000000000000000000000000001110000111100000000000000000000000000000000000000000000000000000000000000000000000000001111000000000000000000000000000000000000110000000
0000000000000000000000000000000000000000000000000000000000000000000000000000000000000000110000000000000000000000000000001100000111110000000000000000000000000000000000000000000000000000000000000000000000000001111100000000000000000000000000000000000110000000
0000000000000000000000000000000000000000000000000000000000000000000000000000000000000000110000000000000000000000000000011000000011000000000000000000000000000000000000000000000000000000000000000000000000000111101100000000000000000000000000000000000011000000
0000000000000000000000000000000000000000000000000000000000000000000000000000000000000000111000000000000000000000000000011000000001100000000000000000000000000000000000000000000000000000000000000000000000011110001100000000000000000000000000000000000011000000
0000000000000000000000000000000000000000000000000000000000000000000000000000000000000000110000000000000000000000000000110000000001111000000000000000000000000000000000000000000000000000000000000000000001111000000110000000000000000000000000000000000011100000
0000000000000000000000000000000000000000000000000000000000000000000000000000000000000000110000000000000000000000000001110000000000011111000000000000000000000000000000000000000000000000000000000000001111100000000111000000000000000000000000000000000001110000
0000000000000000000000000000000000000000000000000000000000000000000000000000000000000000110000000000000000000000011111100000000000000111111000000000000000000000000000000000000000000000000000000000111110000000000011000000000000000000000000000000000000111000
0000000000000000000000000000000000000000000000000000000000000000000000000000000000000000011000000000000000000001111110000000000000000000111110000000000000000000000000000000000000000000000000000011110000000000000011100000000000000000000000000000000000011100
0000000000000000000000000000000000000000000000000000000000000000000000000000000000000000011000000000000000000111100000000000000000000000000110000000000000000000000000000000000000000000000000000111000000000000000000110000000000000000000000000000000000001110
0000000000000000000000000000000000000000000000000000000000000000000000000000000000000000011000000000000000001111000000000000000000000000000000000000000000000000000000000000000000000000000000000000000000000000000000111100000000000000000000000000000000000111
0000000000000000000000000000000000000000000000000000000000000000000000000000000000000000001100000000000000011100000000000000000000000000000000000000000000000000000000000000000000000000000000000000000000000000000000001110000000000000000000000000000000000011
0000000000000000000000000001100000000000000000000000000000000000000000000000000000000000001110000000000000111000000000000000000000000000000000000000000000000000000000000000000000000000000000000000000000000000000000000110000000000000000000000000000000000001
0000000000000000000000000001100000000000000000000000000000000000000000000000000000000000000111000000000001110000000000000000000000000000000000000000000000000000000000000000000000000000000000000000000000000000000000000110000000000000000000000000000000000000
0000000000000000000000000000110000000000000000000000000000000000000000000000000000000000000011000000000011100000000000000000000000000000000000000000000000000000000000000000000000000000000000000000000000000000000000000110000000000000000000000000000000000000
0000000000000000000000000000111000000000000000000000000000000000000000000000000000000000000011100000000111000000000000000000000000000000000000000000000000000000000000000000000000000000000000000000000000000000000000000011000000000000000000000000000000000000
0000000000000000000000000000011000000000000000000000000000000000000000000000000000000000000001100000001110000000000000000000000000000000000000000000000000000000000000000000000000000000000000000000000000000000000000000011110000000000000000000000000000000000
0000000000000000000000000000001100000000000000000000000000000000000000000000000000000000000011100000111100000000000000000000000000000000000000000000000000000000000000000000000000000000000000000000000000000000000000000000111000000000000000000000000000000000
0000000000000000000000000000001100000000000000000000000000000000000000000000000000000000000011000011110000000000000000000000000000000000000000000000000000000000000000000000000000000000000000000000000000000000000000000000011000000000000000000000000000000000
0000000000000000000000000000000110000000000000000000000000000000000000000000000000000000000111001111000000000000000000000000000000000000000000000000000000000000000000000000000000000000000000000000000000000000000000000000011000000000000000000000000000000000
0000000000000000000000000000000110000000000000000000000000000000000000000000000000000000001110011100000000000000000000000000000000000000000000000000000000000000000000000000000000000000000000000000000000000000000000000000011100000000000000000000000000000000
0000000000000000000000000000000110000000000000000000000000000000000000000000000000000000011100111000000000000000000000000000000000000000000000000000000000000000000000000000000000000000000000000000000000000000000000000000001111000000000000000000000000000000
0000000000000000000000000000000011000000000000000000000000000000000000000000000000000000111000110000000000000000000000000000000000000000000000000000000000000000000000000000000000000000000000000000000000000000000000000000000011000000000000000000000000000000
0000000000000000000000000000000011100000000000000000000000000000000000000000000000000001110001100000000000000000000000000000000000000000000000000000000000000000000000000000000000000000000000000000000000000000000000000000000011100000000000000000000000000000
0000000000000000000000000000000001100000000000000000000000000000000000000000000000000001100111100000000000000000000000000000000000000000000000000000000000000000000000000000000000000000000000000000000000000000000000000000000001100000000000000000000000000000
0000000000000000000000000000011111110000000000000000000000000000000000000000000000000001101110000000000000000000000000000000000000000000000000000000000000000000000000000000000000000000000000000000000000000000000000000000000001100000000000000000000000000000
0000000000000000000000000000011111111000000000000000000000000000000000000000000000000011111100000000000000000000000000000000000000000000000000000000000000000000000000000000000000000000000000000000000000000000000000000000000000110000000000000000000000000000
0000000000000000000000000001110011111111111110000000000000000000000000000000000000000011110000000000000000000000000000000000000000000000000000000000000000000000000000000000000000000000000000000000000000000000000000000000000000111000000000000000000000000000
0000000000000000000000000011100000011111111111100000000000000000000000000000000000000011000000000000000000000000000000000000000000000000000000000000000000000000000000000000000000000000000000000000000000000000000000000000000000011100000000000000000000000000
0000000000000000000000000111000000000000000001110000000000000000000000000000000000000011000000000000000000000000000000000000000000000000000000000000000000000000000000000000000000000000000000000000000000000000000000000000000000001110000000000000000000000000
0000000000000000000000000110000000000000000000111000000000000000000000000000000000000011000000000000000000000000000000000000000000000000000000000000000000000000000000000000000000000000000000000000000000000000000000000000000000000110000000000000000000000000
0000000000000000000000001110000000000000000000011100000000000000000000000000000000000011000000000000000000000000000000000000000000000000000000000000000000000000000000000000000000000000000000000000000000000000000000000000000000000011000000000000000000000000
0000000000000000000000011100000000000000000000001110000000000000000000000000000000000011000000000000000000000000000000000000000000000000000000000000000000000000000000000000000000000000000000000000000000000000000000000000000000000011000000000000000000000000
0000000000000000000000011000000000000000000000000111000000000000000000000000000000000011100000000000000000000000000000000000000000000000000000000000000000000000000000000000000000000000000000000000000000000000000000000000000000000001100000000000000000000000
0000000000000000000000111000000000000000000000000011111111111100000000000000000000000001100000000000000000000000000000000000000000000000000000000000000000000000000000000000000000000000000000000000000000000000000000000000000000000001100000000000000000000000
0000000000000000000000110000000000000000000000000001111111111110000000000000000000000001100000000000000000000000000000000000000000000000000000000000000000000000000000000000000000000000000000000000000000000000000000000000000000000001100000000000000000000000
0000000000000000000001110000000000000000000000000000000000000111110000000000000000111001100000000000000000000000000000000000000000000000000000000000000000000000000000000000000000000000000000000000000000000000000000000000000000000001100000000000000000000000
0000000000000000000011100000000000000000000000000000000000000011111100000000111111111111110000000000000000000000000000000000000000000000000000000000000000000000000000000000000000000000000000000000000000000000000000000000000000000001100000000000000000000000
0000000000000000000011000000000000000000000000000000000000000000011111111111111111001111110000000000000000000000000000000000000000000000000000000000000000000000000000000000000000000000000000000000000000000000000000000000000000000000110000000000000000000000
0000000000000000000000000000000000000000000000000000000000000000000111111111100100000001100000000000000000000000000000000000000000000000000000000000000000000000000000000000000000000000000000000000000000000000000000000000000000000000110000000000000000000000
0000000000000000000000000000000000000000000000000000000000000000000000000000000000000000110000000000000000000000000000000000000000000000000000000000000000000000000000000000000000000000000000000000000000000000000000000000000000000000110000000000000000000000
0000000000000000000000000000000000000000000000000000000000000000000000000000000000000000110000000000000000000000000000000000000000000000000000000000000000000000000000000000000000000000000000000000000000000000000000000000000000000000110000000000000000000000
0000000000000000000000000000000000000000000000000000000000000000000000000000000000000000110000000000000000000000000000000000000000000000000000000000000000000000000000000000000000000000000000000000000000000000000000000000000000000000011000000000000000000000
0000000000000000000000000000000000000000000000000000000000000000000000000000000000000000111100000000000000000000000000000000000000000000000000000000000000000000000000000000000000000000000000000000000000000000000000000000000000000000011110000000000000000000
0000000000000000000000000000000000000000000000000000000000000000000000000000000000000000011111000000000000000000000000000000000000000000000000000000000000000000000000000000000000000000000000000000000000000000000000000000000000000000000111000000000000000000
0000000000000000000000000000000000000000000000000000000000000000000000000000000000000000000111100000000000000000000000000000000000000000000000000000000000000000000000000000000000000000000000000000000000000000000000000000000000000000000011100000000000000000
0000000000000000000000000000000000000000000000000000000000000000000000000000000000000000000001100000000000000000000000000000000000000000000000000000000000000000000000000000000000000000000000000000000000000000000000000000000000000000000001111000000000000000
0000000000000000000000000000000000000000000000000000000000000000000000000000000000000000000001110000000000000000000000000000000000000000000000000000000000000000000000000000000000000000000000000000000000000000000000000000000000000000000000111100000000000000
0000000000000000000000000000000000000000000000000000000000000000000000000000000000000000000001100000000000000000000000000000000000000000000000000000000000000000000000000000000000000000000000000000000000000000000000000000000000000000000000001110000000000000
0000000000000000000000000000000000000000000000000000000000000000000000000000000000000000000001100000000000000000000000000000000000000000000000000000000000000000000000000000000000000000000000000000000000000000000000000000000000000000000000000110000000000000
0000000000000000000000000000000000000000000000000000000000000000000000000000000000000000000011100000000000000000000000000000000000000000000000000000000000000000000000000000000000000000000000000000000000000000000000000000000000000000000000000111111000000000
0000000000000000000000000000000000000000000000000000000000000000000000000000000000000000000111000000000000000000000000000000000000000000000000000000000000000000000000000000000000000000000000000000000000000000000000000000000000000000000000000011111000000000
0000000000000000000000000000000000000000000000000000000000000000000000000000000000000000001110000000000000000000000000000000000000000000000000000000000000000000000000000000000000000000000000000000000000000000000000000000000000000000000000000000001100000000
0000000000000000000000000000000000000000000000000000000000000000000000000000000000000000011100000000000000000000000000000000000000000000000000000000000000000000000000000000000000000000000000000000000000000000000000000000000000000000000000000000001110000000
0000000000000000000000000000000000000000000000000000000000000000000000000000000000000000111000000000000000000000000000000000000000000000000000000000000000000000000000000000000000000000000000000000001100000000000000000000000000000000000000000000000110000000
0000000000000000000000000000000000000000000000000000000000000000000000000000000000000001110000000000000000000000000000000000000000000000000000000000000000000000000000000000000000000000000000000000001110000000000000000000000000000000000000000000000011000000
0000000000000000000000000000000000000000000000000000000000000000000000000000000000000001100000000000000000000000000000000000000000000000000000000000000000000000000000000000000000000000000000000000000110000000000000000000000000000000000000000000000011000000
0000000000000000000000000000000000000000000000000000000000000000000000000000000000000001100000000000000000000000000000000000000000000000000000000000000000000000000000000000000000000000000000000000000011000000000000000000000000000000000000000000000011100000
0000000000000000000000000000000000000000000000000000000000000000000000000000000000000001110000000000000000000000000000000000000000000000000000000000000000000000000000000000000000000000000000000000000011000000000000000000000000000000000000000000000001111100
0000000000000000000000000000000000000000000000000000000000000000000000000000000000000000111000000000000000000000000000000000000000000000000000000000000000000000000000000000000000000000000000000000000011000000000000000000000000000000000000000000000000111110
0000000000000000000000000000000000000000000000000000000000000000000000000000000000000000011000000000000000000000000000000000000000000000000000000000000000000000000000000000000000000000000000000000000011000000000000000000000000000000000000000000000000000111
0000000000000000000000000000000000000000000000000000000000000000000000000000000000000000001100000000000000000000000000000000000000000000000000000000000000000000000000000000000000000000000000000000000011000000000000000000000000000000000000000000000000000011
0000000000000000000000000000000000000000000000000000000000000000000000000000000000000000001110000000000000000000000000000000000000000000000000000000000000000000000000000000000000000000000000000000000011000000000000000000000000000000000000000000000000000001
0000000000000000000000000000000000000000000000000000000000000000000000000000000000000000000111000000000000000000000000000000000000000000000000000000000000000000000000000000000000000000000000000000000011000000000000000000000000000000000000000000000000000000
0000000000000000000000000000000000000000000000000000000000000000000000000000000000000000000011000000000000000000000000000000000000000000000000000000000000000000000000000000000000000000000000000000000011000000000000000000000000000000000000000000000000000000
0000000000000000000000000000000000000000000000000000000000000000000000000000000000000000000011000000000000000000000000000000000000000000000000000000000000000000000000000000000000000000000000000000000001100000000000000000000000000000000000000000000000000000
0000000000000000000000000000000000000000000000000000000000000000000000000000000000000000000011000000000000000000000000000000000000000000000000000000000000000000000000000000000000000000000000000000000001110000000000000000000000000000000000000000000000000000
0000000000000000000000000000000000000000000000000000000000000000000000000000000000000000000011000000000000000000000000000000000000000000000000000000000000000000000000000000000000000000000000000000000000111000000000000000000000000000000000000000000000000000
0000000000000000000000000000000000000000000000000000000000000000000000000000000000000000000110000000000000000000000000000000000000000000000000000000000000000000000000000000000000000000000000000000000000011000000000000000000000000000000000000000000000000000
0000000000000000000000000000000000000000000000000000000000000000000000000000000000000000000110000000000000000000000000000000000000000000000000000000000000000000000000000000000000000000000000000000000000011000000000000000000000000000000000000000000000000000
0000000000000000000000000000000000000000000000000000000000000000000000000000000000000000000110000000000000000000000000000000000000000000000000000000000000000000000000000000000000000000000000000000000000011000000000000000000000000000000000000000000000000000
0000000000000000000000000000000000000000000000000000000000000000000000000000000000000000001110000000000000000000000000000000000000000000000000000000000000000000000000000000000000000000000000000000000000011000000000000000000000000000000000000000000000000000
