0000000001100000000000000000111000000000000000000000000000000000000000000000000000000000000000000000000000000000000000000000000000000011000000000000000000000000000000000000000000000011000000000000000000000110000000000000000000000000000000000000000000000000
0000000001100000000000000000011000000000000001111111000000000000000000000000000000000000000000000000000000000000000000000000000000000011000000000000000000000000000000000000000000000011100000000000000000000110000000000000000000000000000000000000000000000000
0000000000110000000000000000011110000000000111111111110000000000000000000000000000000000000000000000000000000000000000000000000000000011000000000000000000000000000000000000000000000001110000000000000000000110000000000000000000000000000000000000000000000000
0000000000111000000000000000001111000000001110000000111000000000000000000000000000000000000000000000000000000000000000000000000000000011000000000000000000000000000000000000000000000000111000000000000000000110000000000000000000000000000000000000000000000000
0000000000011000000000000000011011110000011100000000011110000000000000000000000000000000000000000000000000000000000000000000000000000011000000000000000000000000000000000000000000000000011100000000000000000110000000000000000000000000000000000000000000000000
0000000000011000000000000000011000111001111000000000000111000000000000000000000000000000000000000000000000000000000000000000000000000011000000000000000000000000000000000000000000000000001110000000000000000111111000000000000000000000000000000000000000000000
0000000000011000000000000000110000011111100000000000000011110000000000000000000000000000000000000000000000000000000000000000000000000011000000000000000000000000000000000000000000000000000110000000000000000111111000000000000000000000000000000000000000000000
0000000000011000000000000000110000001111000000000000000000111000000111100000000000000000000000000000000000000000000000000000000000000011000000000000000000000000000000000000000000000000000011100000000000000011101111000000000000000000000000000000000000000000
0000000000110000000000000000110000001110000000000000000000011110001111111100000000000000000000000000000000000000000000000000000000000111000000000000000000000000000000000000000000000000000011100000000000000000001111000000000000000000000000000000000000000000
0000000001110000000000000000110000000000000000000000000000001111011100011111000000000000000000000000000000000000000000000000000000000110000000000000000000000000000000000000000000000000000000110000000000000000000011000000000001000000000000000000000000000000
0000000011100000000000000000110000000000000000000000000000000011111000000011000000000000000000000000000000000000000000000000000000001110000000000000000000000000000000000000000000000000000000111000000000000000000011000000000011100000000000000000000000000000
0000000111000000000000000000110000000000000000000000000000000000110000000000000000000000000000000000000000000000000000000000000000001100000000000000000000000000000000000000000000000000000000011100000000000000000110000000000011000000000000000000000000000000
0000001110000000000000000000110000000000000000000000000000000000000000000000000000000000000000000000000000000000000000000000000000001100000000000000000000000000000000000000000000000000000000001110000000000000000110000000000011000000000000000000000000000000
0000001100000000000000000000110000000000000000000000000000000000000000000000000000000000000000000000000000000000000000000000000000001100000000000000000000000000000000000000000000000000000000000110000000001110001100000000001110000000000000000000000000000000
0000011100000000000000000000110000000000000000000000000000000000000000000000000000000000000000000000000000000000000000000000000000001100000000000000000000000000000000000000000000000000000000000110000000011111001100000000001100000000000000000000000000000000
0000011000000000000000000001110000000000000000000000000000000000000000000000000000000000000000000000000000000000000000000000000000001100000000000000000000000000000000000000000000000000000000000110000000011011111100000000111000000000000000000000000000000000
0000011000000000000000000001100000000000000000000000000000000000000000000000000000000000000000000000000000000000000000000000000000001110111110000000000000000000000000000000000000000000000000000110000000111001111000000111110000000000000000000000000000000000
0000011000000000000000000001100000000000000000000000000000000000000000000000000000000000000000000000000000000000000000000000000000001111111111000000000000000000000000000000000000000000000000000110000000110000001111101111100000000000000000000000000000000000
0000011000000000000000000001100000000000000000000000000000000000000000000000000000000000000000000000000000000000000000000000000000011011100011100000000000000000000000000000000000000000000000000110000001110011111111111110000000000000000000000000000000000000
0000011000000000000000000001100000000000000000000000000000000000000000000000000000000000000000000000000000000000000000000000000000111000000001100000000000000011110000000000000000000000000000000011000001111111110000111111000000000000000000000000000000000000
0000011000000000000000000001100000000000000000000000000000000000000000000000000000000000000000000000000000000000000000000000000001110000000001110000000111111111111000000000000000000000000000000011100011111100000000000111111100000000000000000000000000000000
0000011000000000000000000001100000000000000000000000000000000000000000000000000000000000000000000000000000000000000000000000000001111000000000111000001111111100011100000000000000000000000000000001110111000000000000000001111111000000000000000000000000000000
0000011000000000000000000001100000000000000000000000000000000000000000000000000000000000000000000000000000000000000000000000000000111100000000011100011100000000001110000000000000000000000000000000111110000000000000000000000011100000000000000000000000000000
0000011000000000000000000000110000000000000000000000000000000000000000000000000000000000000000000000000000000000000000000000000000001100000000001110011000000000000111000000000000000000000000000000111100000000000000000000000001110000000000000000000000000000
0000110000000000000000000000110000000000000000000000000000000000000000000000000000000000000000000000000000000000000000000000000000001100000000000111111000000000000011110000000000000000000000000011111000000000000000000000000000111100000000000000000000000000
0000110000000000000000000000110000000000000000000000000000000000000000000000000000000000000000000000000000000000000000000000000000001100000000000011110000000000000000111000000000000000000000001111100000000000000000000000000000001110000000000000000000000000
0001110000000000000000000000110000000000000000000000000000000000000000000000000000000000000000000000000000000000000000000000000000000110000000000001100000000000000000011110000000000000000111111110000000000000000000000000000000000110000000000000000000000000
0001100000000000000000000000110000000000000000000000000000000000000000000000000000000000000000000000000000000000000000000000000000000111000000000000000000000000000000001111100000000001111111111000000000000000000000000000000000000011100000000000000000000000
0001100000000000000000000000111000000000000000000000000000000000000000000000000000000000000000000000000000000000000000000000000000000011100000000000000000000000000000000011111111111111111100111000000000000000000000000000000000000001110000000000000000000000
0011000000000000000000000000011000000000000000000000000000000000000000000000000000000000000000000000000000000000000000000000000000000001110000000000000000000000000000000000111111111110000000011000000000000000000000000000000000000000110000000000000000000000
0011000000000000000000000000011100000000000000000000000000000000000000000000000000000000000000000000000000000000000000000000000000000001111000000000000000000000000000000000000000000000000000011100000000000000000000000000000000000000011000000000000000000000
0000000000000000000000000000001100000000000000000000000000000000000000000000000000000000000000000000000000000000000000000000000000000011111000000000000000000000000000000000000000000000000000001110000000000000000000000000000000000000011111110000000000000000
0000000000000000000000000000000110000000000000000000000000000000000000000000000000000000000000000000000000000000000000000000000000000111011100000000000000000000000000000000000000000000000000000110000000000000000000000000000000000000000111111000000000000000
0000000000000000000000000000000110000000000000000000000000000000000000000000000000000000000000000000000000000000000000000000000000001110001100000000000000000000000000000000000000000000000000000110000000000000000000000000000000000000000000000000000000000000
0000000000000000000000000000000110000000000000000000000000000000000000000000000000000000000000000000000000000000000000000000000000001100001110000000000000000000000000000000000000000000000000000011000000000000000000000000000000000000000000000000000000000000
0000000000000000000000000000000011000000000000000000000000000000000000000000000000000000000000000000000000000000000000000000000000001100000111100000000000000000000000000000000000000000000000000011000000000000000000000000000000000000000000000000000000000000
0000000000000000000000000000000011100000000000000000000000000000000000000000000000000000000000000000000000000000000000000000000000000110000001110000000000000000000000000000000000000000000000000011000000000000000000000000000000000000000000000000000000000000
0000000000000000000000000000000001110000000000000000000000000000000000000000000000000000000000000000000000000000000000000000000000000110000000110000000000000000000000000000000000000000000000000011000000000000000000000000000000000000000000000000000000000000
0000000000000000000000000000000000110000000000000000000000000000000000000000000000000000000000000000000000000000011000000000000000001100000000111111111000000000000000000000000000000000000000000011000000000000000000000000000000000000000000000000000000000000
0000000000000000000000000000000000110000000000000000000000000000000000000000000000000000000000000000001110111111111100000111110011111100000000011111111111100000000000000000000000000000000000000011000000000000000000000000000000000000000000000000000000000000
0000000000000000000000000000000000011000000000000000000000000000000000000000000000000000000000000000011111111111101100001111111111111000000000000000001111111100000000000000000000000000000000000011000000000000000000000000000000000000000000000000000000000000
0000000000000000000000000000000000011000000000000000000000000000000000000000000000000000000000000000011011100000001110001100011110010000000000000000000000011110000000000000000000000000000000000011000000000000000000000000000000000000000000000000000000000000
0000000000000000000000000000000000011100000000000000000000000000000000000000000000000000000000000000110000000000001111011100001000000000000000000000000000000110000000000000000000000000000000000001100000000000000000000000000000000000000000000000000000000000
0000000000000000000000000000000000001100000000000000000000000000000000000000000000000000000000000001110000000000000111111000000000000000000000000000000000000011000000000000000000000000000000000001100000000000000000000000000000000000000000000000000000000000
0000000000000000000000000000000000001100000000000000000000000000000000000000000000000000000000000001100000000000000001110000000000000000000000000000000000000011100000000000000000000000000000000001100000000000000000000000000000000000000000000000000000000000
0000000000000000000000000000000000001110000000000000000000000000000000000000000000000000000000000011100000000000000000110000000000000000000000000000000000000001100000000000000000000000000000000001100000000000000000000000000000000000000000000000000000000000
0000000000000000000000000000000000000110000000000000000000000000000000000000000000000000000000000111000000000000000000110000000000000000000000000000000000000001100000000000000000000000000000000001100000000000000000000000000000000000000000000000000000000000
0000000000000000000000000000000000000011000000000000000000000000000000000000000000000000000000111110000000000000000000110000000000000000000000000000000000000000110000000000000000000000000000000001100000000000000000000000000000000000000000000000000000000000
0000000000000000000000000000000000000011000000000000000000000000000000000000000000000000001111111000000000000000000000011000000000000000000000000000000000000000110000000000000000000000000000000001100000000000000000000000000000000000000000000000000000000000
0000000000000000000000000000000000000001100000000000000000000000000000000000000000000111111111100000000000000000000000011000000000000000000000000000000000000000110000000000000000000000000000000001100000000000000000000000000000000000000000000000000000000000
0000000000000000000000000000000000000001110000000000000000000000000000000000000000001111110000000000000000000000000000011000000000000000000000000000000000000000110000000000000000000000000000000001100000000000000000000000000000000000000000000000000000000000
0000000000000000000000000000000000000000110000000000000000000000000000000000000000111100000000000000000000000000000000111000000000000000000000000000000000000000110000000000000000000000000000000001100000000000000000000000000000000000000000000000000000000000
0000000000000000000000000000000000000000011000000000000000000000000000000000000001111000000000000000000000000000000000110000000000000000000000000000000000000000011000000000000000000000000000000001100000000000000000000000000000000000000000000000000000000000
0000000000000000000000000000000000000000011000000000000000000000000000000011111111100000000000000000000000000000000000110000000000000000000000000000000000000000011100000000000000000000000000000001100000000000000000000000000000000000000000000000000000000000
0000000000000000000000000000000000000000000000000000000000000000000000000111111111000000000000000000000000000000000001110000000000000000000000000000000000000000001110000000000000000000000000000011000000000000000000000000000000000000000000000000000000000000
0000000000000000000000000000000000000000000000000000000000000000000000011110000000000000000000000000000000000000000001100000000000000000000000000000000000000000000111000000000000000000000000000011000000000000000000000000000000000000000000000000000000000000
0000000000000000000000000000000000000000000000000000000000000000000001111100000000000000000000000000000000000000000011000000000000000000000000000000000000000000000011100000000000000000000000000000000000000000000000000000000000000000000000000000000000000000
0000000000000000000000000000000000000000000000000000000000000001111111100000000000000000000000000000000000000000000110000000000000000000000000000000000000000000000001100000000000000000000000000000000000000000000000000000000000000000001000000000000000000000
0000000000000000000000000000000000000000000000000000000000000011111111000000000000000000000000000000000000000000011110000000000000000000000000000000000000000000000000110000000000000000000000000000000000000000000000000000000000000000001100000000000000000000
0000000000000000000000000000000000000000000000000000000000001110000000000000000000000000000000000000000000000000111000000000000000000000000000000000000000000000000001110000000000000000000000000000000000000000000000000000000000000000001100000000000000000000
0000000000000000000000000000000000000000000000000000000000111100000000000000000000000000000000000000000000000000110000000000000000000000000000000000000000000000000001100000000000000000000000000000000000000000000000000000000000000000001100000000000000000000
0000000000000000000000000000000000000000000000000000000001111000000000000000000000000000000000000000000000000001100000000000000000000000000000000000000000000000000001100000000000000000000000000000000000000000000000000000000000000000000110000000000000000000
0000000000000000000000000000000000000000000000000000000011100000000000000000000000000000000000000000000000000011100000000000000000000000000000000000000000000000000001100000000000000000000000000000000000000000000000000000000000000000000110000000000000000000
0000000000000000000000000000000000000000000000000000000011000000000000000000000000000000000000000000000000000111000000000000000000000000000000000000000000000000000000111000000000000000000000000000000000000000000000000000000000000000000111000000000000000000
0000000000000000000000000000000000000000000000000000000110000000000000000000000000000000000000000000000000000110000000000000000000000000000000000000000000000000000000011000000000000000000000000000000000000000000000000000000000000000000111000000000000000000
0000000000000000000000000000000000000000000000000000000110000000000000000000000000000000000000000000000000111100000000000000000000000000000000000000000000000000000000011000000000000000000000000000000000000000000000000000000000000000000110000000000000000000
0000000000000000000000000000000000000000000000000000000110000000000000000000000000000000000000000000000001111000000000000000000000000000000000000000000000000000000000011000000000000000000000000000000000000000000000000000000000000000000110000000000000000000
0000000000000000000000000000000000000000000000000000000110000000000000000000000000000000000000000000000111100000000000000000000000000000000000000000000000000000000000011000000000000000000000000000000000000000000000000000000000000000000110000000000000000000
0000000000000000000000000000000000000000000000000000000110000000000000000000000000000000000000000000011110000000000000000000000000000000000000000000000000000000000000011000000000000000000000000000000000000000000000000000000000000000000011000000000000000000
0000000000000000000000000000000000000000000000000000000110000000000000000000000000000000000000000001111000000000000000000000000000000000000000000000000000000000000000011000000000000000000000000000000000000000000000000000000000000000000110000000000000000000
0000000000000000000000000000000000000000000000000000000110000000000000000000000000000000000000000001100000000000000000000000000000000000000000000000000000000000000000001100000000000000000000000000000000000000000000000000000000000000000110000000000000000000
0000000000000000000000000000000000000000000000000000001100000000000000000000000000000000000000000111000000000000000000000000000000000000000000000000000000000000000000001100000000000000000000000000000000000000000000000000000000000000000110000000000000000000
0000000000000000000000000000000000000000000000000000111100000000000000000000000000000000000000111110000000000000000000000000000000000000000000000000000000000000000000011000000000000000000000000000000000000000000000000000000000000000000110000000000000000000
0000000000000000000000000000000000000001110001111111110000000000000000000000000000000000001111111000000000000000000000000000000000000000000000000000000000000000000000011000000000000000000000000000000000000000000000000000000000000000000111000000000000000000
0000000000000000000000000000000000011111111111111111100000000000000000000000111111111111111111100000000000000000000000000000000000000000000000000000000000000000000000011000000000000000000000000000000000000000000000000000000000000000000011000000000000000000
0000000000000000000000000000000000011110001110000000000000000000000000000000001111111111110000000000000000000000000000000000000000000000000000000000000000000000000000011000000000000000000000000000000000000000000000000000000000000000000011000000000000000000
0000000000000000000000000000000000000000000000000000000000000000000000000000000000000000000000000000000000000000000000000000000000000000000000000000000000000000000000011000000000000000000000000000000000000000000000000000000000000000000011000000000000000000
0000000000000000000000000000000000000000000000000000000000000000000000000000000000000000000000000000000000000000000000000000000000000000000000000000000000000000000000011000000000000000000000000000000000000000000000000000000000000000000011100000000000000000
0000000000000000000000000000000000000000000000000000000000000000000000000000000000000000000000000000000000000000000000000000000000000000000000000000000000000000000000111000000000000000000000000000000000000000000000000000000000000000000001110000000000000000
0000000000000000000000000000000000000000000000000000000000000000000000000000000000000000000000000000000000000000000000000000000000000000000000000000000000000000000000110000000000000000000000000000000000000000000000000000000000000000000000111000000000000000
0000000000000000000000000000000000000000000000000000000000000000000000000000000000000000000000000000000000000000000000000000000000000000000000000000000000000000000000110000000000000000000000000000000000000000000000000000000000000000000000011100000000000000
0000000000000000000000000000000000000000000000000000000000000000000000000000000000000000000000000000000000000000000000000000000000000000000000000000000000000000000001100000000000000000000000000000000000000000000000000000000000000000000000001100000000000000
0000000000000000000000000000000000000000000000000000000000000000000000000000000000000000000000000000000000000000000000000000000000000000000000000000000000000000000011100000000000000000000000000000000000000000000000000000000000000000000000001110000000000000
0000000000000000000000000000000000000000000000000000000000000000000000000000000000000000000000000000000000000000000000000000000000000000000000000000000000000000000111000000000000000000000000000000000000000000000000000000000000000000000000000111000000000000
0000000000000000000000000000000000000000000000000000000000000000000000000000000000000000000000000000000000000000000000000000000000000000000000000000000000000000011110000000000000000000000000000000000000000000000000000000000000000000000000000011100000000001
0000000000000000000000000000000000000000000000000000000000000000000000000000000000000000000000000000000000000000000000000000000000000000000000000000000000000001111000000000000000000000000000000000000000000000000000000000000000000000000000000001100000111111
0000000000000000000000000000000000000000000000000000000000000000000000000000000000000000000000000000000000000000000000000000000000000000000000000000000000000001100000000000000000000000000000000000000000000000000000000000000000000000000000000001100111111110
0000000000000000000000000000000000000000000000000000000000000000000000000000000000000000000000000000000000000000000000000000000000000000000000000000000000000011000000000000000000000000000000000000000000000000000000000000000000000000000000000001111111000000
0000000000000000000000000000000000000000000000000000000000000000000000000000000000000000000000000000000000000000000000000000000000000000000000000000000000000111000000000000000000000000000000000000000000000000000000000000000000000000000000000001111000000000
0000000000000000000000000000000000000000000000000000000000000000000000000000000000000000000000000000000000000000000000000000000000000000000000000000000000001110000000000000000000000000000000000000000000000000000000000000000000000000000000000011110000000000
0000000000000000000000000000000000000000000000000000000000000000000000000000000000000000000000000000000000000000000000000000000000000000000000000000000000011100000000000000000000000000000000000000000000000000000000000000000000000000000000011111000000000000
0000000000000000000000000000000000000000000000000000000000000000000000000000000000000000000000000000000000000000000000000000000000000000000000000000000000111000000000000000000000000000000000000000000000000000000000000000000000000000000111111100000000000000
1111111111000000000000000000000000000000000000000000000000000000000000000000000000000000000000000000000000000000000000000000000000000000000000000000000001110000000000000000000000000000000000000000000000000000000000000000000000000000000111110000000000000000
1111111111100000000000000000000000000000000000000000000000000000000000000000000000000000000000000000000000000000000000000000000000000000000000000000000111100000000000000000000000000000000000000000000000000000000000000000000000000000001100000000000000000000
0000000001110000000000000000000000000000000000000000000000000000000000000000000000000000000000000000000000000000000000000000000000000000000000110000011111000000000000000000000000000000000000000000000000000000000000000000000000000000001100000000000000000000
0000000000111100000000000000000000000000000000000000000000000000000000000000000000000000000000000000000000000000000000000000000000000000000111111111111100000000000000000000000000000000000000000000000000000000000000000000000000000000011000000000000000000000
0000000000001111000000000000000000000000000000000000000000000000000000000000000000000000000000000000000000000000000000000011100001111100001111111111100000000000000000000000000000000000000000000000000000000000000000000000000000000000011000000000000000000000
0000000000000011110000000000000000000000000000000000000000000000000000000000000000000000000000111100000000000000000001111111111111111111111100000000000000000000000000000000000000000000000000000000000000000000000000000000000000000000011000000000000000000000
0000000000000001111100000000000000000000000000000000000000000000000000000000000000000000000000111111111000000000000111111110011110000011110000000000000000000000000000000000000000000000000000000000000000000000000000000000000000000000111000000000000000000000
0000000000000000001110000000000000000000000000000000000000000000000000000000000000000000000000000011111111111011111110000000000000000000000000000000000000000000000111111111111111111110000000000000000000000000000000000000000000000000111100000000000000000000
0000000000000000000111000000000000000000000000000000000000000000000000000000000000000000000000000000000111111111111100000000000000000000000000000000000000000111111111111111111111111111110000000000000000000000000000000000000000000000111100000000000000000000
0000000000000000000011100000000000000000000000000000000000000000000000000000000000000000000000000000000000011110000000000000000000000000000000000000000000001111111000000000000000000001111110000000000000000000000000000000000000000000111110000000000000000000
0000000000000000000001110000000000000000000000000000000000000000000000000000000000000000000000000000000000000000000000000000000000000000000000000000000000001000000000000000000000000000001111110000000000000000000000000000000000000000110110000000000000000000
0000000000000000000000111100000000000000000000000000000000000000000000000000000000000000000000000000000000000000000000000000000000000000000000000000000000000000000000000000000000000000000001111100000000000000000000000000000000000001100011000000000000000000
0000000000000000000000001110000000000000000000000000000000000000000000000000000000000000000000000000000000000000000000000000000000000000000000000000000000000000000000000000000000000000000000011111000000000000000000000111111111110011000011100000000000000000
0000000000000000000000000111000000000000000000000000000000000000000000000000000000000000000000000000000000000000000000000000000000000000000000000000000000000000000000000000000000000000000000000011100000000000000000000111111111111111000001111000000000000000
0000000000000000000000000011110000000000000000000000000000000000000000000000000000000000000000000000000000000000000000000000000000000000000000000000000000000000000000000000000000000000000000000001110000000000111111111110000000001100000000011100000000000000
0000000000000000000000000000111000000000000000000000000000000000110000000000000000000000000000000000000000000000000000000000000000000000000000000000000000000000000000000000000000000000000000000000111100000001111111111100000000000000000000001100000000000000
0000000000000000000000000000011100000000000000000000000000000011111111110000000000000000000000000000000000000000000000000000000000000000000000000000000000000000000000000000000000000000000000000000001110000011100000000000000000000000000000000110000000000000
0000000000000000000000000000001110000000000000000000000011111111101111111000000000000000000000000000000000000000000000000000000000000000000000000000000000000000000000000000000000000000000000000000000111000111000000000000000000000000000000000111000000000000
0000000000000000000000000000000111000000000011100000000111111100000000011000000000000000000000000000000000000000000000000000000000000000000000000000000000000000000000000000000000000000000000000000000011100110000000000000000000000000000000000011000000000000
0000000000000000000000000000000011110000000111110000001110000000000000011000000000000000000000000000000000000000000000000000000000000000000000000000000000000000000000000000000000000000000000000000000001111100000000000000000000000000000000000011000000000000
0000000000000000000000000000000001111100011110110000001100000000000000011100000000000000000000000000000000000000000000000000000000000000000000000000000000000000000000000000000000000000000000000000000000111100000000000000000000000000000000000000000000000000
0000000000000000000000000000000000011111111100111000111100000000000000001110000000000000000000000000000000000000000000000000000000000000000000000000000000000000000000111111111111111000000000000000000000011000000000000000000000000000000000000000000000000000
0000000000000000000000000000000000000011110000011111111000000000000000000111000000000000000000000000000000000000000000000000000000000000000000000000000000000000000001111111111111111111111100000000000000111000000000000000000000000000000000000000000000000000
0000000000000000000000000000000000000000000000000111000000000000000000000001110000111000000000000000000000000000000000000000000000000000000000000000000000000000000111111100000000000111111111000000000111111000000000000000000000000000000000000000000000000000
0000000000000000000000000000000000000000000000000000000000000000000000000000111011111100000000000000000000000000000000000000000000000000000000000000000000000000000110000000000000000000000011100110011111110000000000000000000000000000000000000000000000000000
0000000000000000000000000000000000000000000000000000000000000000000000000000011111101100000000000000000000000000000000000000000000000000000000000000000000000000001100000000000000000000000001111111111100110000000000000000000000000000000000000000000000000000
0000000000000000000000000000000000000000000000000000000000000000000000000000011100001100000000000000000000000000000000000000000000000000000000000000000000000000011100000000000000000000000000111101100001110000000000000000000000000000000000000000000000000000
0000000000000000000000000000000000000000000000000000000000000000000000001111111000001100000000000000000000000000000000000000000000000000000000000000000000000000011000000000000000000000000000000000000011100000000000000000000000000000000000000000000000000000
0000000000000000000000000000000000000000000000000000000000000000000000011111110000001100000000000000000000000000000000000000000000000000000000000000000000000000110000000000000000000000000000000000000111000000000000000000000000000000000000000000000000000000
0000000000000000000000000000000000000000111000000000000000000000000011111000000000000110000000000000000000000000000000000000000000000000000000000011100000000000110000000000000000000000000000000000001110000000000000000000000000000000000000000000000000000000
0000000000000000000000000000000000000000011000000000000000000000000111100000000000000111000000000000000000000000000000000000000000000000000000000011111111111111110000000000000000000000000000000000011111000000000000000000000000000000000000000000000000000000
0000000000000000000000000000000000000000001100000000000000000000011110000000000000000011100000000000000000000000000000000000000000000000000000000000011111111111100000000000000000000000000000000001111011100000000000000000000000000000000000000000000000000000
0000000000000000000000000000000000000000001110000000000000000000111100000000000000000000110000000000000000000000000000000000000000000000000000000000000000000000000000000000000000000000000001111111100001110000000000000000000000000000000000000000000000000001
0000000000000000000000000000000000000000000111100000000000000011110000000000000000000000011000000000000000000000000000000000000000000000000000000000000000000000000000000000000000000000001111111111000000111000000000000000000000000000000000000000000000000001
0000000000000000000000000000000000000000000001111000000000000111100000000000000000000000011000000000000000000000000000000000000000000000000000000000000000000000000000000000000000000000011111110000000000011100000000000000000000000000000000000000000000000111
0000000000000000000000000000000000000000000000011100000000011110000000000000000000000000011100000000000000000000000000000000000000000000000000000000000000000000000000000000000000000000011000000000000000011110000000000000000000000000000000000000000000000110
0000000000000000000000000000000000000000000000001111000000111100000000000000000000000000001100000000000000000000000000000000000000000000000000000000000000000000000000000000000000000000110000000000000000011111000000000000000000000000000000000000000000011100
0000000000000000000000000000000000000000000000000111111111110000000000000000000000000000000110000000000000000000000000000000000000000000000000000000000000000000000000000000000000000000110000000000000000110001100000000000000000000000000000000000000000011000
0000000000000000000000000000000000000000000000000001111111000000000000000000000000000000000110000000000000000000000000000000000000000000000000000000000000000000000000000000000000000000110000000000000000110000110000000000000000000000000000000000000000111000
0000000000000000000000000000000000000000000000000000000000000000000000000000000000000000000110000000000000000000000000000000000000000000000000000000000000000000000000000000000000000000110000000000000000110000110000000000000000000000000000000000000000110000
0000000000000000000000000000000000000000000000000000000000000000000000000000000000000000000110000000000000000000000000000000000000000000000000000000000000000000000000000000000000000000110000000000000000110000011000000000000000000000000000000000000001110000
0000000000000000000000000000000000000000000000000000000000000000000000000000000000000000000110000000000000000000000000000000000000000000000000000000000000000000000000000000000000000000110000000000000000110000011100000000000000000000000000000000000011100000
0000000000000000000000000000000000000000000000000000000000000000000000000000000000000000000110000000000000000000000000000000000000000000000000000000000000000000000000000000000000000000110000000000000000110000001100000000000000000000000000000000000111000000
0000000000000000000000000000000000000000000000000000000000000000000000000000000000000000000111000000000000000000000000000000000000000000000000000000000000000000000000000000000000000000110000000000000000110000000110000000000000000000000000000000001110000000
0000000000000000000000000000000000000000000000000000000000000000000000000000000000000000000011000000000000000000000000000000000000000000000000000000000000000000000000000000000000000000110000000000000000110000000110000000000000000000000000000000001100000000
0000000000000000000000000000000000000000000000000000000000000000000000000000000000000000000001100000000000000000000000000000000000000000000000000000000000000000000000000000000000000000110000000000000000110000000111011000000000000000000000000000011100000000
0000000000000000000000000000000000000000000000000000000000000000000000000000000000000000000001100000000000000000000000000000000000000000000000000000000000000000000000000000000000000001100000000000000000110000000011111100000000000000000000000000011000000000
0000000000000000000000000000000000000000000000000000000000000000000000000000000000000000000001110000000000000000000000000000000000000000000000000000000000000000000000000000000000000001100000000000000000110000000001111110000000000000000000000000000000000000
0000000000000000000000000000000000000000000000000000000000000000000000000000000000000000000000110000000000000000000000000000000000000000000000000000000000000000000000000000000000000011100000000000000001100000000000000011000000000000000000000000000000000000
0000000000000000000000000000000000000000000000000000000000000000000000000000000000000000000000111000000000000000000000000000000000000000000000000000000000000000000000000000000111111111000000000000000001100000000000000011000000000000000000000000000000000000
0000000000000000000000000000000000000000000000000000000000000000000000000000000000000000000000011000000000000000000000000000000000000000000000000000000000000000000000000000111111111100000000000000000001100000000000000011000000000000000000000000000000000000
0000000000000000000000000000000000000000000000000000000000000000000000000000000000000000000000011100000000000000000000000000000000000000000000000000000000000000000000000111111100000000000000000000000001100000000000000001100000000000000000000000000000000000
0000000000000000000000000000000000000000000000000000000000000000000000000000000000000000000000001110000000000000000000000000000000000000000000000000000000000000000000011111000000000000000000000000000001110000000000000001100000000000000000000000000000000000
0000000000000000000000000000000000000000000000000000000000000000000000000000000000000000000000000111111000000000000000000000000000000000000000000000000000000000000000111100000000000000000000000000000000111000000000000001100000000000000000000000000000000000
0000000000000000000000000000000000000000000000000000000000000000000000000000000000000000000000000011111100000000000000000000000000000000000000000000000000000000000001110000000000000000000000000000000000010000000000000011000000000000000000000000000000000000
0000000000000000000000000000000000000000000000000000000000000000000000000000000000000000000000000000001110000000000000000000000000000000000000000000000000000000000011100000000000000000000000000000000000000000000000000011000000000000000000000000000000000000
0000000000000000000000000000000000000000000000000000000000000000000000000000000000000000000000000000000110000000000000000000000000000000000000000000000000000000000111000000000000000000000000000000000000000000000000000011000000000000000000000000000000000000
0000000000000000000000000000000000000000000000000000000000000000000000000000000000000000000000000000000110000000000000000000000000000000000000000000000000000000001110000000000000000000000000000000000000000000000000000011000000000000000000000000000000000000
0000000000000000000000000000000000000000000000000000000000000000000000000000000000000000000000000000000110000000000000000000000000000000000000000000000000000000001100000000000000000000000000000000000000000000000000000011000000000000000000000000000000000000
0000000000000000000000000000000000000000000000000000000000000000000000000000000000000000000000000000000110000000000000000000000000000000000000000001110000000000001100000000000000000000000000000000000000000000000000000011000000000000000000000000000000000000
0000000000000000000000000000000000000000000000000000000000000000000000000000000000000000000000000000000110001110000000000000000000000000000000000011111100000000011100000000000000000000000000000000000000000000000000000011000000000000000000000000000000000000
0000000000000000000000000000000000000000000000000000000000000000000000000000000000000000000000000000000110011111000000000000000000000000000000000011001110000000011100000000000000000000000000000000000000000000000000000001100000000000000000000000000000000000
0000000000000000000000000000000000000000000000000000000000000000000000000000000000000000000000000000000111111011100000000000000000000000000000000011000111000001111100000000000000000000000000000000000000000000000000000001100000000000000000000000000000000000
0000000000000000000000000000000000000000000000000000000000000000000000000000000000000000000000000000000111100001110000000000000000000110000000000111000011110011111100000000000000000000000000000000000000000000000000000000110000000000000000000000000000000000
0000000000000000000000000000000000000000000000000001000000000000000000000000000000000000000000000000000010000000111000000000000000011111100000111110000000111111001100000000000000000000000000000000000000000000000000000000110000000000000000000000000000000000
0000000000000000000000000000000000000000000000000011100000000000000000000000000000000000000000000000000000000000011111000000011110111111111111111100000000011110001100000000000000000000000000000000000000000000000000000000110000000000000000000000000000000000
0000000000000000000000000000000000000000000000000001111000000000000000000000000000000000000000000000000000000000000111111001111111110000111111000000000000000000011000000000000000000000000000000000000000000000000000000000110000000000000000000000000000000000
0000000000000000000000000000000000000000000000000000011110000000000000000000000000000000000000000000000000000000000000111111110011100000000000000000000000000000011000000000000000000000000000000000000000000000000000000000110000000000000000000000000000000000
0000000000000000000000000000000000000000000000000000000111000000000000000000000000000000000000000000000000000000000000001111000000000000000000000000000000000000011000000000000000000000000000000000000000000000000000000001110000000000000000000000000000000000
0000000000000000000000000000000000000000000000000000000011100000000000000000000000000000000000000000000000000000000000000000000000000000000000000000000000000000011000000000000000000000000000000000000000000000000000000001100000000000000000000000000000000000
0000000000000000000000000000000000000000000000000000000001100000000000000000000000000000000000000000000000000000000000000000000000000000000000000000000000000000011000000000000000000000000000000000000000000000000000000001100000000000000000000000000000000000
0000000000000000000000000000000000000000000000000000000001110000000000000000000000000000000000000000000000000000000000000000000000000000000000000000000000000000011000000000000000000000000000000000000000000000000000000011000000000000000000000000000000000000
0000000000000000000000000000000000000000000000000000000000110000000000000000000000000000000000000000000000000000000000000000000000000000000000000000000000000000011000000000000000000000000000000000000000000000000000000011000000000000000000000000000000000000
0000000000000000000000000000000000000000000000000000000000110000000000000000000000000000000000000000000000000000000000000000000000000000000000000000000000000000011110000000000000000000000000000000000000000000000000000110000000000000000000000000000000000000
0000000000000000000000000000000000000000000000000000000000110000000000000000000000000000000000000000000000000000000000000000000000000000000000000000000000000000011111000000000000000000000000000000000000000000000000001110000000000000000000000000000000000000
0000000000000000000000000000000000000000000000000000000000110000000000000000000000000000000000000000000000000000000000000000000000000000000000000000000000000000011111110000000000000000000000000000000000000000000000001100000000000000000000000000000000000000
0000000000000000000000000000000000000000000000000000000000111000000000000000000000000000000000000000000000000000000000000000000000000000000000000000000000000000011000111110000000000000000000000000000000000000000000011000000000000000000000000000000000000000
0000000000000000000000000000000000000000000000000000000000011110000000000000000000000000000000000000000000000000000000000000000000000000000000000000000000000000011000001110000000000000000000000000000000000000000000111000000000000000000000000000000000000000
0000000000000000000000000000000000000000000000000000000000001111000000000000000000000000000000000000000000000000000000000000000000000000000000000000000000000000011100000110000000000000000000000000000000000000000000110000000000000000000000000000000000000000
1110000000000000000000000000000000000000000000000000000000000011100000000000000000000000000000000000000000000000000000000000000000000000000000000000000000000000011100000110000000000000000000000000000000000000000000011000000000000000000000000000000000000000
1111100000000000000000000000000000000000000000000000000000000001110111100000000000000000000000000000000000000000000000000000000000000000000000000000000000000000011100000111000000000000000000000000000000000000000000011100000000000000000000000000000000000000
0011110000000000000000000000000000000000000000000000000000000000111111111000000000000000000000000000000000000000000000000000000000000000000000000000000000000000111110000011000000000000000000000000000000000000000000001110000000000000000000000000000000000000
0000110000000000000000000000000000000000000000000000000000000000011000111111100000000000000000000000000000000000000000000000000000000000000000000000000000000000110110000011100000000000000000000000000000000000000000000011000000000000000000000000000000000000
0000011000000000000000000000000000000000000000000000000000000000000000000111111000000000000000000000000000000000000000000000000000000000000000000000000000000001110111000001100000000000000000000000000000000000000000000011100000000000000000000000000000000000
0000011100000000000000000000000000000000000000000000000000000000000000000000011100000000000000000000000000000000000000000000000000000000000000000000000000000001100011000001110000000000000000000000000000000000000000000001100000000000000000000000000000000000
0000001110000000000000000000000000000000000000000000000000000000000000000000001111000000000000000000000000000000000000000000000000000000000000000000000000000011100011000000110000000000000000000000000000000000000000000001110000000000000000000000000000000000
0000000011000000000000000000000000000000000000000000000000000000000000000000000011000000000000000000000000000000000000000000000000000000000000000000000000000111000001100000111100000000000000000000000000000000000000000000110000000000000000000000000000000000
0000000011110000000000000000000000000000000000000000000000000000000000000000000011100000000000000000000000000000000000000000000000000000000000000000000000001110000001110000011110000000000000000000000000000000000000000000110000000000000000000000000000000000
0000000001111000000000000000000000000000000000000000000000000000000000000000000001110000000000000000000000000000000000000000000000000000000000000000000000011100000000110000000111100000000000000000000000000000000000000000110000000000000000000000000000000000
0000000000011100001111000000000000000000000000000000000000000000000000000000000000011000000000000000000000000000000000000000000000000000000000000111111111111000000000110000000001111000000000000000000000000000000000000001100000000000000000000000000000000000
0000000000001110011111100000000000000000000000000000000000000000000000000000000000001110000000000000000000000000000000000000000000000000000000001111111111110000000000011000000000011110000000000000000000000000000000000001100000000000000000000000000000000000
0000000000000111111001110000000000000000000000000000000000000000000000000000000000000111100000000000000000000000000000000000000000000000000000001100000000000000000000011100000000001111100000000000000000000000000000000001110000000000000000000000000000000000
0000000000000001111000111000000000000000000000000000000000000000000000000000000000000001111000000000000000000000000000000000000000000000000000001100000000000000000000001110000000000001111000000000000000000000000000000000111000000000000000000000000000000000
0000000000000000010000011100000000000000111000000000000000000000000000000000000000000000111100000000000000000000000000000000000000000000000000000110000000000000000000000110000000000000111100000000000000000000000000000000011100000000000000000000000000000000
0000000000000000000000011100000000000011111100000000000000000000000000000000000000000000111110000000000000000000000000000000000000000000000000000110000000000000000000000110000000000000001100000000000000000000000000000000001100000000000000000000000000000000
0000000000000000000000011100000000000111000110000000000000000000000000000000000000000000110111000000000000000000000000000000000000000000000000000011000000000000000000000110000000000000001100000000000000000000000000000000001100000000000000000000000000000000
0000000000000000000000001111000000001110000111110000000000000000000000000000000000000000110011100000000000000000000000000000000000000000000000000011000000000000000000001110000000000000001110000000000000000000000000000000000110000000000000000000000000000000
0000000000000000000000000011111000001100000011111100000000000000000000000000111100000011110001111000000000000000000000000000000000000000000000000011100111110000000000011100000000000000000111100000000000000000000000000000000111100000000000000000000000000000
0000000000000000000000000000111000011000000000001110000000000000000000001111111111111111100000111100000000000000000000000000000000000000000000000001111111110000000000111000000000000000000001100000000000000000000000000000000001100000000000000000000000000000
0000000000000000000000000000011000011000000000000110000000000000000001111111000011111110000000001111000000000000000000000000000000000000000000000001111000110000000001110000000000000000000001110000000000000000000000000000000001100000000000000000000000000000
0000000000000000000000000000011000011000000000000111000000111111111111110000000000000000000000000011000000000000000000000000000000000000000000000001110000111000000011100000000000000000000000110000000000000000000000000000000001100000000000000000000000000000
0000000000000000000000000000011000110000000000000011111111111111111110000000000000000000000000000001100000000000000000000000000000000000000000000000110000110000000011000000000000000000000000110000000000000000000000000000000011100000000000000000000000000000
0000000000000000000000000001011100110000000000000001111111000000000000000000000000000000000000000001110000000000000000000000000000000000000000000000110001110000000011000000000000000000000000110000000000000000000000000000000011000000000000000000000000000000
0000000000000000000000000011111111110000000000000000000000000000000000000000000000000000000000000000111000000000000000000000000000000000000000000001100011100000000011000000000000000000000000111000000000000000000000000000000111000000000000000000000000000000
0000000000000000000000000011111111111000000000000000000000000000000000000000000000000000000000000000011100000000000000000000000000000000000000000001100001100000000110000000000000000000000000011100000000000000000000000000000011000000000000000000000000000000
0000000000000000000000000011001000011000000000000000000000000000000000000000000000000000000000000000001100000000000000000000000000000000000000000011100001111000000110000000000000000000000000001100000000000000000000000000000011000000000000000000000000000000
0000000000000000000000000011000000001100000000000000000000000000000000000000000000000000000000000000000110000011110000000001111110000000000000000011000000011100000110000000000000000000000000001110000000000000000000000000000011100000000000000000000000000000
0000000000000000000000001111000000111100000000000000000000000000000000000000000000000000000000000000000110000111111000000011111111000000000000000111000000001100000110000000000000000000000000000110000000000000000000000000000001100000000000000000000000000000
0000000000000111110000011110000001111100000000000000000000000000000000000000000000000000000000000000000110001110011110001111000011100000000000000110000000001110000110000000000000000000000000000111000000000000000000000000000001100000000000000000000000000000
0000000001111111111100011100000001100000000000000000000000000000000000000000000000000000000000000000000011111100000111011100000001110000000000001100000000111100000000000000000000000000000000000011000000000000000000000000000001100000000000000000000000000000
0111111111111100011111001100000011100000000000000000000000000000000000000000000000000000011111110000000011110000000111111000000000110000000000001100000001111000000000000000000000000000000000000011100000000000000000000000000001100000000000000000000000000000
1111111111101000000111111100000011000000000000000000000000000000000000000000000000000000111111111100000000000000001111100000000000111000000000011000000001100000000000000000000000000000000000000001100000000000000000000000000011000000000000000000000000000000
1100000001100000000001111100000011000000000000000000000000000000000000000000000000000000110000001111111111000011111100000000000000011000000000111000000001100000000000000000000000000000000000000001110000000000000000000000000011000000000000000000000000000000
1000000001100000000000000000000110000000000000000000000000000000000000000000000000000001100000000011111111111111110000000000000000011110000011110000000001100000000000000000000000000000000000000000110000000000000000000000000011000000000000000000000000000000
0000000001110000000000000000001110000000000000000000000000000000000000000000000000001111100000000000000001111111000000000000000000001111111111000000000001100000000000000000000000000000000000000000011000000000000000000000000011000000000000000000000000000000
0000000001110000000000000000111100000000000000000000000000000000000000000000011111111111000000000000000000001110000000000000000000000001111100000000000000110000000000000000000000000000000000000000011000000000000000000000000110000000000000000000000000000000
0000000011100000000000000001111000000000000000000000000000000000000000000000011111111000000000000000000000011100000000000000000000000000000000000000111101110000000000000000000000000000000000000000011000000000000000000000000110000000000000000000000000000011
0000000111000000000000000011100000000000000000000000000000000000000000000000110000000000000000000000000000111000000000000000000000000000000000000000111111100000000000000000000000000000000000000000011000000000000000000000000110000000000000000000000000011111
0000001110000000000000000001100000000000000000000000000000000000000000000111110000000000000000000000000000110000000000000000000000000000000000000001110011000000000000000000000000000000000000000000110000000000000000000000000111110000000000000000001100111100
0000001100000000000000000001111100000000000000000000000000000000000000000111000000000000000000000000000000110000000000000000000000000000000000000001100000000000000000000000000000000000000000000000110000000000000000000000000011111111100000000001111111110000
0000001100000000000000000000011100000000000000000000000000000000000000001110000000000000000000000000000000110000000000000000000000000000000000000001100000000000000000000000000000000000000000000000110000000000000000000000000000001111100000001111110011000000
0000011100000000000000000000001100000000000000000000000000000000000000011110000000000000000000000000000000110000000000000000000000000000000000000001100000000000000000000000000000000000000000000000011000000000000000000000000000000000110000011111000000000000
0000011000000000000000000000011100000000000000000000000000000000000000111000000000000000000000000000000001100000000000000000000000000000000000000001110000000000000000000000000000000000000000000000011000000000000000000000000000000000110000111000000000000000
0000011100000000000000000000011110000000000000000000000000000000000001110000000000000000000000000000000001110000000000000000000000000000000000000000111000000000000000000000000000000000000000000000011100000000000000000000000000000000110001110000000000000000
0000001110000000000000000000001111000000000000000000000000000000000001100000000000000000000000000000000000110000000000000000000000000000000000000000011000000000000000000000000000000000000000000000001100000000000000000000000000000000110011100000000000000000
0000000110000000000000000000000011000000000000000000000000000000000011000000000000000000000000000000000000110000000000000000000000000000000000000000011000000000000000000000000000000000000000000000001100000000000000000000000000000000011111000000000000000000
0000000110000000000000000000000011111000000000000000000000000000000011000000000000000000000000000000000000110000000000000000000000000000000000000000011000000000000000000000000000000000000000000000001100000000000000000000000000000000011100000000000000000000
0000001100000000000000000000000001111000000000000000000000000000000011000000000000000000000000000000000001110000000000000000000000000000000000000000011000000000000000000000000000000000000000000000001100000000000000000000000000000000011100000000000000000000
0000001110000000000000000000000000001100000000000000000000000000000011000000000000000000000000000000000001100000000000000000000000000000000000000000011000000000000000000000000000000000000000000000001100000000000000000000000000000000001110000000000000000000
0000111110000000000000000000000000001100000000000000000000000000000001100000000000000000000000000000000011100000000000000000000000000000000000000000011000000000000000000000000000000000000000000000001100000000000000000000000000000000000111000000000000000000
0001111100000000000000000000000000001100000000000000000000000000000001100000000000000000000000000000000011000000000000000000000000000000000000000000011100000000000000000000000000000000000000000000001110000000000000000000000000000000000011100000000000000000
0001111000000000000000000000000000011000000000000000000000000000000011000000000000000000000000000000000011000000000000000000000000000000000000000000001100000000000000000000000000000000000000000000000110000000000000000000000000000000000001100000000000000000
0000110000000000000000000000000000111000000000000000000000000000000011000000000000000000000000000000000011100000000000000000000000000000000000000000001100000000000000000000000000000000000000000000000110000000000000000000000000000000000000110000000000000000
0000110000000000000000000000000000110000000000000000000000000000000011000000000000000000000000000000000001100000000000000000000000000000000000000000001100000000000000000000000000000000000000000000000111000000000000000000000000000000000000110000000000000000
0001100000000000000000000000000001100000000000000000000000000000000011000000000000000000000000000000000001100000000000000000000000000000000000000000001110000000000000000000000000000000000000000000000011000000000000000000000000000000000000110000000000000000
0001100000000000000000000000000001100000000000000000000000000000000011000000000000000000000000000000000001100000000000000000000000000000000000000000000110000000000000000000000000000000000000000000000011000000000000000000000000000000000000110000000000000000
0011000000000000000000000000000001110000000000000000000000000000000011000000000000000000000000000000000001100000000000000000000000000000000000000000000111000000000000000000000000000000000000000000000011000000000000000000000000000000000000110000000000000000
0011000000000000000000000000000000110000000000000000000000000000000001100000000000000000000000000000000011100000000000000000000000000000000000000000000110000000000000000000000000000000000000000000000011000000000000000000000000000000000000011000000000000000
0110000000000000000000000000000000110000000000000000000000000000000001100000000000000000000000000000000011000000000000000000000000000000000000000000000110000000000000000000000000000000000000000000000000000000000000000000000000000000000000011000000000000000
1110000000000000000000000000000000110000000000000000000000000000000001100000000000000000000000000000000011000000000000000000000000000000000000000000000110000000000000000000000000000000000000000000000000000000000000000000000000000000000000001100000000000000
1100000000000000000000000000000000011000000000000000000000000000000001100000000000000000000000000000000111000000000000000000000000000000000000000000000110000000000000000000000000000000000000000000000000000000000000000000000000000000000000001110000000000000
1110000000000000000000000000000000011100000000000000000000000000000011100000000000000000000000000000011110000000000000000000000000000000000000001100000110000000000000000000000000000000000000000000000000000000000000000000000000000000000000000110000000000000
1110000000000000000000000000000000001110000000000000000000000000000111000000000000000000000000000000111100000000000000000000000000000000000000011110000110000000000000000000000000000000000000000000000000000000000000000000000000000000000000000110000000000000
1100000000000000000000000000000000000111000000000000000000000000001110000000000000000000000000000001110000000000000000000000000000000000000000011111100111000000000000000000000000000000000000000000000000000000000000000000000000000000000000000110000000000000
0000000000000000000000000000000000000011100000000000000000000000001100000000000000000000000000000011100000000000000000000000000000000000000000011011111111100000000000000000000000000000000000000000000000000000000000000000000000000000000000001110000000000000
0000000000000000000000000000000011111111000000000000000000000000011000000000000000000000000000000111000000000000000000000000000000000000000000011100111101110000000000000000000000000000000000000000000000000000000000000000000000000000000000001100000000000000
0000000000000000000000000000000111111111000000000000000000000000011100000000000000000000000000000110000000000000000000000000000000000000000000011100011100111000000000000000000000000000000000000000000000000000000000000000000000000000000000000110000000000000
0000000000000000000000000000011110000011000000000000000000000000001100000000000000000000000000000110000000000000000000000000000000000000000000011000000000011111000001000000000000000000000000000000000000000000000000000000000000000000000000000110000000000000
0000000000000000000000000000111000000011100000000000000000000000011000000000000000000000000000001100000000000000000000000000000000000000000000011100000000001111111111111000000000000000000000000000000000000000000000000000000000000000000000000111000000000000
0000000000000000000000000011110000000001110000000000000000000000111000000000000000000000000000001100000000000000000000000000000000000000000000001110000000000000111110111111000000000000000000000000000000000000000000000000000000000000000000000011100000000000
0000000000000000000000000111000000000000110001111000000000000001110000000000000000000000000000001100000000000000000000000000000000000000000000000011000000000000000000000110000000000000000000000000000000000000000000000000000000000000000000000001110000000000
0000000000000000000000001110000000000000111111111000000000000001100000000000000000000000000000001100000000000000000000000000000000000000000000000011000000000000000000000000000000000000000000000000000000000000000000000000000000000000000000000000110000000000
0000000000000000000000001100000000000000011111011000000000000001100000000000000000000000000000001100000000000000000000000000000000000000000000000011000000000000000000000000000000000000000000000000000000000000000000000000000000000000000000000000110000000000
0000000000000000000000011000000000000000000000001100000000000001100000000000000000000000000000000110000000000000000000000000000000000000000000000011000000000000000000000000000000000000000000000000000000000000000000000000000000000000000000000000111000000000
0000000000000000000000011000000000000000000000001110000000000001100000000000000000000000000000000110000000000000000000000000000000000000000000000011000000000000000000000000000000000000000000000000000000000000000000000000000000000000000000000000011000000000
0000000000000000000000011000000000000000000000000110000000000000000000000000000000000000000000000110000000000000000000000000000000000000000000000011000000000000000000000000000000000000000000000000000000000000000000000000000000000000000000000000110000000000
0000000000000000000000011000000000000000000000000110000000000000000000000000000000000000000000000110000000000000000000000000000000000000000000000011000000000000000000000000000000000000000000000000000000000000000000000000000000000000000000000000110000000000
0000000000000000000000011000000000000000000000000110000000000000000000000000000000000000000000000110000000000000000000000000000000000000000000000111000000000000000000000000000000000000000000000000000000000000000000000000000000000000000000000001110000000000
0000000000000000000000011000000000000000000000000110000000000000000000000000000000000000000000000110000000000000000000000000000000000000000000000111000000000000000000000000000000000000000000000000000000000000000000000000000000000000000000000001100000000000
0000000000000000000000011000000000000000000000001100000000000000000000000000000000000000000000000110000000000000000000000000000000000000000000000011100000000000000000000000000000000000000000000000000000000000000000000000000000000000000000000001100000000000
0000000000000000000000011000000000000000000000001100000000000000000000000000000000000000000000000110000000000000000000000000000000000000000000000001100000000000000000000000000000000000000000000000000000000000000000000000000000000000000000000001100000000000
0000000000000000000000011000000000000000000000001100000000000000000000000000000000000000000000001110000000000000000000000000000000000000000000000001100000000000000000000000000000000000000000000000000000000000000000000000000000000000000000000001100000000000
0000000000000000000000001100000000000000000000001100000000000000000000000000000000000000000000001100000000000000000000000000000000000000000000000001100000000000000000000000000000000000000000000000000000000000000000000000000000000000000000000001100000000000
0000000000000000000000001100000000000000000000001100000000000000000000000000000000000000000000011100000000000000000000000000000000000000000000000000111000000000000000000000000000000000000000000000000000000000000000000000000000000000000000000001100000000000
