0000000000000000000000000001111110000000000000000011111000000000000000000000000000000000000000000000000000000000000000000000000000000000000000000000000000000000000000000000000000000000000000000000000000000000000000000000000000000000000000000000000000000000
0000000000000000000000111111110000000000000000000000111110000000000000000000000000000000000000000000000000000000000000000000000000000000000000000000000000000000000000000000000000000000000000000000000000000000000000000000000000000000000000000000000000000000
0000000000000000000011111110000000000000000000000000000111000000000000000000000000000000000000000000000000000000000000000000000000000000000000000000000000000000000000000000000000000000000000000000000000000000000000000000000000000000000000000000000000000000
0111111000000000001111100000000000000000000000000000000011100000000000000000000000000000000000000000000000000000000000000000000000000000000000000000000000000000000000000000000000000000000000000000000000000000000000000000000000000000000000000000000000000000
1111111111111111111100000000000000000000000000000000000001110000000000000000000000000000000000000000000000000000000000000000000000000000000000000000000000000000000000000000000000000000000000000000000000000000000000000000000000000000000000000000000000000000
1000000111111111110000000000000000000000000000000000000000110000000000000000000000000000000000000000000000000000000000000000000000000000000000000000000000000000000000000000000000000000000000000000000000000000000000000000000000000000000000000000000000000000
0000000000000000000000000000000000000000000000000000000000011000000000000000000000000000000000000000000000000000000000000000000000000000000000000000000000000000000000000000000000000000000000000000000000000000000000000000000000000000000000000000000000000000
0000000000000000000000000000000000000000000000000000000000011111000000000000000000000000000000000000000000000000000000000000000000000000000000000000000000000000000000000000000000000000000000000000000000000000000000000000000000000000000000000000000000000000
0000000000000000000000000000000000000000000000000000000000000111110000000000000000000000000000000000000000000000000000000000000000000000000000000000000000000000000000000000000000000000000000000000000000000000000000000000000000000000000000000000000000000000
0000000000000000000000000000000000000000000000000000000000000001111110000000000000000000000000000000000000000000000000000000000000000000000000000000000000000000000000000000000000000000000000000000000000000000000000000000000000000000000000000000000000000000
0000000000000000000000000000000000000000000000000000000000000000011111111000000000000000000000000000000000000000000000000000000000000000000000000000000000000000000000000000000000000000000000000000000000000000000000000000000000000000000000000000000000000000
0000000000000000000000000000000000000000000000000000000000000000000001111100000000000000000000000000000000000000000000000000000000000000000000000000000000000000000000000000000000000000000000000000000000000000000000000000000000000000000000000000000000000000
0000000000000000000000000000000000000000000000000000000000000000000000001111100000000000000000000000000000000000000000000000000000000000000000000000000000000000000000000000000000000000000000000000000000000000000000000000000000000000000000000000000000000000
0000000000000000000000000000000000000000000000000000000000000000000000000111110000000000000000000000000000000000000000000000000000000000000000000000000000000000000000000000000000000000000000000000000000000000000000000000000000000000000000000000000000000000
0000000000000000000000000000000000000000000000000000000000000000000000000000110000000000000000000000000000000000000000000000000000000000000000000000000000000000000000000000000000000000000000000000000000000000000000000000000000000000000000000000000000000000
0000000000000000000000000000000000000000000000000000000000000000000000000000110000000000000000000000000000000000000000000000000000000000000000000000000000000000000000000000000000000000000000000000000000000000000000000000000000000000000000000000000000000000
0000000000000000000000000000000000000000000000000000000000000000000000000000000000000000000000000000000000000000000000000000000000000000000000000000000000000000000000000000000000000000000000000000000000000000000000000000000000000000000000000000000000000000
0000000000000000000000000000000000000000000000000000000000000000000000000000000000000000000000000000000000000000000000000000000000000000000000000000000000000000000000000000000000000000000000000000000000000000000000000000000000000000000000000000000000000000
0000000000000000000000000000000000000000000000000000000000000000000000000000000000000000000000000000000000000000000000000000000000000000000000000000000000000000000000000000000000000000000000000000000000000000000000000000000000000000000000000000000000000000
0000000000000000000000000000000000000000000000000000000000000000000000000000000000000000000000000000000000000000000000000000000000000000000000000000000000000000000000000000000000000000000000000000000000000000000000000000000000000000000000000000000000000000
0000000000000000000000000000000000000000000000000000000000000000000000000000000000000000000000000000000000000000000000000000000000000000000000000000000000000000000000000000000000000000000000000000000000000000000000000000000000000000000000000000000000000000
0000000000000000000000000000000000000000000000000000000000000000000000000000000000000000000000000000000000000000000000000000000000000000000000000000000000000000000000000000000000000000000000000000000000000000000000000000000000000000000000000000000000000000
0000000000000000000000000000000000000000000000000000000000000000000000000000000000000000000000000000000000000000000000000000000000000000000000000000000000000000000000000000000000000000000000000000000000000000000000000000000000000000000000000000000000000000
0000000000000000000000000000000000000000000000000000000000000000000000000000000000000000000000000000000000000000000000000000000000000000000000000000000000000000000000000000000000000000000000000000000000000000000000000000000000000000000000000000000000000000
0000000000000000000000000000000000000000000000000000000000000000000000000000000000000000000000000000000000000000000000000000000000000000000000000000000000000000000000000000000000000000000000000000000000000000000000000000000000000000000000000000000000000000
0000000000000000000000000000000000000000000000000000000000000000000000000000000000000000000000000000000000000000000000000000000000000000000000000000000000000000000000000000000000000000000000000000000000000000000000000000000000000000000000000000000000000000
0000000000000000000000000000000000000000000000000000000000000000000000000000000000000000000000000000000000000000000000000000000000000000000000000000000000000000000000000000000000000000000000000000000000000000000000000000000000000000000000000000000000000000
0000000000000000000000000000000000000000000000000000000000000000000000000000000000000000000000000000000000000000000000000000000000000000000000000000000000000000000000000000000000000000000000000000000000000000000000000000000000000000000000000000000000000000
0000000000000000000000000000000000000000000000000000000000000000000000000000000000000000000000000000000000000000000000000000000000000000000000000000000000000000000000000000000000000000000000000000000000000000000000000000000000000000000000000000000000000000
0000000000000000000000000000000000000000000000000000000000000000000000000000000000000000000000000000000000000000000000000000000000000000000000000000000000000000000000000000000000000000000000000000000000000000000000000000000000000000000000000000000000000000
0000000000000000000000000000000000000000000000000000000000000000000000000000000000000000000000000000000000000000000000000000000000000000000000000000000000000000000000000000000000000000000000000000000000000000000000000000000000000000000000000000000000000000
0000000000000000000000000000000000000000000000000000000000000000000000000000000000000000000000000000000000000000000000000000000000000000000000000000000000000000000000000000000000000000000000000000000000000000000000000000000000000000000000000000000000000000
0000000000000000000000000000000000000000000000000000000000000000000000000000000000000000000000000000000000000000000000000000000000000000000000000000000000000000000000000000000000000000000000000000000000000000000000000000000000000000000000000000000000000000
0000000000000000000000000000000000000000000000000000000000000000000000000000000000000000000000000000000000000000000000000000000000000000000000000000000000000000000000000000000000000000000000000000000000000000000000000000000000000000000000000000000000000000
0000000000000000000000000000000000000000000000000000000000000000000000000000000000000000000000000000000000000000000000000000000000000000000000000000000000000000000000000000000000000000000000000000000000000000000000000000000000000000000000000000000000000000
0000000000000000000000000000000000000000000000000000000000000000000000000000000000000000000000000000000000000000000000000000000000000000000000000000000000000000000000000000000000000000000000000000000000000000000000000000000000000000000000000000000000000000
0000000000000000000000000000000000000000000000000000000000000000000000000000000000000000000000000000000000000000000000000000000000000000000000000000000000000000000000000000000000000000000000000000000000000000000000000000000000000000000000000000000000000000
0000000000000000000000000000000000000000000000000000000000000000000000000000000000000000000000000000000000000000000000000000000000000000000000000000000000000000000000000000000000000000000000000000000000000000000000000000000000000000000000000000000000000000
0000000000000000000000000000000000000000000000000000000000000000000000000000000000000000000000000000000000000000000000000000000000000000000000000000000000000000000000000000000000000000000000000000000000000000000000000000000000000000000000000000000000000000
0000000000000000000000000000000000000000000000000000000000000000000000000000000000000000000000000000000000000000000000000000000000000000000000000000000000000000000000000000000000000000000000000000000000000000000000000000000000000000000000000000000000000000
0000000000000000000000000000000000000000000000000000000000000000000000000000000000000000000000000000000000000000000000000000000000000000000000000000000000000000000000000000000000000000000000000000000000000000000000000000000000000000000000000000000000000000
0000000000000000000000000000000000000000000000000000000000000000000000000000000000000000000000000000000000000000000000000000000000000000000000000000000000000000000000000000000000000000000000000000000000000000000000000000000000000000000000000000000000000000
0000000000000000000000000000000000000000000000000000000000000000000000000000000000000000000000000000000000000000000000000000000000000000000000000000000000000000000000000000000000000000000000000000000000000000000000000000000000000000000000000000000000000000
0000000000000000000000000000000000000000000000000000000000000000000000000000000000000000000000000000000000000000000000000000000000000000000000000000000000000000000000000000000000000000000000000000000000000000000000000000000000000000000000000000000000000000
0000000000000000000000000000000000000000000000000000000000000000000000000000000000000000000000000000000000000000000000000000000000000000000000000000000000000000000000000000000000000000000000000000000000000000000000000000000000000000000000000000000000000000
0000000000000000000000000000000000000000000000000000000000000000000000000000000000000000000000000000000000000000000000000000000000000000000000000000000000000000000000000000000000000000000000000000000000000000000000000000000000000000000000000000000000000000
0000000000000000000000000000000000000000000000000000000000000000000000000000000000000000000000000000000000000000000000000000000000000000000000000000000000000000000000000000000000000000000000000000000000000000000000000000000000000000000000000000000000000000
0000000000000000000000000000000000000000000000000000000000000000000000000000000000000000000000000000000000000000000000000000000000000000000000000000000000000000000000000000000000000000000000000000000000000000000000000000000000000000000000000000000000000000
0000000000000000000000000000000000000000000000000000000000000000000000000000000000000000000000000000000000000000000000000000000000000000000000000000000000000000000000000000000000000000000000000000000000000000000000000000000000000000000000000000000000000000
0000000000000000000000000000000000000000000000000000000000000000000000000000000000000000000000000000000000000000000000000000000000000000000000000000000000000000000000000000000000000000000000000000000000000000000000000000000000000000000000000000000000000000
0000000000000000000000000000000000000000000000000000000000000000000000000000000000000000000000000000000000000000000000000000000000000000000000000000000000000000000000000000000000000000000000000000000000000000000000000000000000000000000000000000000000000000
0000000000000000000000000000000000000000000000000000000000000000000000000000000000000000000000000000000000000000000000000000000000000000000000000000000000000000000000000000000000000000000000000000000000000000000000000000000000000000000000000000000000000000
0000000000000000000000000000000000000000000000000000000000000000000000000000000000000000000000000000000000000000000000000000000000000000000000000000000000000000000000000000000000000000000000000000000000000000000000000000000000000000000000000000000000000000
0000000000000000000000000000000000000000000000000000000000000000000000000000000000000000000000000000000000000000000000000000000000000000000000000000000000000000000000000000000000000000000000000000000000000000000000000000000000000000000000000000000000000000
0000000000000000000000000000000000000000000000000000000000000000000000000000000000000000000000000000000000000000000000000000000000000000000000000000000000000000000000000000000000000000000000000000000000000000000000000000000000000000000000000000000000000000
0000000000000000000000000000000000000000000000000000000000000000000000000000000000000000000000000000000000000000000000000000000000000000000000000000000000000000000000000000000000000000000000000000000000000000000000000000000000000000000000000000000000000000
0000000000000000000000000000000000000000000000000000000000000000000000000000000000000000000000000000000000000000000000000000000000000000000000000000000000000000000000000000000000000000000000000000000000000000000000000000000000000000000000000000000000000000
0000000000000000000000000000000000000000000000000000000000000000000000000000000000000000000000000000000000000000000000000000000000000000000000000000000000000000000000000000000000000000000000000000000000000000000000000000000000000000000000000000000000000001
0000000000000000000000000000000000000000000000000000000000000000000000000000000000000000000000000000000000000000000000000000000000000000000000000000000000000000000000000000000000000000000000000000000000000000000000000000000000000000000000000000000000000001
0000000000000000000000000000000000000000000000000000000000000000000000000000000000000000000000000000000000000000000000000000000000000000000000000000000000000000000000000000000000000000000000000000000000000000000000000000000000000000000000000000000000000011
0000000000000000000000000000000000000000000000000000000000000000000000000000000000000000000000000000000000000001000000000000000000000000000000000000000000000000000000000000000000000000000000000000000000000000000000000000000000000000000000000000111110111111
0000000000000000000000000000000000000000000000000000000000000000000000000000000000000000000000000001111111111111100000000000000000000000000000000000000000000000000000000000000000000000000000000000000000000000000000000000000000000000000000000001111111111110
0000000000000000000000000000000000000000000000000000000000000000000000000000000000000000000001111111111111111110000000000000000000000000000000000000000000000000000000000000000000000000000000000000000000000000000000000000000000000000000000000001100011100000
0000000000000000000000000000000000000000000000000000000000000000000000000000000000000000000011111111000011110000000000000000000000000000000000000000000000000000000000000000000000000000000000000000000000000000000000000000000000000000000000000001100000000000
0000000000000000000000000000000000000000000000000000000000000000000000000000000000000000000011000000000000110000000000000000000000000000000000000000000000000000000000000000000000000000000000000000000000000000000000000000000000000000000000000011100000000000
0000000000000000000000000000000000000110000000000000000000000000000000000000000000000000000011000000000000011000000000000000000000000000000000000000000000000000000000000000000000000000000000000000000000000000000000000000000000000000000000000011000000000000
0000000000000000000000000000000000001111000000000000000000000000000000000000000000000000000111000000000000011000000000000000000000000000000000000000000000000000000000000000000000000000000000000000000000000000000000000000000000000000000000000111000000000000
0000000000000000000000000000000000001111100000000000000000000000000000000000000000000000000110000000000000011000000000000000000000000000000000000000000000000000000000000000000000000000000000000000000000000000000000000000000000000000000000000110000000000000
0000000000000000000000000000000000011101110000000000000000000000000000000000000000000000001110000000000000011000000000000000000000000000000000000000000000000000000000000000000000000000000000000000000000000000000000000000000000000000000000001110000000000000
0000000000000000000000000000000000011000111111111110000000000000000000000000000000000011111100000000000000011000000000000000000000000000000000000000000000000000000000000000000000000000000000000000000000000000000000000000000000000000000000011100000000000000
0000000000000000000000000000000011110000011111111111100000000000000000000000000000000011110000000000000000011000000000000000000000000000000000000000000000000000000000000000000000000000000000000000000000000000000000000000000000000000000000111000000000000000
0000000000000000000000000011111111100000000000000001110000000011111000000000000000000110000000000000000000011111100000000000000000000000000000000000000000000000000000000000000000000000000000000000000000000000000000000000000000000000000000110000000000000000
0000000000000000000000000011111110000000000000000000110111111111111110000000000000000110000000000000000000000111111000000000000000000000000000000000000000000000000000000000000000000000000000000000000000000000000000000000000000000000000000110000000000000000
1111111111111111111110000111000000000000000000000000111111111110001111000000111100001100000000000000000000000000111100000000000000000000000000000000000000000000000000000000000000000000000000000000000000000000000000000000000000000000000000110000000000000000
1111111111111111111111111110000000000000000000000000001100000000000011111001111111111100000000000000000000000000001110000000000000000000000000000000000000000000000000000000000000000000000000000000000000000000000000000000000000000000000000110000000000000000
0000000000000000000001111110000000000000000000000000000000000000000000111111100111111000000000000000000000000000000111000000000000000000000000000000000000000000000000000000000000000000000000000000000000000000000000000000000000000000000001110000000000000000
0000000000000000000000001110000000000000000000000000000000000000000000001111000000000000000000000000000000000000000011110000000000000000000000000000000000000000000000000000000000000000000000000000000000000000000000000000000000000000000001100000000000000000
0000000000000000000000000011000000000000000000000000000000000000000000000000000000000000000000000000000000000000000000111000000000000000000000000000000000000000000000000000000000000000000000000000000000000000000000000000000000000000000001100000000000000000
0000000000000000000000000011000000000000000000000000000000000000000000000000000000000000000000000000000000000000000000011100000000000000000000000000000000000000000000000000000000000000000000000000000000000000000000000000000000000000000001100000000000000000
0000000000000000000000000011000000000000000000000000000000000000000000000000000000000000000000000000000000000000000000001110000000000000000000000000000000000000000000000000000000000000000000000000000000000000000000000000000000000000000000110000000000000000
0000000000000000000000000011000000000000000000000000000000000000000000000000000000000000000000000000000000000000000000000111000000000000000000000000000000000000000000000000000000000000000000000000000000000000000000000000000000000000000001110000000000000000
0000000000000000000000000011100000000000000000000000000000000000000000000000000000000000000000000000000000000000000000000011000000000000000000000000000000000000000000000000000000000000000000000000000000000000000000000000000000000000000001100000000000000000
0000000000000000000000000001111000000000000000000000000000000000000000000000000000000000000000000000000000000000000000000011000000000000000000000000000000000000000000000000000000000000000000000000000000000000000000000000000000000000000011000000000000000000
0000000000000000000000000000011100000000000000000000000000000000000000000000000000000000000000000000000000000000000000000011000000000000000000000000000000000000000000000000000000000000000000000000000000000000000000000000000000000000000011000000000000000000
0000000000000000000000000000001110000000000000000000000000000000000000000000000000000000000000000000000000000000000000000011000000000000000000000000000000000000000000000000000000000000000000000000000000000000000000000000000000000000000011000000000000000000
0000000000000000000000000000000111000000000000000000000000000000000000000000000000000000000000000000000000000000000000000011100000000000000000000000000000000000000000000000000000000000000000000000000000000000000000000000000000000000001111000000000000000000
0000000000000000000000000000000011100000000000000000000000000000000000000000000000000000000000000000000000000000000000000001000000000000000000000000000000000000000000000000000000000000000000000000000000000000000000000000000000000111111110000000000000000000
0000000000000000000000000000000001110000000000000000000000000000000000000000000000000000000000000000000000000000000000000000000000000000000000000000000000000000000000000000000000000000000000000000000000000000000000000001111111101111111000000000000000000000
0000000000000000000000000000000000110000000000000000000000000000000000000000000000000000000000000000000000000000000000000000000000000000000000000000000000000000000000000000000000000000000000000000000000000000000000000001111111111100000000000000000000000000
0000000000000000000000000000000000011010000000000000000000000000000000000000000000000000000000000000000000000000000000000000000000000000000000000000000000000000000000000000000000000000000000000000000000000000000000000011000001111000000000000000000000000000
0000000000000000000000000000000000011110000000000000000000000000000000000000000000000000000000000000000000000000000000000000000000000000000000000000000000000000000000000000000000000000000000000000000000000000000000000111000000000000000000000000000000000000
0000000000000000000000000000000000011110000000000000000000000000000000000000000000000000000000000000000000000000000000000000000000000000000000000000000000000000000000000000000000000000000000000000000000000000000000001110000000000000000000000000000000000000
0000000000000000000000000000000000001110000000000000000000000000000000000000000000000000000000000000000000000000000000000000000000000000000000000000000000000000000000000000000000000000000000000000000000000000000000111100000000000000000000000000000000000000
0000000000000000000000000000000000000111100000000000000000000000000000000000000000000000000000000000000000000000000000000000000000000000000000000000000000000000000000000000000000000000000000000000000000000000000011111000000000000000000000000000000000000000
0000000000000000000000000000000000000001111000000000000000111111110000000000000000000000000000000000000000000000000000000000000000000000000000000000000000000000000000000000000000000000000000000000000000001100000111000000000000000000000000000000000000000000
0000000000000000000000000000000000000000111100000000000011111111111111111111111000000000000000000000000000000000000000000000000000000000000000000000000000000000000000000000000000000000000000000000000000011110000110000000000000000000000000000000000000000000
0000000000000000000000000000000000000000001110000000000111000000011111111111111111111110000000000000000000000000000000000000000000000000000000000000000000000000000000000000000000000000000000000000000000111111111100000000000000000000000000000000000000000000
0000000000000000000000000000000000000000000111111100001110000000000000000000001111111111110000000000000000000000000000000000000000000000000000000000000000000000000000000000000000000000000000000000000001111011111100000000000000000000000000000000000000000000
0000000000000000000000000000000000000000000011111111111100000000000000000000000000000001111000000000000000000000000000000000000000000000000000000000000000000000000000000000000000000000000000000000000001100000000000000000000000000000000000000000000000000000
0000000000000000000000000000000000000000000000000011111000000000000000000000000000000000011100000000000000000000000000000000000000000000000000000000000000000000000000000000000000000000000000000000000001100000000000000000000000000000000000000000000000000000
0000000000000000000000000000000000000000000000000000111000000000000000000000000000000000001100000000000000000000000000000000000000000000000000000000000000000000000000000000000000000000000000000000000001100000000000000000000000000000000000000000000000000000
0000000000000000000000000000000000000000000000000000011000000000000000000000000000000000000000000000000000000000000000000000000000000000000000000000000000000000000000000000000000000000000000000000000011100000000000000000000000000000000000000000000000000000
0000000000000000000000000000000000000000000000000000011000000000000000000000000000000000000000000000000000000000000000000000000000000000000000000000000000000000000000000000000000000000000000000000000011000000000000000000000000000000000000000000000000000000
0000000000000000000000000000000000000000000000000000001100000000000000000000000000000000000000000000000000000000000000000000000000000000000000000000000000000000000000000000000000000000000000000000000011000000000000000000000000000000000000000000000000000000
0000000000000000000000000000000000000000000000000000001110000000000000000000000000000000000000000000000000000000000000000000000000000000000000000000000000000000000000000000000000000000000000000000000110000000000000000000000000000000000000000000000000000000
0000000000000000000000000000000000000000000000000000000111000000000000000000000000000000000000000000000000000000000000000000000000000000000000000000000000000000000000000000000000000001111100000111011110000000000000000000000000000000000000000000000000000000
0000000000000000000000000000000000000000000000000000000011110000000000000000000000000000000000000000000000000000000000000000000000000000000000000000000000000000000000000000000000000111111111101111111100000000000000000000000000000000000000000000000000000000
0000000000000000000000000000000000000000000000000000000000111000000000000000000000000000000000000000000000000000000000000000000000000000000000000000000000000000000000000000000000001111000111111101100000000000000000000000000000000000000000000000000000000000
0000000000000000000000000000000000000000000000000000000000011000000000000000000000000000000000000000000000000000000000000000000000000000000000000000000000000000000000000000000000001100000000111000000000000000000000000000000000000000000000000000000000000000
0000000000000000000000000000000000000000000000000000000000001100000000000000000000000000000000000000000000000000000000000000000000000000000000000000000000000000000000000000000000011000000000000000000000000000000000000000000000000000000000000000000000000000
0000000000000000000000000000000000000000000000000000000000001110000000000000000000000000000000000000000000000000000000000000000000000000000000000000000000000000000000000000000000011000000000000000000000000000000000000000000000000000000000000000000000000000
0000000000000000000000000000000000000000000000000000000000000110000000000000000000000000000000000000000000000000000000000000000000000000000000000000000000000000000000000000000000011000000000000000000000000000000000000000000000000000000000000000000000000000
0000000000000000000000000000000000000000000000000000000000000011000000000000000000000000000000000000000000000000000000000000000000000000000000000000000000000000000000000000000000110000000000000000000000000000000000000000000000000000000000000000000000000000
0000000000000000000000000000000000000000000000000000000000000011000000000000000000000000000000000000000000000000000000000000000000000000000000000000000000000000000000000000000000110000000000000000000000000000000000000000000000000000000000000000000000000000
0000000000000000000000000000000000000000000000000000000000000001000000000000000000000000000000000000000000000000000000000000000000000000000000000000000000000000000000000000000000110000000000000000000000000000000000000000000000000000000000000000000000000000
0000000000000000000000000000000000000000000000000000000000000000000000000000000000000000000000000000000000000000000000000000000000000000000000000000000000000000000000000000000000110000000000000000000000000000000000000000000000000000000000000000000000000000
0000000000000000000000000000000000000000000000000000000000000000000000000000000000000000000000000000000000000000000000000000000000000000000000000000000000000000000000000000000000110000000000000000000000000000000000000000000000000000000000000000000000000000
0000000000000000000000000000000000000000000000000000000000000000000000000000000000000000000000000000000000000000000000000000000000000000000000000000000000000000000000000000000000110000000000000000000000000000000000000000000000000000000000000000000000000000
0000000000000000000000000000000000000000000000000000000000000000000000000000000000000000000000000000000000000000000000000000000000000000000000000000000000000000000000000000000000011000000000000000000000000000000000000000000000000000000000000000000000000000
0000000000000000000000000000000000000000000000000000000000000000000000000000000000000000000000000000000000000000000000000000000000000000000000000000000000000000000000000000000000011000000000000000000000000000000000000000000000000000000000000000000000000000
0000000000000000000000000000000000000000000000000000000000000000000000000000000000000000000000000000000000000000000000000000000000000000000000000000000000000000000000000000000000110000000000000000000000000000000000000000000000000000000000000000000000000000
0000000000000000000000000000000000000000000000000000000000000000000000000000000000000000000000000000000000000000000000000000000000000000000000000000000000000000000000000000000000011000000000000000000000000000000000000000000000000000000000000000000000000000
0000000000000000000000000000000000000000000000000000000000000000000000000000000000000000000000000000000000000000000000000010000000000000000000000000000000000000000000000000000000011000000000000000000000000000000000000000000000000000000000000000000000000000
0000000000000000000000000000000000000000000000000000000000000000000000000000000000000000000000000000000000000000000000000110000000000000000000000000000000000000000000000000000000011000000000000000000000000000000000000000000000000000000000000000000000000000
0000000000000000000000000000000000000000000000000000000000000000000000000000000000000000000000000000000000000000000000000110000000000000000000000000000000000000000000000000000000111000000000000000000000000000000000000000000000000000000000000000000000000000
0000000000000000000000000000000000000000000000000000000000000000000000000000000000000000000000000000000000000000000000001110000000000000000000000000000000000000000000000000000001110000000000000000000000000000000000000000000000000000000000000000000000000000
0000000000000000000000000000000000000000000000000000000000000000000000000000000000000000000000000000000000000000000000001100000000000000000000000000000000000000000000000000000001100000000000000000000000000000000000000000000000000000000000000000000000000000
0000000000000000000000000000000000000000000000000000000000000000000000000000000000000000000000000000000000000000000000001100000000000000000000000000000000000000000000000000000011100000000000000000000000000000000000000000000000000000000000000000000000000000
0000000000000000000000000000000000000000000000000000000000000000000000000000000000000000000000000000000000000000000000001100000000000000000000000000000000000000000000000000011111000000000000000000000000000000000000000000000000000000000000000000000000000000
0000000000000000000000000000000000000000000000000000000000000000000000000000000000000000000000000000000000000000000000001100000000000000000000000000000000000000000000000000111111000000000000000000000000000000000000000000000000000000000000000000000000000000
0000000000000000000000000000000000000000000000000000000000000000000000000000000000000000000000000000000000000000000000001100000000000000000000000000000000000000000000000000110000000000000000000000000000000000000000000000000000000000000000000000000000000000
0000000000000000000000000000000000000000000000000000000000000000000000000000000000000000000000000000000000000000000000001100000000000000000000000000000000000000000000000001100000000000000000000000000000000000000000000000000000000000000000000000000000000000
0000000000000000000000000000000000000000000000000000000000000000000000000000000000000000000000000000000000000000000000000110000000000000000000000000000000000000000000000001100000000000000000000000000000000000000000000000000000000000000000000000000000000000
0000000000000000000000000000000000000000000000000000000000000000000000000000000000000000000000000000000000000000000000000110000000000000000000000000000000000000000000000001100000000000000000000000000000000000000000000000000000000000000000000000000000000000
0000000000000000000000000000000000000000000000000000000000000000000000000000000000000000000000000000000000000000000000001100000000000000000000000000000000000000000000000001100000000000000000000000000000000000000000000000000000000000000000000000000000000000
0000000000000000000000000000000000000000000000000000000000000000000000000000000000000000000000000000000000000000000000001110000000000000000000000000000000000000000000000001100000000000000000000000000000000000000000000000000000000000000000000000000000000000
0000000000000000000000000000000000000000000000000000000000000000000000000000000000000000000000000000000000000000000000000110000000000000000000000000000000000000000000000001100000000000000000000000000000000000000000000000000000000000000000000000000000000000
0000000000000000000000000000000000000000000000000000000000000000000000000000000000000000000000000000000000000000000000000110000000000000000000000000000000000000000000000011100000000000000000000000000000000000000000000000000000000000000000000000000000000000
0000000000000000000000000000000000000000000000000000000000000000000000000000000000000000000000000000000001111100000000000110000000000000000000000000000000000000000000000011000000000000000000000000000000000000000000000000000000000000000000000000000000000000
0000000000000000000000000000000000000000000000000000000000000000000000000000000000000000000000000000000011111111100000000110000000000000000000000000000000000000000000000011000000000000000000000000000000000000000000000000000000000000000000000000000000000000
0000000000000000000000000000000000000000000000000000000000000000000000000000000000000000000000000000000111000011111111111100000000000000000000000000000000000000000000000011000000000000000000000000000000000000000000000000000000000000000000000000000000000000
0000000000000000000000000000000000000000000000000000000000000000000000000000000000000000000000000000000110000000011111111100000000000000000000000000000000000000000000000111000000000000000000000000000000000000000000000000000000000000000000000000000000000000
0000000000000000000000000000000000000000000000000000000000000000000000000000000000000000000000000000001100000000000000111000000000000000000000000000000000000000000000001110000000000000000000000000000000000000000000000000000000000000000000000000000000000000
0000000000000000000000000000000000000000000000000000000000000000000000000000011000000000000000000000001100000000000000011100000000000000000000000000000000000000000001111100000000000000000000000000000000000000000000000000000000000000000000000000000000000000
0000000000000000000000000000000000000000000000000000000000000000000000000000111100000000000000000000011000000000000000001100000000000000000000000000000000000000000111110000000000000000000000000000000000000000000000000000000000000000000000000000000000000000
0000000000000000000000000000000000000000000000000000000000000000000000000011111110000000001110011100111000000000000000001100000000000000000000000000000000000000001110000000000000000000000000000000000000000000000000000000000000000000000000000000000000000000
0000000000000000000000000000000000000000000000000000000000000000000000000111100110010011111111011111110000000000000000001110000000000000000000000000000000000000011100000000000000000000000000000000000000000000000000000000000000000000000000000000000000000000
0000000000000000000000000000000000000000000000000000000000000000000000001110000111111111111011111011110000000000000000000111000000000000000000000000000000000000011000000000000000000000000000000000000000000000000000000000000000000000000000000000000000000000
0000000000000000000000000000000000000000000000000000000000000000000000001100000011111110000011110001100000000000000000000111100000000000000000000000000000000000011000000000000000000000000000000000000000000000000000000000000000000000000000000000000000000000
0000000000000000000000000000000000000000000000000000000000000000000000011000000000000000000001100000000000000000000000000001100000000000000000000000000000000000011000000000000000000000000000000000000000000000000000000000000000000000000000000000000000000000
0000000000000000000000000000000000000000000000000000000000000000000000111000000000000000000000000000000000000000000000000001100000000000000000000000000000000000011100000000000000000000000000000000000000000000000000000000000000000000000000000000000000000000
0000000000000000000000000000000000000000000000000000000000001111111111110000000000000000000000000000000000000000000000000001100000000000000000000000000000000000001100000000000000000000000000000000000000000000000000000000000000000000000000000000000000000000
0000000000000000000000000000000000000000000000000000000001111111111111111000000000000000000000000000000000000000000000000001100111000000000000000000000000000000001100000000000000000000000000000000000000000000000000000000000000000000000000000000000000000000
0000000000000000000000000000000000000000000000000000000111110000000000011100000000000000000000000000000000000000000000000001111111110000000000000000000000000000000110000000000000000000000000000000000000000000000000000000000000000000000000000000000000000000
0000000000000000000000000000000000000000000000000001111110000000000000001100000000000000000000000000000000000000000000000000111101111000000000000000000000000000000110000000000000000000000000000000000000000000000000000000000000000000000000000000000000000000
0000000000000000000000000000000000000000000000001111111000000000000000001110000000000000000000000000000000000000000000000000001000011000000000000000000000000000000111000000000000000000000000000000000000000000000000000000000000000000000000000000000000000000
0000000000000000000000000000000000000000000011111111000000000000000000000110000000000000000000000000000000000000000000000000000000011000000000000000000000000000011110000000000000000000000000000000000000000000000000000000000000000000000000000000000000000000
0000000000000000000000000000000000000000111111110000000000000000000000000110000000000000000000000000000000000000000000000000000000011000000000000000000000000000011110000000000000000000000000000000000000000000000000000000000000000000000000000000000000000000
0000000000000000000000000000000000000111111100000000000000000000000000000111000000000000000000000000000000000000000000000000000000011000000000000000000000000000011111000000000000000000000000000000000000000000000000000000000000000000000000000000000000000000
0000000000000000000000000000000000001111000000000000000000000000000000000011000000000000000000000000000000000000000000000000000000011100000000000000000000000000001111000000000000000000000000000000000000000000000000000000000000000000000000000000000000000000
0000000000000000000000000000000000111000000000000000000000000000000000000011000000000000000000000000000000000000000000000000000000011100000000000000000000000000001111000000000000000000000000000000000000000000000000000000000000000000000000000000000000000000
0000000000000000000000000000000001110000000000000000000000000000000000000011000000000000000000000000000000000000000000000000000000011100000000000000000000000000011110000000000000000000000000000000000000000000000000000000000000000000000000000000000000000000
0000000000000000000000000000000111100000000000000000000000000000000000000011000000000000000000000000000000000000000000000000000000001100000000000000000000000000111100000000000000000000000000000000000000000000000000000000000000000000000000000000000000000000
0000000000000000000000000000111111000000000000000000000000000000000000000011000000000000000000000000000000000000000000000000000000001100000000000000000000000011111000000000000000000000000000000000000000000000000000000000000000000000000000000000000000000000
0000000000000000000000000011111000000000000000000000000000000000000000000011000000000000000000000000000000000000000000000000000000001100000000000000000000000111110000000000000000000000000000000000000000000000000000000000000000000000000000000000000000000000
0000000000000000000000001111100000000000000000000000000000000000000000000011000000000000000000000000000000000000000000000000000000001100000000000000000000111111100000000000000000000000000000000000000000000000000000000000000000000000000000000000000000000000
0000000000000000000000111110000000000000000000000000000000000000000000000011000000000000000000000000000000000000000000000000000000001100000000000000111111111110000000000000000000000000000000000000000000000000000000000000000000000000000000000000000000000000
0000000000000000000001111000000000000000000000000000000000000000000000000001100000000000000000000000000000000000000000000000000001111100000000000001111111110000000000000000000000000000000000000000000000000000000000000000000000000000000000000000000000000000
0000000000000000000111100000000000000000000000000000000000000000000000000001100000000000000000000000000000000000000000000000000011111100000000000111100111100000000000000000000000000000000000000000000000000000000000000000000000000000000000000000000000000000
0000000000000000011110000000000000000000000000000000000000000000000000000001100000000000000000000000000000000000000000000000000111001100000000001111011110000000000000000000000000000000000000000000000000000000000000000000000000000000000000000000000000000000
0000000000000000111100000000000000000000000000000000000000000000000000000001100000000000000000000000000000000000000000000000000011001111111000011100011000000000000000000000000000000000000000000000000000000000000000000000000000000000000000000000000000000000
0000000000000001110000000000000000000000000000000000000000000000000000000001100000000000000000000000000000000000000000000000000011000111111111111000110000000000000000000000000000000000000000000000000000000000000000000000000000000000000000000000000000000000
0000000000000111100000000000000000000000000000000000000000000000000000000001100000000000000000000000000000000000000000000000000001100001001111110001110000000000000000000000000000000000000000000000000000000000000000000000000000000000000000000000000000000000
0000000000001110000000000000000000000000000000000000000000000000000000000001100000000000000000000000000000000000000000000000000001110000000000000111100000000000000000000000000000000000000000000000000000000000000000000000000000000000000000000000000000000000
0000000000011100000000000000000000000000000000000000000000000000000000000011000000000000000000000000000000000000000000000000000000111001100000111111000000000000000000000000000000000000000000000000000000000000000000000000000000000000000000000000000000000000
0000000001111000000000000000000000000000000000000000000000000000000000000011000000000000000000000000000000000000000000000000000000011111111011111100000000000000000000000000000000000000000000000000000000000000000000000000000000000000000000000000000000000000
0000000011100000000000000000000000000000000000000000000000000000000000000011000000000000000000000000000000000000000000000000000000000110111111000000000000000000000000000000000000000000000000000000000000000000000000000000000000000000000000000000000000000000
0000000111000000000000000000000000000000000000000000000000000000000000000011000000000000000000000000000000000000000000000000000000000000001100000000000000000000000000000000000000000000000000000000000000000000000000000000000000000000000000000000000000000000
0000001110000000000000000000000000000000000000000000000000000000000000000011000000000000000000000000000000000000000000000000000000000000000000000000000000000000000000000000000000000000000000000000000000000000000000000000000000000000000000000000000000000000
0000011100000000000000000000000000000000000000000000000000000000000000000011000000000000000000000000000000000000000000000000000000000000000000000000000000000000000000000000000000000000000000000000000000000000000000000000000000000000000000000000000000000000
0000111000000000000000000000000000000000000000000000000000000000000000000011000000000000000000000000000000000000000000000000000000000000000000000000000000000000000000000000000000000000000000000000000000000000000000000000000000000000000000000000000000000000
0001110000000000000000000000000000000000000000000000000000000000000000000111000000000000000000000000000000000000000000000000000000000000000000000000000000000000000000000000000000000000000000000000000000000000000000000000000000000000000000000000000000000000
0011100000000000000000000000000000000000000000000000000000000000000000000110000000000000000000000000000000000000000000000000000000000000000000000000000000000000000000000000000000000000000000000000000000000000000000000000000000000000000000000000000000000000
0011000000000000000000000000000000000000000000000000000000000000000000000110000000000000000000000000000000000000000000000000000000000000000000000000000000000000000000000000000000000000000000000000000000000000000000000000000000000000000000000000000000000000
0110000000000000000000000000000000000000000000000000000000000000000000001110000000000000000000000000000000000000000000000000000000000000000000000000000000000000000000000000000000000000000000000000000000000000000000000000000000000000000000000000000000000000
1100000000000000000000000000000000000000000000000000000000000000000000001100000000000000000000000000000000000000000000000000000000000000000000000000000000000000000000000000000000000000000000000000000000000000000000000000000000000000000000000000000000000000
1000000000000000000000000000000000000000000000000000000000000000000000011000000000000000000000000000000000000000000000000000000000000000000000000000000000000000000000000000000000000000000000000000000000000000000000000000000000000000000000000000000000000000
1000000000000000000000000000000000000000000000000000000000000000000000110000000000000000000000000000000000000000000000000000000000000000000000000000000000000000000000000000000000000000000000000000000000000000000000000000000000000000000000000000000000000000
0000000000000000000000000000000000000000000000000000000000000000000001100000000000000000000000000000000000000000000000000000000000000000000000000000000000000000000000000000000000000000000000000000000000000000000000000000000000000000000000000000000000000000
0000000000000000000000000000000000000000000000000000000000000000000111000000000000000000000000000000000000000000000000000000000000000000000000000000000000000000000000000000000000000000000000000000000000000000000000000000000000000000000000000000000000000000
0000000000000000000000000000000000000000000000000000000000000000001110000000000000000000000000000000000000000000000000000000000000000000000000000000000000000000000000000000000000000000000000000000000000000000000000000000000000000000000000000000000000000000
0000000000000000000000000000000000000000000000000000000000000000111100000000000000000000000000000000000000000000000000000000000000000000000000000000000000000000000000000000000000000000000000000000000000000000000000000000000000000000000000000000000000000000
0000000000000000000000000000000000000000000000000000000000000001111000000000000000000000000000000000000000000000000000000000000000000000000000000000000000000000000000000000000000000000000000000000000000000000000000000000000000000000000000000000000000000000
0000000000000000000000000000000000000000000000000000000000000111100000000000000000000000000000000000000000000000000000000000000000000000000000000000000000000000000000000000000000000000000000000000000000000000000000000000000000000000000000000000000000000000
0000000000000000000000000000000000000000000000000000000000001110000000000000000000000000000000000000000000000000000000000000000000000000000000000000000000000000000000000000000000000000000000000000000000000000000000000000000000000000000000000000000000000001
0000000000000000000000000000000000000000000000000000000000011100000000000000000000000000000000000000000000000000000000000000000000000000000000000000000000000000000000000000000000000000000000000000000000000000000000000000000000000000000000000000000000000011
0000000000000000000000000000000000000000000000000000000000111000000000000000000000000000000000000000000000000000000000000000000000000000000000000000000000000000000000000000000000000000000000000000000000000000000000000000000000000000000000000000000000000111
0000000000000000000000000000000000000000000000000000000001110000000000000000000000000000000000000000000000000000000000000000000000000000000000000000000000000000000000000000000000000000000000000000000000000000000000000000000000000000000000000000000000011111
0000000000000000000000000000000000000000000000000000000011100000000000000000000000000000000000000000000000000000000000000000000000000000000000000000000000000000000000000000000000000000000000000000000000000000000000000000000000000000000000000000000111111110
0000000000000000000000000000000000000000000000000000000111000000000000000000000000000000000000000000000000000000000000000000000000000000000000000000000000000000000000000000000000000000000000000000000000000000000000000000000000000000000000001111111111101110
0000000000000000000000000000000000000000000000000000000110000000000000000000000000000000000000000000000000000000000000000000000000000000000000000000000000000000000000000000000000000000000000000000000000000000000000000000000000000000000000111111111000011100
0000000000000000000000000000000000000000000000000000001100000000000000000000000000000000000000000000000000000000000000000000000000000000000000000000000000000000000000000000000000000000000000000000000000000000000000000000000000000000000001110000000000011000
0000000000000000000000000000000010000000000000000000011100000000000000000000000000000000000000000000000000000000000000000000000000000000000000000000000000000000000000000000000000000000000000000000000000000000000000000000000000000000000111000000000000110000
0000000000000000000000000000000111110000000000000000111000000000000000000000000000000000000000000000000000000000000000000000000000000000000000000000000000000000000000000000000000000000000000000000000000000000000000000000000000000000011110000000000000110000
0000000000000000000000000000001111111100000000000001110000000000000000000000000000000000000000000000000000000000000000000000000000000000000000000000000000000000000000000000000000000000000000000000000000000000000000000000000000000000111100000000000001100000
0000000000000000000000000000011100011111000000000011100000000000000000000000000000000000000000000000000000000000000000000000000000000000000000000000000000000000000000000000000000000000000000000000000000000000000000000000000000000001110000000000000011100000
0000000000000000000000000000111000000011110000000111000000000000000000000000000000000000000000000000000000000000000000000000000000000000000000001000000000000000000000000000000000000000000000000000000000000000000000000000000000001111100000000000000011000000
0000000000000000000000000000110000000000111100001110000000000000000000000000000000000000000000000000000000000000000000000000000000000000000000001100000000000000000000000000000000000000000000000000000000000000000000000000000000011111000000000000000111000000
0000000000000000000000000001110000000000001111011100000000000000000000000000000000000000000000000000000000000000000000000000000000000000000000001100000000000000000000000000000000000000000000000000000000000000000000000000000000011000000000000000000110000000
0000000000000000000000000001100000000000000011111000000000000000000000000000000000000000000000000000000000000000000000000000000000000000000000001100000000000000000000000000000000000000000000000000000000000000000000000000000000011000000000000000001110000000
1111100000000000001111111111000000000000000001110000000000000000000000000000000000000000000000000000000000000000000000000000000000000000000000000110000000000000000000000000000000000000000000000000000000000000000000000000000000011000000000000000001100000000
1111111100111111111111111111000000000000000001100000000000000000000000000000000000000000000000000000000000000000000000000000000000000000000000000110000000000000000000000000000000000000000000000000000000000000000000000000000000011000000000000000011000000000
1000111111111111110000000000000000000000000011000000000000000000000000000000000000000000000000000000000000000000000000000000000000000000000000000110000000000000000000000000000000000000000000000000000000000000000000000000000000110000000000000001111000000000
1000000011000000000000000000000000000000000110000000000000000000000000000000000000000000000000000000000000000000000000000000000000000000000000000110000000000000000000000000000000000000000000000000000000000000000000000000000000110000000000000111110000000000
1000000000000000000000000000000000000000001110000000000000000000000000000000000000000000000000000000000000000000000000000000000000000000000000001100000000000000000000000000000000000000000000000000000000000000000000000000000000110000000000011111000000000000
1000000000000000000000000000000000000000011100000000000000000000000000000000000000000000000000000000000000000000000000000000000000000000000000011000000000000000000000000000000000000000000000000000000000000000000000000000000000110000000001111000000000000000
1000000000000000000000000000000000000000111000000000000000000000000000000000000000000000000000000000000000000000000000000000000000000000000000011000000000000000000001110100000000000000000000000000000000000000000000000000000000111000000111110000000000000000
1100000000000000000000000000000000000000110000000000000000000000000000000000000000000000000000000000000000000000000000000000000000000000000000111000000000000000000011111110000000000000000000000000000000000000000000000000000000011000001111000000000000000000
0110000000000000000000000000000000000001100000000000000000000000000000000000000000000000000000000000000000000000000000000000000000000000000000011000000000000000001111011000000000000000000000000000000000000000000000000000000000011000011100000000000000000000
0010000000000000000000000000000000000011100000000000000000000000000000000000000000100000000000000000000000000000000000000000000000000000000000011000000000000000011110000000000000000000000000000000000000000000000000000000000000011000011000000000000000000000
0000000000000000000000000000000000000011000000000000000000000000000000000000000001100000000000000000000000000000000000000000000000000000000000011100000000000000111000000000000000000000000000000000000000000000000000000000000000011000110000000000000000000000
0000000000000000000000000000000000000110000000000000000000000000000000000000000001100000000000000000000000000000000000000000000000000000000000011100000000000001110000000000000000000000000000000000000000000000000000000000000000011001110000000000000000000000
0000000000000000000000000000000000000110000000000000000000000000000000000000000001100000000000000000000000000000000000000000000000000000000000011000000000000001100000000000000000000000000000000000000000000000000000000000000000011001100000000000000000000000
0000000000000000000000000000000000000110000000000000000000000000000000000000000001100000000000000000000000000000000000000000000000000000000000011000000000000001100000000000000000000000000000000000000000000000000000000000000000011111000000000000000000000000
0000000000000000000000000000000000000110000000000000000000000000000000000000000001100000000000000000000000000000000000000000000000000000000000001100000000000011000000000000000000000000000000000000000000000000000000000000000000001111000000000000000000000000
0000000000000000000000000000000000001100000000000000000000000000000000000000000001100000000000000000000000000000000000000000000000000000000000001100000000000011000000000000000000000000000000000000000000000000000000000000000000001111000000000000000000000000
0000000000000000000000000000000000001100000000000000000000000000000000000000000001100000000000000000000000000000000000000000000000000000000000000110000000000011000000000000000000000000000000000000000000000000000000000000000000000110000000000000000000000000
0000000000000000000000000000000000001100000000000000000000000000000000000000000001100000000000000000000000000000000000000000000000000000000000000110000000000011000000000000000000000000000000000000000000000000000000000000000000000110000000000000000000000001
0000000000000000000000000000000000000110000000000000000000000000000000000000000011000000000000000000000000000000000000000000000000000000000000000110000000000011000000000000000000000000000000000000000000000000000000000000000000000111000000000000000000000001
0000000000000000000000000000000000000110000000000000000000000000000000000000000011000000000000000000000000000000000000000000000000000000000000000110000000000011000000000000000000000000000000000000000000000000000000000000000000000011000000000000000000000000
0000000000000000000000000000000000000110000000000000000000000000000000000000000011000000000000000000000000000000000000000000000000000000000000000111000000000011000000000000000000000000000000000000000000000000000000000000000000000011000000000000000000000000
0000000000000000000000000000000000000110000000000000000000000000000000000000000011000000000000000000000000000000000000000000000000000000000000000110000000000011000000000000000000000000000000000000000000000000000000000000000000000001100000000000000000000000
0000000000000000000000000000000000000011000000000000000000000000000000000000000011000000000000000000000000000000000000000000000000000000000000001110000000000011000000000000000000000000000000000000000000000000000000000000000000000001110000000000000000000001
0000000000000000000000000000000000000011000000000000000000000000000000000000000001100000000000000000000000000000000000000000000000000000000000001100000000000110000000000000000000000000000000000000000000000000000000000000000000000000110000000000000000000001
0000000000000000000000000000000000000011100000000000000000000000000000000000000001111000000000000000000000000000000000000000000000000000000000001100000000000110000000000000000000000000000000000000000000000000000000000000000000010000111000000000000000000011
0000000000000000000000000000000000000001100000000000000000000000000000000000000000111100000000000000000000000000000000000000000000000000000000001100000000000110000000000000000000000000000000000000000000000000000000000000000001111100011100000011100000000111
0000000000000000000000000000000000000001110000000000000000000000000000000000000000001100000000000000000000000000000000000000000000000000000000001100000000000110000000000000000000000000000000000000000000000000000000000000000000111111001110000111111111001110
0000000000000000000000000000000000000000110000000000000000000000000000000000000000001110000000000000000000000000000000000000000000000000000000001100000000000110000000000000000000000000000000000000000000000000000000000000000000000011110111000110011111111100
0000000000000000000000000000000000000000111000000000000000000000000000000000000000001100000000000000000000000000000000000000000000000000000000011100000000000110000000000000000000000000000000000000000000000000000000000000000000000000111111101100000000111000
0000000000000000000000000000000000000000011100000000000000000000000000000000000000001100000000000000000000000000000000000000000000000000000000011000000000001110000000000000000000000000000000000000000000000000000000000000000000000000001111111100000000111000
0000000000000000000000000000000000000000001110000000000000000000000000000000000001111100000000000000000000000000000000000000000000000000000000111000000000011100000000000000000000000000000000000000000000000000000000000000000000000000000011111100000000011100
0000000000000000000000000000000000000000000111000000000000000000000000000000000111111000000000000000000000000000000000000000000000000000000000110000000000111000000000000000000000000000000000000000000000000000000000000000000000000000000000011100000000001110
0000000000000000000000000000000000000000000011100000000000000000000000000000001110010000000000000000000000000000000000000000000000000000000000111000000001110000000000000000000000000000000000000000000000000000000000000000000000000000000000011100000000000011
0000000000000000000000000000000000000000000001100000000000000000000000000000001100000000000000000000000000000000000000000000000000000000000000011000000111100000000000000000000000000000000000000000000000000000000000000000000000000000000000001100000000000001
0000000000000000000000000000000000000000000000110000000000000000000000000000011000000000000000000000000000000000000000000000000000000000000000011100001110000000000000000000000000000000000000000000000000000000000000000000000000000000000000001100000000000000
0000000000000000000000000000000000000000000000011000000000000000000000000000111000000000000000000000000000000000000000000000000000000000000000111110111100000000000000000000000000000000000000000000000000000000000000000000000000000000000000001100000000000000
0000000000000000000000000000000000000000000000011100000000000000000000000001110000000000000000000000000000000000000000000000000000000000000001111111110000000000000000000000000000000000000000000000000000000000000000000000000000000000000000001100000000000000
1000000000000000000000000000000000000000000000001110000000000000000000000001100000000000000000000000000000000000000000000000000000001111111111100001000000000000000000000000000000000000000000000000000000000000000000000000000000000000000000001100000000000000
1000000000000000000000000000000000000000000000000111000000000000000000000011111110000000000000000000000000000000000000000000000000011111111110000000000000000000000000000000000000000000000000000000000000000000000000000000000000000000000000001100000000000000
1000000000000000000000000000000000000000000000000011100000000000000000000111111111111000000000000000000000000000000000000000000001111000000000000000000000000000000000000000000000000000000000000000000000000000000000000000000000000000000000011000000000000000
1100000000000000000000000000000000000000000000000001110000000000000000000111100001111100000000000000000000000000000000000000000011100000000000000000000000000000000000000000000000000000000000000000000000000000000000000000000000000000000000011000000000000000
1100000000000000000000000000000000000000000000000000111100000000000000000110000000001110000000000000000000000000000000000000001111000000000000000000000000000000000000000000000000000000000000000000000000000000000000000000000000000000000000110000000000000000
1100000000000000000000000000000000000000000000000000001110000000000000001100000000000110000000000000000000000000000000000000011110000000000000000000000000000000000000000000000000000000000000000000000000000000000000000000000000000000000000110000000000000000
1100000000000000000000000000000000000000000000000000000111000000000000111100000000000110000000000000000000000000000000000000111000000000000000000000000000000000000000000000000000000000000000000000000000000000000000000000000000000000000000110000000000000000
1100000000000000000000000000000000000000000000000000000011110000000001110000000000000011000000000000000000000000000000000011110000000000000000000000000000000000000000000000000000000000000000000000000000000000000000000000000000000000000001100000000000000000
1100000000000000000000000000000000000000000000000000000000111100000001100000000000000011000000000000000000000000000000000111000000000000000000000000000000000000000000000000000000000000000000000000000000000000000000000000000000000000000001100000000000000000
