0000000000000000000000000000000000000000000000000000000000000000000000000000000000000000000000000000000000000000000000000000000000000000000000000000000000000000000000000000000000000000000000000000000000000000000000000000000000000000000000000000000000000000
0000000000000000000000000000000000000000000000000000000000000000000000000000000000000000000000000000000000000000000000000000000000000000000000000000000000000000000000000000000000000000000000000000000000000000000000000000000000000000000000000000000000000000
0000000000000000000000000000000000000000000000000000000000000000000000000000000000000000000000000000000000000000000000000000000000000000000000000000000000000000000000000000000000000000000000000000000000000000000000000000000000000000000000000000000000000000
0000000000000000000000000000000000000000000000000000000000000000000000000000000000000000000000000000000000000000000000000000000000000000000000000000000000000000000000000000000000000000000000000000000000000000000000000000000000000000000000000000000000000000
0000000000000000000000000000000000000000000000000000000000000000000000000000000000000000000000000000000000000000000000000000000000000000000000000000000000000000000000000000000000000000000000000000000000000000000000000000000000000000000000000000000000000000
0000000000000000000000000000000000000000000000000000000000000000000000000000000000000000000000000000000000000000000000000000000000000000000000000000000000000000000000000000000000000000000000000000000000000000000000000000000000000000000000000000000000000000
0000000000000000000000000000000000000000000000000000000000000000000000000000000000000000000000000000000000000000000000000000000000000000000000000000000000000000000000000000000000000000000000000000000000000000000000000000000000000000000000000000000000000000
0000000000000000000000000000000000000000000000000000000000000000000000000000000000000000000000000000000000000000000000000000000000000000000000000000000000000000000000000000000000000000000000000000000000000000000000000000000000000000000000000000000000000000
0000000000000000000000000000000000000000000000000000000000000000000000000000000000000000000000000000000000000000000000000000000000000000000000000000000000000000000000000000000000000000000000000000000000000000000000000000000000000000000000000000000000000000
0000000000000000000000000000000000000000000000000000000000000000000000000000000000000000000000000000000000000000000000000000000000000000000000000000000000000000000000000000000000000000000000000000000000000000000000000000000000000000000000000000000000000000
0000000000000000000000000000000000000000000000000000000000000000000000000000000000000000000000000000000000000000000000000000000000000000000000000000000000000000000000000000000000000000000000000000000000000000000000000000000000000000000000000000000000000000
0000000000000000000000000000000000000000000000000000000000000000000000000000000000000000000000000000000000000000000000000000000000000000000000000000000000000000000000000000000000000000000000000000000000000000000000000000000000000000000000000000000000000000
0000000000000000000000000000000000000000000000000000000000000000000000000000000000000000000000000000000000000000000000000000000000000000000000000000000000000000000000000000000000000000000000000000000000000000000000000000000000000000000000000000000000000000
0000000000000000000000000000000000000000000000000000000000000000000000000000000000000000000000000000000000000000000000000000000000000000000000000000000000000000000000000000000000000000000000000000000000000000000000000000000000000000000000000000000000000000
0000000000000000000000000000000000000000000000000000000000000000000000000000000000000000000000000000000000000000000000000000000000000000000000000000000000000000000000000000000000000000000000000000000000000000000000000000000000000000000000000000000000000000
0000000000000000000000000000000000000000000000000000000000000000000000000000000000000000000000000000000000000000000000000000000000000000000000000000000000000000000000000000000000000000000000000000000000000000000000000000000000000000000000000000000000000000
0000000000000000000000000000000000000000000000000000000000000000000000000000000000000000000000000000000000000000000000000000000000000000000000000000000000000000000000000000000000000000000000000000000000000000000000000000000000000000000000000000000000000000
0000000000000000000000000000000000000000000000000000000000000000000000000000000000000000000000000000000000000000000000000000000000000000000000000000000000000000000000000000000000000000000000000000000000000000000000000000000000000000000000000000000000000000
0000000000000000000000000000000000000000000000000000000000000000000000000000000000000000000000000000000000000000000000000000000000000000000000000000000000000000000000000000000000000000000000000000000000000000000000000000000000000000000000000000000000000000
0000000000000000000000000000000000000000000000000000000000000000000000000000000000000000000000000000000000000000000000000000000000000000000000000000000000000000000000000000000000000000000000000000000000000000000000000000000000000000000000000000000000000000
0000000000000000000000000000000000000000000000000000000000000000000000000000000000000000000000000000000000000000000000000000000000000000000000000000000000000000000000000000000000000000000000000000000000000000000000000000000000000000000000000000000000000000
0000000000000000000000000000000000000000000000000000000000000000000000000000000000000000000000000000000000000000000000000000000000000000000000000000000000000000000000000000000000000000000000000000000000000000000000000000000000000000000000000000000000000000
0000000000000000000000000000000000000000000000000000000000000000000000000000000000000000000000000000000000000000000000000000000000000000000000000000000000000000000000000000000000000000000000000000000000000000000000000000000000000000000000000000000000000000
0000000000000000000000000000000000000000000000000000000000000000000000000000000000000000000000000000000000000000000000000000000000000000000000000000000000000000000000000000000000000000000000000000000000000000000000000000000000000000000000000000000000000000
0000000000000000000000000000000000000000000000000000000000000000000000000000000000000000000000000000000000000000000000000000000000000000000000000000000000000000000000000000000000000000000000000000000000000000000000000000000000000000000000000000000000000000
0000000000000000000000000000000000000000000000000000000000000000000000000000000000000000000000000000000000000000000000000000000000000000000000000000000000000000000000000000000000000000000000000000000000000000000000000000000000000000000000000000000000000000
0000000000000000000000000000000000000000000000000000000000000000000000000000000000000000000000000000000000000000000000000000000000000000000000000000000000000000000000000000000000000000000000000000000000000000000000000000000000000000000000000000000000000000
0000000000000000000000000000000000000000000000000000000000000000000000000000000000000000000000000000000000000000000000000000000000000000000000000000000000000000000000000000000000000000000000000000000000000000000000000000000000000000000000000000000000000000
0000000000000000000000000000000000000000000000000000000000000000000000000000000000000000000000000000000000000000000000000000000000000000000000000000000000000000000000000000000000000000000000000000000000000000000000000000000000000000000000000000000000000000
0000000000000000000000000000000000000000000000000000000000000000000000000000000000000000000000000000000000000000000000000000000000000000000000000000000000000000000000000000000000000000000000000000000000000000000000000000000000000000000000000000000000000000
0000000000000000000000000000000000000000000000000000000000000000000000000000000000000000000000000000000000000000000000000000000000000000000001000000000000000000000000000000000000000000000000000000000000000000000000000000000000000000000000000000000000000000
0000000000000000000000000000000000000000000000000000000000000000000000000000000000000000000000000000000000000000000000000000000000000000000011000000000000100000000000000000000000000000000000000000000000000000000000000000000000000000000000000000000000000000
0000000000000000000000000000000000000000000000000000000000000000000000000000000000000000000000000000000000000000000000000000000000000000000001100000000001100000000000000000000000000000000000000000000000000110000000000000000000000000000000000000000000000000
0000000000000000000000000000000000000000000000000000000000000000000000000000000000000000000000000000000000000000000000000000000000000000000001100000000000110000000000000000000000000000000000000000000000001100000000000000000000000000000000000000000000000000
0000000000000000000000000000000000000000000000000000000000000000000000000000000000000000000000000000000000000000000000000000000000000000000001100000000000110000000000000000000000000000000000000000000000011100000000000000000000000000000000000000000000000000
0000000000000000000000000000000000000000000000000000000000000000000000000000000000000000000000000000000000000000000000000000000000000000000001100000000000110000000000000000000000000000000000000000000001111000000000000000000000000000000000000000000000000000
0000000000000000000000000000000000000000000000000000000000000000000000000000000000000000000000000000000000000000000000000000000000000000000001100000000000110000000000000000000000000000000000000000001111110000000000000000000000000000000000000000000000000000
0000000000000000000000000000000000000000000000000000000000000000000000000000000000000000000000000000000000000000000000000000000000000000000001100000000000110000000000000000000000000000000000000000111110000000000000000000000000000000000000000000000000000000
0000000000000000000000000000000000000000000000000000000000000000000000000000000000000000000000000000000000000000000000000000000000000000000001100000000000110000000000000000000000000000000000000011110000000000000000000000000000000000000000000000000000000000
0000000000000000000000000000000000000000000000000000000000000000000000000000000000000000000000000000000000000000000000000000000000000000000011100000000000110000000000000000000000000000000000000011000000000000000000000000000000000000000000000000000000000000
0000000000000000000000000000000000000000000000000000000000000000000000000000000000000000000000000000000000000000000000000000000000000000000011000000000000111000000000000000000000000000000000000110000000000000000000000000000000000000000000000000000000000000
0000000000000000000000000000000000000000000000000000000000000000000000000000000000000000000000000000000000000000000000000000000000000000000011000000000000011000000000000000000000000000000000000110000000000000000000000000000000000000000000000000000000000000
0000000000000000000000000000000000000000000000000000000000000000000000000000000000000000000000000000000000000000000000000000000000000000000011000000000000111000000000000000000000000000000000000110000000000000000000000000000000000000000000000000000000000000
0000000000000000000000000000000000000000000000000000000000000000000000000000000000000000000000000000000000000000000000000000000000000000000011000000000000110000000000000000000000000000000000011100000000000000000000000000000000000000000000000000000000000000
0000000000000000000000000000000000000000000000000000000000000000000000000000000000000000000000000000000000000000000000000000000000000000000011000000000000110000000000000000000000000000000000111000000000000000000000000000000000000000000000000000000000000000
0000000000000000000000000000000000000000000000000000000000000000000000000000000000000000000000000000000000000000000000000000000000000000000110000000000000110000000000000000000000000000000000110000000000000000000000000000000000000000000000000000000000100000
0000000000000000000000000000000000000000000000000000000000000000000000000000000000000000000000000000000000000000000000000000000000000000000110000000000000110000000000000000000000000000000001110000000000000000000000000000000000000000000000000000000000110000
0000000000000000000000000000000000000000000000000000000000000000000000000000000000000000000000000000000000000000000000000000000000000000000110000000000000110000000000000000000000000000000001100000000000000000000000000000000000000000000000000000000000110000
0000000000000000000000000000000000000000000000000000000000000000000000000000000000000000000000000000000000000000000000000000000000000000000110000000000000110000000000000000000000000000000011100000000000000000000000000000000000000000000000000000000000110000
0000000000000000000000000000000000000000000000000000000000000000000000000000000000000000000000000000000000000000000000000000000000000000000110000000000000110000000000000000000000000000000111000000000000000000000000000000000000000000000000000000000000110000
0000000000000000000000000000000000000000000000000000000000000000000000000000000000000000000000000000000000000000000000000000000000000000000110000000000000110000000000000000000000000000000111000000000000000000000000000000000000000000000000000000000000110000
0000000000000000000000000000000000000000110000000000000000000000000000000000000000000000000000000000000000000000000000000000000000000000000110000000000000110000000000000000000000000000000011000000000000000000000000000000000000000000000000000000000000011000
0000000000000000000000000000000000000000110000000000000000000000000000000000000000000000000000000000000000000000000000000000000000000000000010000000000000011000000000000000000000000000000011000000000000000000000000000000000000000000000000000000000000011000
0000000000000000000000000000000000000000110000000000000000000000000000000000000000000000000000000000000000000000000000000000000000000000000000000000000000011000000000000000000000000000000011000000000000000000000000000000000000000000000000000000000000011100
0000000000000000000000000000000000000000110000000000000000000000000000000000000000000000000000000000000000000000000000000000000000000000000000000000000000011100000000000000000000000000000011000000000000000000000000000000000000000000000000000000000000001100
0000000000000000000000000000000000000000110000000000000000000000000000000000000000000000000000000000000000000000000000000000000000000000000000000000000000001100000000000000000000000000000111000000000000000000000000000000000000000000000000000000000000000110
0000000000000000000000000000000000000000110000000000000000000000000000000000000000000000000000000000000000000000000000000000000000000000000000000000000000001100000000000000000000000000000110000000000000000000000000000000000000000000000000000000000000000111
0000000000000000000000000000000000000000110000000000000000000000000000000000000000000000000000000000000000000000000000000000000000000000000000000000000000001110000000000000000000000000000110000000000000000000000000000000000000000000000000000000000000000011
0000000000000000000000000000000000000000110000000000000000000000000000000000000000000000000000000000000000000000000000000000000000000000000000000000000000000110000000000000000000000000001100000000000000000000000000000000000000000000000000000000000000000011
0000000000000000000000000000000000000000110000000000000000000000000000000000000000000000000000000000000000000000000000000000000000000000000000000000000000000110000000000000000000000000001100000000000000000000000000000000000000000000000000000000000000000001
0000000000000000000000000000000000000000110000000000000000000000000000000000000000000000000000000000000000000000000000000000000000000000000000000000000000000110000000000000000000000000011100000000000000000000000000000000000000000000000000000000000000000001
0000000000000000000000000000000000000000110000000000000000000000000000000000000000000000000000000000000000000000000000000000000000000000000000000000000000000110000000000000000000000000011000000000000000000000000000000000000000000000000000000000000000000000
0000000000000000000000000000000000000001100000000000000000000000000000000000000000000000000000000000000000000000000000000000000000000000000000000000000000000111000000000000000000000000110000000000000000000000000000000000000000000000000000000000000000000000
0000000000000000000000000000000000000001100000000000000000000000000000000000000000000000000000000000000000000000000000000000000000000000000000000000000000000111000000000000000000000011110000000000000000000000000000000000000000000000000000000000000000000000
0000000000000000000000000000000000000001100000000000000000000000000000000000000000000000000000000000000000000000000000000000000000000000000000000000000000001111100000000000000000011111000000000000000000000000000000000000000000000000000000000000000000000000
0000000000000000000000000000000000000001100000000000000000000000000000000000000000000000000000000000000000000000000000000000000000000000000000000000000000001101110000000000000000111110000000000000000000000000000000000000000000000000000000000000000000000000
0000000000000000000000000000000000000011000000000000000000000000000000000000000000000000000000000000000000000000000000000000000000000000000000000000000000001100011100000000000000110000000000000000000000000000000000000000000000000000000000000000000000000000
0000000000000000000000000000000000000011000000000000000000000000000000000000000000000000000000000000000000000000000000000000000000000000000000000000000000011100001111000000000001100000000000000000000000000000000000000000000000000000000000000000000000000000
0000000000000000000000000000000000000011000000000000000000000000000000000000000000000000000000000000000000000000000000000000000000000000000000000000000000011000000111110000000001100000000000000000000000000000000000000000000000000000000000000000000000000000
0000000000000000000000000000000000000111000000000000000000000000000000000000000000000000000000000000000000000000000000000000000000000000000000000000000000111000000001111000000001100000000000000000000000000000000000000000000000000000000000000000000000000000
0000000000000000000000000000000000000110000000000000000000000000000000000000000000000000000000000000000000000000000000000000000000000000000000000000000000110000000000011110000001100000000000000000000000000000000000000000000000000000000000000000000000000000
0000000000000000000000000000000000000110000000000000000000000000000000000000000000000000000000000000000000000000000000000000000000000000000000000000000001100000000000000111100001100000000000000000000000000000000000000000000000000000000000000000000000000000
0000000000000000000000000000000000001100000000000000000000000000000000000000000000000000000000000000000000000000000000000000000000000000000000000000000011100000000000000011100001100000000000000000000000000000000000000000000000000000000000000000000000000000
0000000000000000000000000000000000001100000000000000000000000000000000000000000000000000000000000000000000000000000000000000000000000000000000000000000111000000000000000000000001100000000000000000000000000000000000000000000000000000000000000000000000000000
0000000000000000000000000000000000011100000000000000000000000000000000000000000000000000000000001100000000000000000000000000000000000000000000000000000110000000000000000000000000110000000000000000000000000000000000000000000000000000000000000000000000000000
0000000000000000000000000000000000111000000000000000000000000000000000000000000000000000000000001100000000000000000000000000000000000000000000000000001100000000000000000000000000110000000000000000000000000000000000000000000000000000000000000000000000000011
0000000000000000000000000000000000111000000000000000000000000000000000000000000000000000000000001100000000000000000000000000000000000000000000000000011100000000000000000000000000000000000000000000000000000000000000000000000000000000000000000000000000000111
0000000000000000000000000000001001111100000000000000000000000000000000000000000000000000000000011100000000000000000000000000000000000000000000000000011000000000000000000000000000000000000000000000000000000000000000000000000000000000000000000000000000011110
0000000000000000000000000000111111101111000000000000000000000000000000000000000000000000000000011000000000000000000000000000000000000000000000000000110000000000000000000000000000000000000000000000000000000000000000000000000000000000000000000000000001111000
0000000000000000000000000001111111000011000000000000000000000000000000000000000000000000000000011000000000000100000000000000000000000000000000000001110000000000000000000000000000000000000000000000000000000000000000000000000000000000000000000000000011110000
0000000000000000000000000001100110000011100000000000000000000000000000000000000000000000000000011000000000011111111111110000000000000000000000000001100000000000000000000000000000000000000000000000000000000000000000000000000000000000000000000000000111000000
0000000000000000000000000011100110000001110000000000000000000000000000000000000000000000000000001100000011111111111111111100000000000000000000000011100000000000000000000000000000000000000000000000000000000000000000000000000000000000000000000000000110000000
0000000000000000000000000111000110000000111000000000000000000000000000000000000000000000000000001100000111100000000000001100000000000000000000000011000000000000000000000000000000000000000000000000000000000000000000000000000000000000000000000000000110000000
0000000000000000000000001110000110000000011111100000000000000000000000000000000000000000000000001110011110000000000000000000000000000000000000000110000000000000000000000000000000000000000000000000000000000000000000000000000000000000000000000000001110000000
0000000000000000000000011100000110000000001111111111000001110000000000000000000000000000000000000110111000000000000000000000000000000000000000001110000000000000000000000000000000000000000000000000000000000000000000000000000000000000000000000000111100000000
0000000000000000000000011000000110000000000000111111111111110000000000000000000000000000000000000111110000000000000000000000000000000000000000011100000000000000000000000000000000000000000000000000000000000000000000000000000000000000000000000000111000000000
0000000000000000000000011000000110000000000000000001111110000000000000000000000000000000000000000111100000000000000000000000000000000000000000111000000000000000000000000000000000000000000000000000000000000000000000000000000000000000000000000111100000000000
0000000000000000000000011100000110000000000000000000001100000000000000000000000000000000000000000111000000000000000000000000000000000000000000111000000000000000000000000000000000000000000000000000000000000000000000000000000000000000000000001111100000000000
0000000000000000000000001100000110000000000000000000001100000000000000000000000000000000000000001111000000000000000000000000000000000000000001110000000000000000000000000000000000000000000000000000000000000000000000000000000000000000000001111111000000000000
0000000000000000000000001100000110000000000000000000000110000000000000000000000000000000000000011110000000000000000000000000000000000000000011110000000000000000000000000000000000000000000000000000000000000000000000000000000000000000000011110011000000000000
0000000000000000000000001100000110000000000000000000000110000000000000000000000000000000000000111100000000000000000000000000000000000000000111110000000000000000000000000000000000000000000000000000000000000000000000000000000000000000010111000110000000000000
0000000000000000000000001100000110000000000000000000000111000000000000000000000000000000000000110000000000000000000000000000000000000000001100110000000000000000000000000000000000000000000000000000000000000000000000000000000000000011111110001110000000000000
0000000000000000000000001100000110000000000000000000000011000000000000000000000000000000000000111000000000000000000000000000000000000000011100110000000000000000000000000000000000000000000000000000000000000000000000000000000000000011111000011100000000000000
0000000000000000000000011000000110000000000000000000000011000000000000000000000000000000000000011100000000000000000000000000000000000000111000011000000000000000000000000000000000000000000000000000000000000000000000000000000000000111000001111000000000000000
0000000000000000000000111000000110000000000000000000000011000000000000000000000000000000000000011100000000000000000000000000000000000000010000011000000000000000000000001110000000000000000000000000000000000000000000000000000000001110000011110000000000000000
0000000000000000000000110000000110000000000000000000000001000000000000000000000000000000000000011000000000000000000000000000000000000000000000011000000000000000000000011111111000000000000000000000000000000000000000000000000000011100000111000000000000000000
0000000000000000000000110000000110000000000000000000000000000000000000000000000000000000000000011000000000000000000000000000000000000000000000011000000000000000000000011011111110000000000000000000000000000000000000000000000000011000011110000000000000000000
0000000000000000000011100000000111000000000000000000000000000000000000000000000000000000000000110000000000000000000000000000000000000000000000011000000000000000000000011000000110000000000000000000000000000000000000000000000000110000011100000000000000000000
0000000000000000000111100000000110000000000000000000000000000000000000000000000000000000000000110000000000000000000000000000000000000000000000011000000000000000000000011000000000000000000000000000000000000000000000000000000001110000011000000000000000000000
0000000000000000001110000000001110000000000000000000000000000000000000000000000000000000000001110000000000000000000000000000000000000000000000011000000000000000000000011000000000000000000000000000000000000000000000000000000001100000111000000000000000000000
0000000000000000001100000000011100000000000000000000000000000000000000000000000000000000000011100000000000000000000000000000000000000000000000001000000000000000000000001100000000000000000000000000000000000000000000000000000001100000110000000000000000000000
0000000000000000011000000000111000000000000000000000000000000000000000000000000000000000000011000000000000000000000000000000000000000000000000000000000000000000000000001100000000000000000000000000000000000000000000000000000001100000111000000000000000000000
0000000000000000111000000000110000000000000000000000000000000000000000000000000000000000000110000000000000000000000000000000000000000000000000000000000000000000000000001100000000000000000000000000000000000000000000000000000011000000011000000000000000000000
0000000000000011110000000001100000000000000000000000000000000000000000000000000000000000001110000000000000000000000000000000000000000000000000000000000000000000000000000110000000000000000000000000000000000000000000000000000011000000011000000000000000000000
0000000000000111100000000011100000000000000000000000000000000000000000000000000000000000001100000000000000000000000000000000000000000000000000000000000000000000000000000110000000000000000000000000000000000000000000000000000011000000011000000000000000000000
0000000000001100000000000011000000000000000000000000000000000000000000000000000000000000001110000000000000000000000000000000000000000000000000000000000000000000000000000110000000000000000000000000000000000000000000000000000111000000011000000000000000000000
0000000000001100000000000011000000000000000000000000000000000000000000000000000000000000000110000000000000000000000000000000000000000000000000000000000000000000000000000110000000000000000000000000000000000000000000000000000110000000011100000000000000000000
0000000000001100000000000110000000000000000000000000000000000000000000000000000000000000000110000000000000000000000000000000000000000000000000000000000000000000000000000110000000000000000000000000000000000000000000000000001110000000001110000000000000011110
0000000000011000000000000110000000000000000000000000000000000000000000000000000000000000001110000000000000000000000000000000000000000000000000000000000000000000000000001110000000000000000000000000000000000000000000000000001100000000000110000000000111111111
0000000000011000000000000110000000000000000000000000000000000000000000000000000000000000001100000000000000000000000000000000000000000000000000000000000000000000000000001100000001110000000000000000000000000000000000000000001100000000000110000000001111111011
0000000000011000000000000011000000000000000000000000000000000000000000000000000000000000001100000000000000000000000000000000000000000000000000000000000000000000000000001100000011100000000000000000000000000000000000000000011100000000001110000000001100000000
0000000000011000000000000011000000000000000000000000000000000000000000000000000000000000001100000000000000000000000000000000000000000000000000000000000000000000000000001100001111000000000000000000000000000000000000000000011000000000000110000000000000000000
0000000000011000000000000011000000000000000000000000000000000000000000000000000000000000001100000000000000000000000000000000000000000000000000000000000000000000000000001100111100000000000000000000000000000000000000000000011000000000000110000000000000000000
0000000000011000000000000011000000000000000000000000000000000000000000000000000000000000000110000000000000000000000000000000000000000000000000000000000000000000000000001101111000000000000000000000000000000000000000000000011000000000000100000000000000000000
0000000000011000000000000011000000000000000000000000000000000000000000000000000000000000000110000000000000000000000000000000000000000000000000000000000000000000000000001111100000000000000000000000000000000000000000000000011000000000000000000000000000000000
0000000000011000000000000111000000000000000000000000000000000000000000000000000000000000000110000000000000000000000000000000000000000000000000000000000000000000000000001110000000000000000000000000000000000000000000000000011000000000000000000000000000000000
0000000000111000000000011110000000000000000000000000000000000000000000000000000000000000111110000000000000000000000000000011000000000000000000000000000000000000000000001100000000000000000000000000000000000000000000000000110000000000000000000000000000000000
0000000000110000000000111100000000000000000000000000000000000000000000000000000000000000111100000000000000000000000000000111000000000000000000000000000000000000000000011000000000000000000000000000000000000000000000000001110000000000000000000000000000000000
0000000000110000000001110000000000000000000000000000000000000000000000000000000000000000110000000000000000000000000000000110000000000000110000000000000000000000000000011000000000000000000000000000000000000000000000000001100000000000000000000000000000000000
0000000000110000000001100000000000000000000000000000000000000000000000000000000000000000110000000000000000000000000000001100000000000000110000000000000000000000000000111000000000000000000000000000000000000000000000000011000000000000000000000000000000000000
0000000000110000000011100000000000000000000000000000000000000000000000000000000000000000110000000000000000000000000000011100000000000000110000000000000000000000000001110000000000000000000000000000000000000000000000000011000000000000000000000000000000000000
0000000001100000000011000000000000000000000000000000000000000000000000000000000000000000110000000000000000000000000000011000000000000000110000000000000000000000000001100000000000000000000000000000000000000000000000000111000000000000000000000000000000000000
0000000001100000000011000000000000000000000000000000000000000000000000000000000000000000110000000000000000000000000000111000000000000000110000000000000000000000000001100000000000000000000000000000000000000000000000000110000000000000000000000000000000000000
0000000000000000000111000000000000000000000000000000000000000000000000000000000000000000011000000000000000000000000011110000000000000000110000000000000000000000000000110000000000000000000000000000000000000000000000011100000000000000000000000000000000000000
0000000000000000001110000000000000000000000000000000000000000000000000000000000000000000111000000000000000000000000111100000000000000000110000000000000000000000000001110000000000000000000000000000000000000000000011111000000000000000000000000000000000000000
0000000000000000011100000000000000000000000000000000000000000000000000000000000000000000011000000000000000000000011110000000000000000000110000000000000000000000000011100000000000000000000000000000000000000000000111100000000000000000000000000000000000000000
0000000000000000111000000000000000000000000000000000000000000000000000000000000000000000011100000000000000000000111100000000000000000001100000000000000000000000000111000000000000000000000000000000000000000000000110000000000000000000000000000000000000000000
0000000000000001100000000000000000000000000000000000000000000000000000000000000000000000001100000000000000000011110000000000000000000001100000000000000000000000001110000000000000000000000000000000000000000000000000000000000000000000000000000000000000000000
0000000000000001100000000000000000000000000000000000000000000000000000000000000000000000001100000000000000001111000000000000000000000001100000000000000000000000011100000000000000000000000000000000000000000000000000000000000000000000000000000000000000000000
0000000000000011100000000000000000000000000000000000000000000000000000000000000000000000001100000000000000111110000000000000000000000001100000000000000000000000011000000000000000000000000000000000000000000000000000000000000000000000000000000000000000000000
0000000000000011000000000000000000000000000000000000000000000000000000000000000000000000001100000000000011111000000000000000000000000001100000000000000000000000110000000000000000000000000000000000000000000000000000000000000000000000000000000000000000000000
0000000000000111000000000000000000000000000000000000000000000000000000000000000000000000001111000000000111000000000000000000000000000001100000000000000000000001110000000000000000000000000000000000000000000000000000000000000000000000000000000000000000000000
0000000001111110000000000000000000000000000000000000000000000000000000000000000000000000000111000000111110000000000000000000000000000001100000000000000000000001100000000000000000000000000000000000000000000000000000000000000000000000000000000000000000000000
0000000001111000000000000000000000000000000000000000000000000000000000000000000000000000000111000001111000000000000000000000000000000011000000000000000000000001100000000000000000000000000000000000000000000000000000000000000000000000000000000000000000000000
0000000011000000000000000000000000000000000000000000000000000000000000000000000000000000000111000011100000000000000000000000000000000001100000000000000000000000110000000000000000000000000000000000000000000000000000000000000000000000000000000000000000000000
0000000011100000000000000000000000000000000000000000000000000000000000000000000000000000001100000011000000000000000000000000000000000001100000000000000000000001110000000000000000000000000000000000000000000000000000000000000000000000000000000000000000000000
0000000001100000000000000000000000000000000000000000000000000000000000000000000000000000001100000110000000000000000000000000000000000000110000000000000000000111100000000000000000000000011111000000000000000000000000000000000000000000000000000000000000000000
0000000001100000000000000000000000000000000000000000000000000000000000000000000000000000011110000110000000000000000000000000000000000000111000000000000000001111000000000000000000000111111111000000000000000000000000000000000000000000000000000000000000000000
0000000001100000000000000000000000000000000000000000000000000000000000000000000000000000011111000110000000000000000000000000000000000000011100000000000000011100000000000000000000001111100000000000000000000000000000000000000000000000000000000000000000000000
0000000001100000000000000000000000000000000000000000000000000000000000000000000000000000001111000111110000000000000000000000000000000000001110000000000000111000000000000000000000011100000000000000000000000000000000000000000000000000000000000000000000000000
0000000001100000000000000000000000000000000000000000000000000000000000000000000000000000001111001111111010000000000000000000000000000000000111000000000001110000000000000000000000011000000000000000000000000000000000000000000000000000000000000000000000000000
0000000011100000000000000000000000000000000000000000000000000000000000000000000000000000011111001110011111000000000000000000000000000000000011000000000001100000000000000000000000011000000000000000000000000000000000000000000000000000000000000000000000000000
1111110011000000000000000000000000000000000000000000000000000000000000000000000000000001111011111100001111100000000000000000000000000000000011100000000001100000000000000000000000011000000000000000000000000000000000000000000000000011000000000000000000000000
1111111111000000000000000000000000000000000000000000000000000000000000000000000000000111100001111000000001100000000000000000000000000000000001110000000001100000000000000000000000011000000000000000000000000000000000000000000000000011000000000000000000000000
0000001111000000000000000000000000000000000000000000000000000000000000000000000000011110000000000000000001100000000000000000000000000000000000110000000001100000000000000000000000011000000000000000000000000000000000000000000000000011000000000000000000000000
0000000110000000000000000000000000000000000000000000000000000000000000000000000001111000000000000000000001100000000000000000000000000000000000111000000001100000000000000000000000011000000000000000000000000000000000000000000000000011000000000000000000000000
0000000110000000000000000000000000000000000000000000000000000000000000000000000001100000000000000000000011000000000000000000000000000000000000011000000011100000000000000000000000011000000000000000000000000000000000000000000000000011000000000000000000000000
0000000011000000000000000000000000000000000000000000000000000000000000000000000011000000000000000000000011000000000000000000000000000000000000011000000011000000000000000000000000011000000000000000000000000000000000000000000000000011000000000000000000000000
0000000011000000000000000000000001000000000000000000000000000000000000000000001110000000000000000000000011000000000000000000000000000000000000001100111111000000000000000000000000110000000000000000000000000000000000000000000000000001100000000000000000000000
0000000011000000000000000000000011000000000000000000000000000000000000000000111110000000000000000000000011100000000000000000000000000000000000001111111110000000000000000000000000110000000000000000000000000000000000000000000000000001100000000000000000000000
0000000001100000000000000000000001100000000000000000000000000000000000001111111000000000000000000000000001111110000000000000000000000000000000000111100000000000000000000000000001100000000000000000000000000000000000000000000000000000110000000000000000000000
0000000001100000000000000000000001100000000000000000000000000000000000001111100000000000000000000000000000011110000000000000000000000000000000000011100000000000000000000000000001100000000000000000000000000000000000000000000000000000110000000000000000000000
0000000001100000000000000000000001100000000000000000000000000000000000000000000000000000000000000000000000000111000000000000000000000000000000000001110000000000000000000000000011100000000000000000000000000000000000000000000000000000110000000000000000000000
0000000000110000000000000000000001110000000000000000000000000000000000000000000000000000000000000000000000000110000000000000000000000000000000000000110000000000000000000000000111000000000000000000000000000000000000000000000000000001100000000000000000000000
0000000000110000000000000000000000110000000000000000000000000000000000000000000000000000000000000000000000001110000000000000000000000000000000000000111000000000000000000000000110000000000000000000000000000000000000000000000000000001110000000000000000000000
0000000000110000000000000000000000110000000000000000000000000000000000000000000000000000000000000000000000001100000000000000000000000000000000000000011000000000000000000000000110000000000000000000000000000000000000000000000000000011110000000000000000000000
0000000000110000000000000000000000011000000000000000000000000000000000000000000000000000000000000000000000000110000000000000000000000000000000000000011100000000000000000000000110000000000000000000000000000000000000000000000000000111000000000000000000000000
0000000001111000000000000000000000011100000000000000000000000000000000000000000000000000000000000000000000000110000000000000000000000000000000000000001100000000000000000000000011000000000000000000000000000000000000000000000000001110000000000000000000000000
0000000001111110000000000000000000001100000000000000000000000000000000000000000000000000000000000000000000000011000000000000000000000000000000000000000110000000000000000000000011100000000000000000000000000000000000000000000000001110000000000000000000000000
0000000001100111000000000000000000001100000000000000000000000000000000000000000000000000000000000000000000000011000000000000000000000000000000000000000111000000000000000000000001110000000000000000000000000000000000000000000000000110000000000000000000000000
0000000001100011110000000000000000001100000000000000000000000000000000000000000000000000000000000000000000000011000000000000000000000000000000000000011110000000000000000000000001110000000000000000000000000000000000000000000000000110000000000000000000000000
0000000011000000111000000000000000001100000000000000000000000000000000000000000000000000000000000000000000000011000000000000000000000000000000000000111000000000000000000000000001100000000000000000000000000000000000000000000000000110000000000000000000000000
0000000111000000011100000000000000001100000000000000000000000000000000000000000000000000000000000000000000000011100000000000000000000000000000000001110000000000000000000000000011000000000000000000000000000000000000000000000000000110000000000000000000000000
0000001110000000001110000000001110001100000000000000000000000000000000000000000000000000000000000000000000000001110000000000000000000000000000000001100000000000000000000000000011000000000000000000000000000000000000000000000000000110000000000000000000000000
0011111100000000000111000000011111111100000000000000000000000000000000000000000000000000000000000000000000000000110000000000000000000000000000000001110000000000000000000000000011000000000000000000000000000000000000000000000000001100000000000000000000000001
1111111000000000000011000000111011111110000000000000000000000000000000000000000000000000000000000000000000000000110000000000000000000000000000000000111000000000000000000000000011000000000000000000000000000000000000000000000000001100000000000000000000000111
1110000000000000000011111000110000011100000000000000000000000000000000000000000000000000000000000000000000000000110000000000000000000000000000000000110000000000000000000000000011000000000000000000000000000000000000000000000000000110000000000000000000011110
0000000000000000000011111111110000000000000000000000000000000000000000000000000000000000000000000000000000000011110000000000000000000000000000000000111000000000000000000000000011000000000000000000000000000000000000000000000000000110000000000000000000111000
0000000000000000000011001111100000000000000000000000000000000000000000000000000000000000000000000000000000000011000000000000000000000000000000000000111100000000000000000000000011000000000000000000000000000000000000000000000000000110000000000000000011110000
0000000000000000000011000000000000000000000000000000000000000000000000000000000000000000000000000000000000000011000000000000000000000000000000000000111100000000000000000000001111000000000000000000000000000000000000000000000000000110000000000000011111000000
0000000000000000000011100000000000000000000000000000000000000000000000000000000000000000000000000000000000000011000000000000000000000000000000000000011100000000000000000000011110000000000000000000000000000000000000000000000000000110000000000000111110000000
0000000000000000000001100000000000000000000000000000000000000000000000000000000000000000000000000000000000000111000000000000000000000000000000000000111000000000000000000000110000000000000000000000000000000000000000000000000000000111000000000111110000000000
0000000000000000000001100000000000000000000000000000000000000000000000000000000000000000000000000000000000001110000000000000000000000000000000000001110000000000000000000001110000000000000000000000000000000000000000000000000000000011000011111111000000000000
0000000000000000000001100000000000000000000000000000000000000000000000000000000000000000000000000000000000001100000000000000000000000000000000001111000000000000000000000011100000000000000000000000000000000000000000000000000000000111111111111100000000000000
0000000000000000000001100000000000000000000000000000000000000000000000000000000000000000000000000000000000001110000000000000000000000000000000111111000000000000000000000111000000000000000000000000000000000000000000000000000000001111111100000000000000000000
0000000000000000000001100000000000000000000000000000000000000000000000000000000000000000000000000000000000000110000000000000000000000000000000110110000000000000000000000110000000000000000000000000000000000000000000000000000000011100000000000000000000000000
0000000000000000000001100000000000000000000000000000000000000000000000000000000000000000000000000000000000000011000000000000000000000000000000110000000000000000000000001110000000000000000000000000000000000000000000000000000000111000000000000000000000000000
0000000000000000000001100000000000000000000000000000000000000000000000000000000000000000000000000000000000000011000000000000111100000000111000110000000000000000000000011100000000000000000000000000000000000000000000000000000001110000000000000000000000000000
0000000000000000000000000000000000000000000000000000000000000000000000000000000000000000000000000000000000000011100000000001111111110011111111110000000000000000000000111000000000000000000000000000000000000000000000000000000011100000000000000000000000000000
0000000000000000000000000000000000000000000000000000000000000000000000000000000000000000000000000000000000000001110000000011100011111111000111000000000000000000000001110000000000000000000000000000000000000000000000000000000110000000000000000000000000000000
0000000000000000000000000000000000000000000000000000000000000000000000000000000000000000000000000000000000000000110000000011000000001100000000000000000000000000000011100000000000000000000000000000000000000000000000000000000110000000000000000000000000000000
0000000000000000000000000000000000000000000000000000000000000000000000000000000000000000000000000000000000000000011000000001100000000000000000000000000000000000001111000000000000000000000000000000000000000000000000000000000110000000000000000000000000000000
0000000000000000000000000000000000000000000000000000000000000000000000000000000000000000000000000000000000000000011000000011000000000000000000000000000000000000011100000000000000000000000000000000000000000000000000000000001100000000000000000000000000000000
0000000000000000000000000000000000000000000000000000000000000000000000000000000000000000000000000000000000000000011000000111000000000000000000000000000000000000110000000000000000000000000000000000000000000000000000000000001100000000000000000000000000000000
0000000000000000000000000000000000000000000000000000000000000000000000000000000000000000000000000000000000000000011000000110000000000000000000000000000000000000110000000000000000000000000000000000000000000000000000000000011100000000000000000000000000000000
0000000000000000000000000000000000000000000000000000000000000000000000000000000000000000000000000000000000000000011100001110000000000000000000000000000000000111110000000000000000000000000000000000000000000000000000000000011000000000000000000000000000000000
0000000000000000000000000000000000000000000000000000000000000000000000000000000000000000000000000000000000000000001110011100000000000000000000000000000000001111000000000000000000000000000000000000000000000000000000000000110000000000000000000000000000000000
0000000000000000000000000000000000000000000000000000000000000000000000000000000000000000000000000000000000000000000110111000000000000000000000000000000000011100000000000000000000000000000000000000000000000000000000000000110000000000000000000000000000000000
0000000000000000000000000000000000000000000000000000000000000000000000000000000000000000000000000000000000000000000111110000000000000000000000000000000001110000000000000000000000000000000000000000000000000000000000000001110000000000000000000000000000000000
0000000000000000000000000000000000000000000000000000000000000000000000000000000000000000000000000000000000000000000111100000000000000000000000000000000011100000000000000000000000000000000000000000000000000000000000000001100000000000000000000000000000000000
0000000000000000000000000000000000000000000000000000000000000000000000000000000000000000000000000000000000000000000111000000000000000000000000000000000111000000000000000000000000000000000000000000000000000000000000000011000000000000000000000000000000000000
0000000000000000000000000000000000000000000000000000000000000000000000000000000000000000000000000000000000000000000110000000000000000000000000000000011110000000000000000000000000000000000000000000000000000000000000000011000000000000000000000000000000000000
0000000000000000000000000000000000000000000000000000000000000000000000000000000000000000000000000000000000000000000110000000000000000000000000000001111000000000000000000000000000000000000000000000000000000001100000000011000000000000000000000000000000000000
0000000000000000000000000000000000000000000000000000000000000000000000000000000000000000000000000000000000000000000011000000000000000000000000000011110000000000000000000000000000000000000000000000000000000001100000000011000000000000000000000000000000000000
0000000000000000000000000000000000000000000000000000000000000000000000000000000000000000000000000000000000000000000011100000000000000000000000000111000000000000000000000000000000000000000000000000000000000011100000000111100000000000000000000000000000000000
0000000000000000000000000000000000000000000000000000000000000000000000000000000000000000000000000000000000000000000001100000000000000000000000001110000000000000000000000000000000000000000000000000000000000011000000000111111111111110000000000000000000000000
0000000000000000000000000000000000000000000000000000000000000000000000000000000000000000000000000000000000000000000001100000000000000000000001111100000000000000000000000000000000000000000000000000000000000011000000001110111111111110000000000000000000000000
0000000000000000000000000000000000000000000000000000000000000000000000000000000000000000000000000000000000000000000001100000000000000000000011110000000000000000000000000000000000000000000000000000000000000011000000111100000000000000000000000000000000000000
0000000000000000000000000000000000000000000000000000000000000000000000000000000000000110000000000000000000000000000111000000000000000000000111000000000000000000000000000000000000000000000000000000000000000011000001110000000000000000000000000000000000000000
0000000000000000000000000000000000000000000000000000000000000000000000000000000000000110000000000000000000000000011111000000000000000000000110000000000000000000000000000000000000000000000000000000000000000011000001100000000000000000000000000000000000000000
0000000000000000000000000000000000000000000000000000000000000000000000000000000000000110000000000000000000000000111000000000000000000000000110000000000000000000000000000000000000000000000000000000000000000011000011000000000000000000000000000000000000000000
0000000000000000000000000000000000000000000000000000000000000000000000000000000000000011000000000000000000000011110000000000000000000000001110000000000000000000000000000000000000000000000000000000000000000011000011000000000000000000000000000000000000000000
0000000000000000000000000000000000000000000000000000000000000000000000000000000000000011000000000000000001111111100000000000000000000000011100000000000000000000000000000000000000000000000000000000000000000011000001100000000000000000000000000000000000000000
0000000000000000000000000000000000000000000000000000000000000000000000000000000000000011100000000000000111111110000000000000000000000000011000000000000000000000000000000000000000000000000000000000000000000011100001100000000000000000000000000000000000000000
0000000000000000000000000000000000000000000000000000000000000000000000000000000000000001100000000000001111000000000000000000000000000000111000000000000000000000000000000000000000000000000000000000000000011111100111100000000000000000000000000000000000000000
0000000000000000000000000000000000000000000000000000000000000000000000000000000000000001100000000000001111000000000000000000000000000000110000000000000000000000000000000000000000000000000000000000000000111111111111000000000000000000000000000000000000000000
0000000000000000000000000000000000110000000000000000000000000000000000000000000000000000110000000000000011000000000000000000000000000001110000000000000000000000000000000000000000000000000000000000000001110000111100000000000000000000000000000000000000000000
0000000000000000000000000000000001111111000000000000000000000000000000000000000000000000110000000000000011000000000000000000000000000011100000000000000000000000000000000000000000000001100000000000000001100000000000000000000000000000000000000000000000000000
0000000000011000000000000000000000011111111000000000000000000000000000000000000000000000011000000000000111000000000000000000000000000111000000000000000000000000000000000000000000000001100000000000000011100000000000000000000000000000000000000000000000000000
0000000000110000000000000000000000000001111111000000000000000000000000000000000000000000011000000000111110000000000000000000000000000110000000000000000000000000000000000000000000000001100000000000000011000000000000000000000000000000000000000000000000000000
0000000001110000000000000000000000000000000111110000000000000000000000000000000000000000011000001111111100000000000000000000000000000110000000000000000000000000000000000000000000000001100000000000000011000000000000000000000000000000000000000000000000000000
0000000011100000000000000000000000000000000001111110000000011000000000000000000000000000011000011111000000000000000000000000000000011110000000000000000000000000000000000000000000000000110000000000000011000000000000000000000000000000000000000000000000000000
0000000111000000000000000000000000000000000000001111111111111110000000000000000000000000011001111000000000000000000000000000000000011100000000000000000000000000000000000000000000000000110000000000000011000000000000000000000000000000000000000000000000000000
0000001110000000000000000000000000000000000000000001111111100111110000000000000000000000011001110000000000000000000000000000000000011000000000000000000000000000000000000000011000000000111000000000000011000000000000000000000000000000000000000000000000000000
0000001100000000000000000000000000000000000000000000000000000011111100000000000000000000011011100000000000000000000000000000000000011000000000000000000000000000000000000000011100000000011100000000000110000000000000000000000000000000000000000000000000000000
0000011100000000000000000000000000000000000000000000000000000000011110000000000000000000011111000000000000000000000000000000000001111000000000000000000000000000000000000000001111100000001110000000000110000000000000000000000000000000000000000000000000000000
0000011000000000000000000000000000000000000000000000000000000000000111100000000000000000001111000000000000000000000000000000000001110000000000000000000000000000000000000000000011111111110111000000001100000000000000000000000000000000000000000000000000000000
0000110000000000000000000000000000000000000000000000000000000000000011100000000000000000000111000000000000000000000000000000000011100000000000000000000000000000000000000000000000011111111111000000001100000000000000000000000000000000000000000000000000000000
0001110000000000000000000000000000000000000000000000000000000000000000110000000000000000000011000000000000000000000000000000000001100000000000000000000000000000000000000000000000000000001111100000000110000000000000000000000000000000000000000000000000000000
0001100000000000000000000000000000000000000000000000000000000000000000110000111100000000000111000000000000000000000000000000000001100000000000000000000000000000000000000000000000000000000111110000000110000000000000000000000000000000000000000000000000000000
0011100000000000000000000000000000000000000000000000000000000000000000111111111110000000000110000000000000000000000000000000000111100000000000000000000000000000000000000000000000000000000111111100000110000000000000000000000000000000000000000000000000000000
0011000000000000000000000000000000000000000000000000000000000000000000011111100111100000001100000000000000000000000000000000001110000000000000000000000000000000000000000000000000000000000001101100001110000000000000000000000000000000000000000000000000000000
0011000000000000000000000000000000000000000000000000000000000000000000011110000001111000011100000000000000000000000000000000001100000000000000000000000000000000000000000000000000000000000001101110001100000000000000000000000000000000000000000000000000000000
0110000000000000000000000000000000000000000000000000000000000000000000111000000000011000011000000000000000000000000000000000001100000000000000000000000000000000000000000000000000000000000001110111001100000000000000000000000000000000000000000000000000000000
0110000000000000000000000000000000000000000000000000000000000000000001110000000000011000111000000000000000000000000000000000000110001100000000000000000000000000000000000000000000000000000000111011011000000000000000000000000000000000000000000000000000000000
1110000000000000000000000000000000000000000000000000000000000000000001100000000000011000110000000000000000000000000000000000001111111111000000000000000000000000000000000000000000000000000000011111111000000000000000000000000000000000000000000000000000000000
1100000000000000000000000000000000000000000000000000000000000000000011100000000000011001110000000000000000000000000000000000001111111111000000000000000000000000000000000000000000000000000000001111111000000000000000000000000000000000000000000000000000000000
1100000000000000000000000000000000000000000000000000000000000001111111000000000000011001100000000000000000000000000000000000001100000000000000000000000000000000000000000000000000000000000000000111111000000000000000000000000000000000000000000000000000000000
1000000000000000000000000000000000000000000000000000000000000111111110000000000000011011000000000000000000000000000000000000001100000000000000000000000000000000000000000000000000000000000000000000111000000000000000000000000000000000000000000000000000000000
1000000000000000000000000000000000000000000000000000000000011110000000000000000000011111000000000000000000000000000000000000011000000000000000000000000000000000000000000000000000000000000000000000110000000000000000000000000000000000000000000000000000000000
1000000000000000000000000000000000000000000000000000000111111000000000000000000000001110000000000000000000000000000000000000110000000000000000000000000000000000000000000000000000000000000000000000110000000000000000000000000000000000000000000000000000000000
0000000000000000000000000000000000000000000000000000011111100000000000000000000000011100000000000000000000000000000000000011110000000000000000000000000000000000000000000000000000000000000000000000110000000000000000000000000000000000000000000000000000000000
0000000000000000000000000000000000000000000000000000011100000000000000000000000000011000000000000000000000000000000000000111100000000000000000000000000000000000000000000000000000000000000000000000110000000000000000000000000000000000000000000000000000000000
0000000000000000000000000000000000000000000000000000000000000000000000000000000000110000000000000000000000000000000000111110000000000000000000000000000000000000000000000000000000000000000000000000110000000000000000000000000000000000000000000000000000000000
0000000000000000000000000000000000000000000000000000000000000000000000000000000000110000000000000000000000000000000001111100000000000000000000000000000000000000000000000000000000000000000000000000110000000000000000000000000000000000000000000000000000000000
0000000000000000000000000000000000000000000000000000000000000000000000000000000000110000000000000000000000000000000001100000000000000000000000000000000000000000000000000000000000000000000000000000110000000000000000000000000000000000000000000000000000000000
0000000000000000000000000000000000000000000000000000000000000000000000000000000000110000000000000000000000000000000011100000000000000000000000000000000000000000000000000000000000000000000000000000110000000000000000000000000000000000000000000000000000000000
0000000000000000000000000000000000000000000000000000000000000000000000000000000000110000000000000000000000000000011111000000000000000000000000000000000000000000000000000000000000000000000000000000110000000000000000000000000000000000000000000000000000000000
0000000000000000000000000000000000000000000000000000000000000000000000000000000001110000000000000000000000001111111110000000000000000000000000000000000000000000000000000000000000000000000000000000110000000000000000000000000000000000000000000000000000000000
0000000000000000000000000000000000000000000000000000000000000000000000000000000001100000000000000000000000011111110000000000000000000000000000000000000000000000000000000000000000000000000000000000110000000000000000000000000000000000000000000000000000000000
0000000000000000000000000000000000000000000000000000000000000000000000000000000001100000000000000000000000111000000000000000000000000000000000000000000000000000000000000000000000000000000000000000110000000000000000000000000000000000000000000000000000000000
0000000000000000000000000000000000000000000000000000000000000000000000000000000001100000000000000000000000110000000000000000000000000000000000000000000000000000000000000000000000000000000000000000110000000000000000000000000000000000000000000000000000000000
0000000000000000000000000000000000000000000000000000000000000000000000000000000011000000000000000000000000110000000000000000000000000000000000000000000000000000000000000000000000000000000000000000011000000000000000000000000000000000000000000000000000000000
0000000000000000000000000000000000000000000000000000000000000000000000000000000011000000000000000000000000110000000000000000000000000000000000000000000000000000000000000000000000000000000000000000011000000000000000000000000000000000000000000000000000000000
0000000000000000000000000000000000000000000100000000000000000000000000000000000011000000000000000000000000110000000000000000000000000000000000000000000000000000000000000000000000000000000000000000011000000000000000000000000000000000000000000000000000000000
0000000000000000000000000000000000000000000110000000000000000000000000000000000110000000000000000000000001110000000000000000000000000000000000000000000000000000000000000000000000000000000000000000011000000000000000000000000000000000000000000000000000000000
0000000000000000000001000000000000000000000110000000000000000000000000000000000110000000000000000000000001100000000000000000000000000000000000000000000000000000000000000000000000000000000000000000011000000000000000000000000000000000000000000000000000000000
0000000000000000000001100000000000000000000110000000000000000000000000000000000110000000000000000000000011000000000000000000000000000000000000000000000000000000000000000000000000000000000000000000011000000000000000000000000000000000000000000000000000000000
0000000000000000000001100000000000000000000110000000000000000000000000000000000110000000000000000000000110000000000000000000000000000000000000000000000000000000000000000000000000000000000000000000011000000000000000000000000000000000000000000000000000000000
0000000000000000000001100000000000000000000011000000000000000000000000000000000011000000000000000000001110000000000000000000000000000000000000000000000000000000000000000000000000000000000000000000011000000000000000000000000000000000000000000000000000000000
0000000000000000000001100000000000000000000011000000000000000000000000000000000111000000000000000000011100000000000000000000000000000000000000000000000000000000000000000000000000000000000000000000110000000000000000000000000000000000000000000000000000000000
0000000000000000000001110000000000000000000001100000000000000000000000000000000111000000000000000000011000000000000000000000000000000000000000000000000000000000000000000000000000000000000000000000110000000000000000000000000000000000000000000000000000000000
0000000000000000000000110000000000000000000001100000000000000000000000000000000110000000000000000000111000000000000000000000000000000000000000000000000000000000000000000000000000000000000000000000110000000000000000000000000000000000000000000000000000000000
0000000000000000000000110000000000000000000000110000000000000000000000000000000110000000000000000000110000000000000000000000000000000000000000000000000000000000000000000000000000000000000000000000110000000000000000000000000000000000000000000000000000000000
0000000000000000000000110000000000000000000000111100000000000000000000000000000110000000000000000000110000000000000000000000000000000000000000000000000000000000000000000000000000000000000000000000110000000000000000000000000000000000000000000000000000000000
1110000000000000000000110000000000000000000000011110000000000000000000000000000110000000000000000001100000000000000000000000000000000000000000000000000000000000000000000000000000000000000000000000111000000000000000000000000000000000000000000000000000000000
