0000000000110000000000000000000000000000000000000000000001100000000000000000000000000000000000011000000000000000000000000000000000000000000000111100000000000000000000000000000000000000000000000000000000000000000000000001100110000000000000000000000000000000
0000000000110000000000000000000000000000000000000000000011000000000000000000000000000000000000011000000000000000000000000000000000000000000000001111000000000000000000000000000000000000000000000000000000000000000000000001101110000000000000000000000000000000
0000000000110000000000000000000000000000000000000000000111000000000000000000000000000000000000001100000000000000000000000000000000000000000000000011110000000000000000000000000000000000000000000000000000000000000000000011001100000000000000000000000000000000
0000000000111000000000000000000000000000000000000000000110000000000000000000000000000000000000001100000000000000000000000000000000000000000000000000111100000000000000000000000000000000000000000000000000000000000000000011011100000000000000000000000000000000
0000000000011000000000000000000000000000000000000000000110000000000000000000000000000000000000001100000000000000000000000000000000000000000000000000001110000000000000000000000000000000000000000000000000000000000000000011011000000000000000000000000000000000
0000000000011000000000000000000000000000000000000000000110000000000000000000000000000000000000001110000000000000000000000000000000000000000000000000000111000000000000000000000000000000000000000000000000000000000000000111011000000000000000000000000000000000
0000000000011000000000000000000000000000000000000000000111000000000000000000000000000000000000000110000000000000000000000000000000000000000000000000000001110000000000000000000000000000000000000000000000000000000000000110110000000000000000000000000000000000
0000000000001100000000000000000000000000000000000000000011000000000000000000000000000000000000000110000000000000000000000000000000000000000000000000000000111000000000000000000000000000000000000000000000000000000000000111110000000000000000000000000000000000
0000000000001100000000000000000000000000000000000000000011000000000000000000000000000000000000000110000000000000000000000000000000000000000000000000000000011100000000000000000000000000000000000000000000000000000000001101100000000000000000000000000000000000
0000000000001100000000000000000000000000000000000000000011000000000000000000000000000000000000000110000000000000000000000000000000000000000000000000000000001110000000000000000000000000000000000000000000000000000000001101100000000000000000000000000000000000
0000000000001110000000000000000000000000000000000000000011000000000000000000000000000000000000000110000000000000000000000000000000000000000000000000000000000111000000000000000000000000000000000000000000000000000000001101100000000000000000000000000000000000
0000000000000110000000000000000000000000000000000000000111000000000000000000000000000000000000000110000000000000000000000000000000000000000000000000000000000011100000000000000000000000000000000000000000000000000000011001100000000000000000000000000000000000
0000000000000110000000000000000000000000000000000000000110000000000000000000000000000000000000000110000000000000000000000000000000000000000000000000000000000001100000000000000000000000000000000000000000000000000000011111100000000000000000000000000000000000
0000000000000111000000000000000000000000000000000000000110000000000000000000000000000000000000000110000000000000000000000000000000000000000000000000000000000000110000000000000000000000000000000000000000000000000000111111000000000000000000000000000000000000
0000000000000011000000000000000000000000000000000000001100000000000000000000000000000000000000000110000000000000000000000000000000000000000000000000000000000000111000000000000000000000000000000000000000000000000011111100000000000000000000000000000000000000
0000000000000011000000000000000000000000000000000000001100000000000000000000000000000000000000000110000000000000000000000000000000000000000000000000000000000000011000000000000000000000000000000000000000000000000011111000000000000000000000000000000000000000
0000000000000001100000000000000000000000000000000000001100000000000000000000000000000000000000000110000000000000000000000000000000000000000000000000000000000000001100000000000000000000000000000000000000000000000111110000000000000000000000000000000000000000
0000000000000001100000000000000000000000000000000000011000000000000000000000000000000000000000000111000000000000000000000000000000000000000000000000000000000000001110000000000000000000000000000000000000000000001111100000000000000000000000000000000000000000
0000000000000001110000000000000000000000000000000000011000000000000000000000000000000000000000000011000000000000000000000000000000000000000000000000000000000000000111000000000000000000000000000000000000000000011111000000000000000000000000000000000000000000
0000000000000000110000000000000000000000000000000000011000000000000000000000000000000000000000000011000000000000000000000000000000000000000000000000000000000000000011000000000000000000000000000000000000000000111110000000000000000000000000000000000000000000
0000000000000000110000000000000000000000000000000000011000000000000000000000000000000000000000000011000000000000000000000000000000000000000000000000000000000000000001100000000000000000000000000000000000000001110011000000000000000000000000000000000000000000
0000000000000000011000000000000000000000000000000000011000000000000000000000000000000000000000000111000000000000000000000000000000000000000000000000000000000000000001110000000000000000000000000000000000000001100011100000000000000000000000000000000000000000
0000000000000000011000000000000000000000000000000000011000000000000000000000000000000000000000011111000000000000000000000000000000000000000000000000000000000000000000111000000000000000000000000000000000000011000001110000000000000000000000000000000000000000
0000000000000000001100000000000000000000000000000000011000000000000000000000000000000000000000011000000000000000000000000000000000000000000000000000000000000000000000011100000000000000000000000000000000000111000000011000000000000000000000000000000000000000
0000000000000000001100000000000000000000000000000000011000000000000000000000000000000000000000111000000000000000000000000000000000000000000000000000000000000000000000001111100001111111111110000000000000000110000110011000000000000000000000000000000000000000
0000000000000000000110000000000000000000000000000000011000000000000000000000000000000000000000110000000000000000000000000000000000000000000000000000000000000000000000000011111111111111111111100000000000001100000110001100000000000000000000000000000000000000
0000000000000000000110000000000000000000000000000000110000000000000000000000000000000000000001110000000000000000000000000000000000000000000000000000000000000000000000000000111110000000000011111100000000001100000111001100000000000000000000000000000000000000
0000000000000000000110000000000000000000000000000000110000000000000000000000000000000000000001100000000000000000000000000000000000000000000000000000000000000000000000000000000000000000000000011110000000001100000011001100000000000000000000000000000000000000
0000000000000000001110000000000000000000000000000000110000000000000000000000000000000000000000000000000000000000000000000000000000000000000000000000000000000000000000000000000000000000000000000111100000001100000011000110000000000000000000000000000000000000
0000000000000000011100000000000000000000000000000000110000000000000000000000000000000000000000000000000000000000000000000000000000000000000000000000000000000000000000000000000000000000000000000001110000001100000011000110000000000000000000000000000000000000
0000000000000000111000000000000000000000000000000000110000000000000000000000000000000000000000000000000000000000000000000000000000000000000000000000000000000000000000000000000000000000000000000000111100001100000001100011000000000000000000000000000000000000
0000000000000011110000000000000000000000000000000000110000000000000000000000000000000000000000000000000000000000000000000000000000000000000000000000000000000000000000000000000000000000000000000000001111101100000001100011000000000000000000000000000000000000
0000000000000111000000000000000000000000000000000000110000000000000000000000000000000000000000000000000000000000000000000000000000000000000000000000000000000000000000000000000111111111101111000000111111111100000001100011000000000000000000000000000000000000
0000000000001110000000000000000000000000000000000000110000000000000000000000000000000000000000000000000000000000000000000000000000000000000000000000000000000000000000000000011111111111111111111111111000111110000001100011000000000000000000000000000000000000
0000000000011100000000000000000000000000000000000000110000000000000000000000000000000000000000000000000000000000000000000000000000000000000000000000000000000000000000000000111100000000110000111111100000000110000000110011000000000000000000000000000000000000
0000000000111000000000000000000000000000000000000000110000000000000000000000000000000000000000000000000000000000000000000000000000000000000000000000000000000000000000000111110000000000000000000100000000000111000000110011000000000000000000000000000000000000
0000000001110000000000000000000000000000000000000000110000000000000000000000000000000000000000000000000000000000000000000000000000000000000000000000000000000000000000011111100000000000000000000000000000000011100000110011000000000000000000000000000000000000
0000000011100000000000000000000000000000000000000000110000000000000000000000000000000000000000000000000000000000000000000000000000000000000000000000000000000000000000011100000000000000000000000000000000000001100000111011000000000000000000000000000000000000
0000000111000000000000000000000000000000000000000000110000000000000000000000000000000000000000000000000000000000000000000000000000000000000000000000000000000000000000011000000000000000000000000000000000000000110000011001100000000000000000000000000000000000
0000000110000000000000000000000000000000000000000000110000000000000000000000000000000000000000000000000000000000000000000000000000000000000000000000000000000000000001111000000000000000000000000000000000000000111000011001100000000000000000000000000000000000
0000000110000000000000000000000000000000000000000000110000000000000000000000000000000000000000000000000000000000000000000000000000000000000000000000000000000000000011110000000000000000000000000000000000000000011000011000110000000000000000000000000000000000
0000001100000000000000000000000000000000000000000000111000000000000000000000000000000000000000000000000000000000000000000000000000000000000000000000000000000000000011000000000000000000000000000000000000000000001100001100111000000000000000000000000000000000
0000001100000000000000000000000000000000000000000000011000000000000000000000000000000000000000000000000000000000000000000000000000000000000000000000000000000000000111000000000000000000000000000000000000000000001110001100011100000000000000000000000000000000
0000001100000000000000000000000000000000000000000000011100000000000000000000000000000000000000000000000000000000000000000000000000000000000000000000000000000000001110000000000000000000000000000000000000000000000110001110001110000000000000000000000000000000
0000001100000000000000000000000000000000000000000000001110000000000000000000000000000000000000000000000000000000000000000000000000000000000000000000000000000001111100000000000000000000000000000000000000000000000111000111000011000000000000000000000000000000
0000001100000000000000000000000000000000000000000000000111000000000000000000000000000000000000000000000000000000000000000000000000000000000000000000000000000111110000000000000000000000000000000000000000000000000011100011110001100000000000000000000000000000
0000011100000000000000000000000000000000000000000000000011100000000000000000000000000000000000000000000000000000000000000000000000000000000000000000000000001110000000000000000000000000000000000000000000000000000001110000111000110000000000000000000000000000
0000111000000000000000000000000000000000000000000000000001100000000000000000000000000000000000000000000000000000000000000000000000000000000000000000000000001100000000000000000000000000000000000000000000000000000000110000011110111000000000000000000000000000
0000111000000000000000000000000000000000000000000000000000111000000000000000000000000000000000000000000000000000000000000000000000000000000000000000000000001100000000000000000000000000000000000000000000000000000000011000000111011100000000000000000000000000
0001111110000000000000000000000000000000000000000000000000011100000000000000000000000000000000000000000000000000000000000000000000000000000000000000000000001100000000000000000000000000000000000000000000000000000000011100000011101100000000000000000000000000
0011101111000000000000000000000000000000000000000000000000001100000000000000000000000000000000000000000000000000000000000000000000000000000000000000000000001100000000000000000000000000000000000000000000000000000000001110001001110110000000000000000000000000
0111000011110000000000000000000000000000000000000000000000001110000000000000000000000000000000000000000000000000000000000000000000000000000000000000000000001100000000000000000000000000000000000000000000000000000000000111011110110111000000000000000000000000
0110000000111000000000000000000000000000000000000000000000000111000000000000000000000000000000000000000000000000000000000000000000000000000000000000000000001100000000000000000000000000000000000000000001000000001100000011111110011011000000000000000000000000
0110000000011110000000000000000000000000000000000000000000000011110000000000000000000000000000000000000000000000000000000000000000000000000000000000000000001100000000000000000000000000000000000000000011000000011100000001110011011001110000000000000000000000
0110000000000110000000000000000000000000000000000000000000000000111100000000000000000000000000000000000000000000000000000000000000000000000000000000000000001100000000000000000000000000000000000000000111000000011100000000111001111101111100000000000000000000
0110000000000110000000000000000000000000000000000000000000000000111110000000000000000000000000000000000000000000000000000000000000000000000000000000000000001100000000000000000000000000000000000000001110000000111100000011011100111100011100000000000000000000
0011000000000111000000000000000000000000000000000000000000000000111111000000000000000000000000000000000000000000000000000000000000000000000000000000000000001100000000000000000000000000000000000000001100000001111000000011100110111111101100000000000000000000
0011000000000011000000000000000000000000000000000000000000000001110011100000000000000000000000000000000000000000000000000000000000000000000000000000000000011000000000000000000000000000000000000000011100000011111000000001110011011111111110000000000000000000
0011000000000011100000000000000000000000000000000000000000000001100001110000000000000000000011111000000000000000000000000000000000000000000000000000000000011000000000000000000000000000000000000000111000000111011000000000111001101111111110000000000000000000
0011000000000001100000000000000000000000000000000000000000000011000000111100000010000000000111111111100000000000000000000000000000000000000000000000000000001100000000000000000000000000000000000000110000001110011000000000011100110111011110000000000000000000
0011000000000000110000000000000000000000000000000000000000000111000000001111111111111111111111000111111100000000000000000000000000000000000000000000000000011000000000000000000000000000000000000000100000001100011000000000001100111111011111000000000000000000
0011000000000000110000000000000000000000000000000000000000000110000000000111111111111111111111000000011111111000000000000000000000000000000000000000000000011000000000000000000000000000000000000000000000011000011000000000001110001111101111100000000000000000
0110000000000000111000000000000000000000000000000000000000011110000000000000000000000000000111000000000011111111111000000000000000000000000000000000000000011000000000000000000000000000000000000000000000111000001100000000000110000111110111110000000000000000
0110000000000000011000000000000000000000000000000000000001111100000000000000000000000000000110000000000000000111111110000000000000000000000000000000000000011000000000000000000000000000000000000000000000110000011100000000000110000011110011110000000000000000
1110000000000000000000000000000000000000000000000000000001100000000000000000000000000000000110000000000000000000001111111111100000000000000000000000000000011100000000000000000000000000000000000000000001100000111110000000000110000001111001111000000000000000
1100000000000000000000000000000000000000000000000000000011100000000000000000000000000000000110000000000000000000000011111111110000000000000000000000000000001110000000000000000000000000000000000000000000000001110111000000000011000000111110111000000000000000
0000000000000000000000000000000000000000000000000000000011100000000000000000000000000000000110000000000000000000000000000000111000000000000000000000000000000111100000000000000000000000000000000000000000000011100011000000000011000000111111111000000000000000
0000000000000000000000000000000000000000000000000000000001100000000000000000000000000000000011000000000000000000000000000000011000000000000000000000000000000011110000000000000000000000000000000000000000000110000001100000000011000000011111111000000000000000
0000000000000000000000000000000000000000000000000000000000111000000000000000000000000000000011000000000000000000000000000000011000000000000000000000000000000000110000000000000000000000000000000000000000011100000001100000000011000000001101111000000000000000
0000000000000000000000000000000000000000000000000000000000011000000000000000000000000000000011000000000000000000000000000000011000000000000000000000000000000000110000000000000000000000000000000000000000111000000011100000000011000000001110111100000000000000
0000000000000000000000000000000000000000000000000000000000000000000000000000000000000000000011000000000000000000000000000000110000000000000000000000000000000000111000000000000000000000000000000000000000110000000001000000000011000000000110011110000000000000
0000000000000000000000000000000000000000000000000000000000000000000000000000000000000000000011100000000000000000000000000000110000000000000000000000000000000000011000000000000000000000000000000000000001100000000000000000000011000000000011001111000000000000
0000000000000000000000000000000000000000000000000000000000000000000000000000000000000000000001100000000000000000000000000000110000000000000000000000000000000000011100000000000000000000000000000000000001100000000000000000000011100000000011100111110011110000
0000000000000000000000000000000000000000000000000000000000000000000000000000000000000000000001110000000000000000000000000000011000000000000000000000000000000000001100000000000000000000000000000000000011000000000000000000000001100000000001110011111111111100
0000000000000000000000000000000000000000000000000000000000000000000000000000000000000000000000110000000000000000000000000000011100000000000000000000000000000000001100000000000000000000000000000000000111000000000000000000000001111000000000111001111110001111
0000000000000000000000000000000000000000000000000000000000000000000000000000000000000000000000111000000000000000000000000000001110000000000000000000000000000000001100000000000000000000000000000000000110000000000000000000000000011100000000011110011111111111
0000000000000000000000000000000000000000000000000000000000000000000000000000000000000000000000011000000000000000000000000000000111111100000000000000000000000000011100000000000000000000000000000000000111000000000000000000000000001110000000000111000111111111
0000000000000000000000000000000000000000000000000000000000000000000000000000000000000000000000001100000000000000000000000000000001111111000000000000000000000000001100000000000000000000000000000000000011000000000000000000000000000111111111100011111000001111
0000000000000000000000000000000000000000000000000000000000000000000000000000000000000000000000001110000000000000000000000000000000000111100000000000000000000000001110000000000000000000000000000000000001100000000000000000000000000001111111111111111111111000
0000000000000000000000000000000000000000000000000000000000000000000000000000000000000000000000000110000000000000000000000000000000000001100000000000000000000000000111000000000000000000000000000000000001100000000000000000000000000000000000011110000111111111
0000000000000000000000000000000000000000000000000000000000000000000000000000000000000000000000000110000000000000000000000000000000000000110000000000000000000000000011100000000000000000000000000000000001100000000000000000000000000000000000000000000000000111
0000000000000000000000000000000000000000000000000000000000000000000000000000000000000000000000000110000000000000000000000000000000000000110000000000000000000000000001100000000000000000000000000000000011000000000000000000000000000000000000000000000000000000
0000000000000000000000000000000000000000000000000000000000000000000000000000000000000000000000000110000000000000000000000000000000000000111000000000000000000000000001110000000000000000000000000000000011000000000000000000000000000000000000000000000000000000
0000000000000000000000000000000000000000000000000000000000000000000000000000000000000000000000000000000000000000000000000000000000000000011110000000000000000000000000111000000000000000000000000000000000000000000000000000000000000000000000000000000000000000
0000000000000000000000000000000000000000000000000000000000000000000000000000000000000000000000000000000000000000000000000000000000000000000111000000000000000000000000011100000000000000000000000000000000000000000000000000000000000000000000000000000000000000
0000000000000000000000000000000000000000000000000000000000000000000000000000000000000000000000000000000000000000000000000000000000000000000011100000000000000000000000001100000000000000000000000000000000000000000000000000000000000000000000000000000000000000
0000000000000000000000000000000000000000000000000000000000000000000000000000000000000000000000000000000000000000000000000000000000000000000001100000000000000000000000001110000000000000000000000000000000000000000000000000000000000000000000000000000000000000
0000000000000000000000000000000000000000000000000000000000000000000000000000000000000000000000000000000000000000000000000000000000000000000001100000000000000000000000000110000000000000000000000000000000000000000000000000000000000000000000000000000000000000
1000000000000000000000000000000000000000000000000000000000000000000000000000000000000000000000000000000000000000000000000000000000000000000011110000000000000000000000000000000000000000000000000000000000000000000000000000000000000000000000000000000000000000
1000000000000000000000000000000000000000000000000000000000000000000000000000000000000000000000000000000000000000000000000000000000000000000111110000000000000000000000000000000000000000000000000000000000000000000000000000000000000000000000000000000000000000
1100000000000000000000000000000000000000000000000000000000000000000000000000000000000000000000000000000000000000000000000000000000000000011110110000000000000000000000000000000000000000000000000000000000000000000000000000000000000000000000000000000000000000
1100000000000000000000000000000000000000000000000000000000000000000000000000000000000000000000000000000000000000000000000000000000000001111000111000000000000000000000000000000000000000000000000000000000000000000000000000000000000000000000000000000000000000
1100000000000000000000000000000000000000000000000000000000000000000000000000000000000000000000000000000000000000000000000000000000000011110000011110000000000000000000000000000000000000000000000000000000000000000000000000000000000000000000000000000000000000
1110000000000000000000000000000000000000000000000000000000000000000000000000000000000000000000000000000000000000000000000000000000000111000000000111110000000000000000000000000000000000000000000000000000000000000000000000000000000000000000000000000000000000
1110000000000000000000000000000000000000000000000000000000000000000000000000000000000000000000000000000000000000000000000000000000000110000000000001111000000000000000000000000000000000000000000000000000000000000000000000000000000000000000000000000000000000
0110000000000000000000000000000000000000000000000000000000000000000000000000000000000000000000000000000000000000000000000000000000000110000000000000011000000000000000000000000000000000000000000000000000000000000000000000000000000000000000000000000000000000
0011100000000000000000000000000000000000000000000000000000000000000000000000000000000000000000000000000000000000000000000000000000000110000000000000001100000000000000000000000000000000000000000000000000000000000000000000000000000000000000000000010000000000
0011110000000000000000000000000000000000000000000000000000000000000000000000000000000000000000000000000000000000000000000000000000001100000000000000001110000000000000000000000000000000000000000000000000000000000000000000000000000000000000000001111111100000
0000111000000000000000000000000000000000000000000000000000000000000000000000000000000000000000000000000000000000000000000000000000000000000000000000000110000000000000000000000000000000000000000000000000000000000000000000000000011110000000000011111111111000
0000001100000000000000000000000000000000000000000000000000000000000000000000000000000000000000000000000000000000000000000000000000000000000000000000000111100000000000000000000000000000000000000000000000000000000000000000000001111111100000000011000000011100
0000001100000000000000000000000000000000011000000000000000000000000000000000000000000000000000000000000000000000000000000000000000000000000000000000000011110000000000000000000000000000000000000000000000000000000000000000000111100011110000001110000000001110
0000001100000000000000000000000000000000111000000000000000000000000000000000000000000000000000000000000000000000000000000000000000000000000000000000000000111100000000000000000000000000000000000000000000000000000000000000011110000000111000001110000000000110
0000001100000000000000000000000000000001110000000000000000000000000000000000000000000000000000000000000000000000000000000000000000000000000000000000000000001111000000000000000000000000000000000000000000000000000000000000111000000000011100001100000000000011
0000001100000000000000000000000000000011100000000000000000000000000000000000000000000000000000000000000000000000000000000000000000000000000000000000000000000111000000000000000000000000000000000000000000000000000000000000011100000000001110111100000000000011
0000000110000000000000000001100000000011000000000000000000000000000000000000000000000000011100000000000000000000000000000000000000000000000000000000000000000001100000000000000000000000000000000000000000000000000000000000011100000000000111111000000000000001
0000000110000000000000001111111100000111000000000000000000000000000000000000000000000000111000000000000000000000000000000000000000000000000000000000000000000001100000000000000000000000000000000000000000000000000000000000000110000000000011100000000000000001
0000000110000000111111111110011111000110000000111000000000000000000000000000000000000000110000000000000000000000000000000000000000000000000000000000000000000001110000000000000000000000000000000000000000000000000000000000000110000000000000000000000000000001
0000000110000001111111111000000111111111001111111000000000000000000000000000000000000000110000000000000000000000000000000000000000000000000000000000000000000000111000000000000000000000000000000000000000000000000000000000000110000000000000000000000000000000
0000000011000011100000000000000001111111111111100000000000000000000000000000000000000000110000000000000000000000000000000000000000000000000000000000000000000000011100000000000000000000000000000000000000000000000000000000000011000000000000000000000000000000
0000000011000011000000000000000000000000110000000000000000000000000000000000000000000001100000000000000000000000000000000000000000000000000000000000000000000000001100000000000000000000000000000000000000000000000000000000000011100000000000000000000000000000
0000000011000011000000000000000000000000000000000000000000000000000000000000000000000001100000000000000000000000000000000000000000000000000000000000000000000000000110000000000000000000000000000000000000000000000000000000000001100000000000000000000000000000
0000000001100111000000000000000000000000000000000000000000000000000000000000000000000001100000000000000000000000000000000000000000000000000000000000000000000000000111000000000000000000000000000000000000000000000000000000000001100000000000000000000000000000
0000000001100110000000000000011110000000000000000000000000000000000000000000000000000011000000000000000000000000000000000000000000000000000000000000000000000000000011100000000000000000000000000000000000000000000000000000000001100000000000000000000000000000
0000000001110111111111100001111111000000000000000000000000000000000000000000000000000011000000000000000000000000000000000000000000000000000000000000000000000000000001110000000000000000000000000000000000000000000000000000000001100000000000000000000000000000
0000000000111111111111111111110011100000000000000000000000000000000000000000000000000111000000000000000000000000000000000000000000000000000000000000000000000000000000000000000000000000000000000000000000000000000000000000000001100000000000000000000000000000
0000000000011110000000111111000001110000000000000000000000000000000000000000000000011110000000000000000000000000000000000000000000000000000000000000000000000000000000000000000000000000000000000000000000000000000000000000000001100000000000000000000000000000
0000000000000000000000001100000000111000000000000000000000000000000000000000000000111000000000000000000000000000000000000000000000000000000000000000000000000000000000000000000000000000000000000000000000000000000000000000000001100000000000000000000000000000
0000000000000000000000000110000000011100000000000000000000000000000000000000000001110000000000000000000000000000000000000000000000000000000000000000000000000000000000000000000000000000000000000000000000000000000000000000000001100000000000000000000000000000
0000000000000000000000000110000000001110000000000000000000000000000000000000000011100000000000000000000000000000000000000000000000000000000000000000000000000000000000000000000000000000000000000000000000000000000000000000000011000000000000000000000000000000
0000000000000000000000000110000000000111000000000000000000000000000000000011111111000000000000000000000000000000000000000000000000000000000000000000000000000000000000000000000000000000000000000000000000000000000000000000000011000000000000000000000000000000
0000000000000000000000000110000000000011000000000000000000000000000000000111111110000000000000000000000000000000000000000000000000000000000000000000000000000000000000000000000000000000000000000000000000000000000000000000011111000000000000000000000000000000
0000000000000000000000000110000000000011100000000000000000000000000000001110000000000000000000000000000000000000000000000000000000000000000000000000000000000000000000000000000000000000000000000000000000000000000001111111111100000000000000000000000111111110
0000000000000000000000000110000000000001100000000000000000000000000011111100000000000000000000000000000000000000000000000000000000000000000000000000000000000000000000000000000000000000000000000000000000000000111111111111110000000000000000000000001111111111
0000000000000000000000000111000000000001100000000000000000000000111111110000000000000000000000000000000000000000000000000000000000000000000000000000000000000000000000000000000000000000000000000000000000001111111111000001100000000000000000000000000000000011
0000000000000000000000000011100000000000110000000000000000000001111100000000000000000000000000000000000000000000000000000000000000000000000000000000000000000000000000000000000000000000000000000000000000111111100000000001100000000000000000000000000000000011
0000000000000000000000000001110000000000110000000000000000000001100000000000000000000000000000000000000000000000000000000000000000000000000000000000000000000000000000000000000000000000000000000000000000111000000000000001100000000000000000000000000000000001
0000000000000000000000000000111000000000111000000000000000000011100000000000000000000000000000000000000000000000000000000000000000000000000000000000000000000000000000000000000000000000000000000000000000000000000000000001100000000000000000000000000000000001
0000000000000000000000000000011100000000011000000000000000000011000000000000000000000000000000000000000000000000000000000000000000000000000000000000000000000000000000000000000000000000000000000000000000000000000000000001100000000000000000000000000000000000
0000000000000000000000000000001110000000011100000000000000000111000000000000000000000000000000000000000000000000000000000000000000000000000000000000000000000000000000000000000000000000000000000000000000000000000000000001100000000000000000000000000000000000
0000000000000000000000000000000111000000001111111111111000001110000000000000000000000000000000000000000000000000000000000000000000000000000000000000000000000000000000000000000000000000000000000000000000000000000000000001100000000000000000000000000000000000
0000000000000000000000000000000011100000001111111111111111111100000000000000000000000000000000000000000000000000000000000000000000000000000000000000000000000000000000000000000000000000000000000000000000000000000000000001100000000000000000000000000000000000
0000000000000000000000000000000011100000001110000000001111110000000000000000000000000000000000000000000000000000000000000000000000000000000000000000000000000000000000000000000000000000000000000000000000000000000000000000000000000000000000000000000000000000
0000000000000000000000000000000011000000000110000000000000000000000000000000000000000000000000000000000000000000000000000000000000000000000000000000000000000000000000000000000000000000000000000000000000000000000000000000000000000000000000000000000000000000
0000000000000000000000000000000011000000000110000000000000000000000000000000000000000000000000000000000000000000000000000000000000000000000000000000000000000000000000000000000000000000000000000000000000000000000000000000000000000000000000000000000000000000
0000000000000000000000000000000011000000000011000000000000000000000000000000000000000000000000000000000000000000000000000000000000000000000000000000000000000000000000000000000000000000000000000000000000000000000000000000000000000000000000000000000000000000
0000000000000000000000000000000111000000000011000000000000000000000000000000000000000000000000000000000000000000000000000000000000000000000000000000000000000000000000000000000000000000000000000000000000000000000000000000000000000000000000000000000000000000
0000000000000000000000000000000110000000000001100000000000000000000000000000000000000000000000000000000000000000000000000000000000000000000000000000000000000000000000000000000000000000000000000000000000000000000000000000000000000000000000000000000000000000
0000000000000000000000000000000110000000000001100000000000000000000000000000000000000000000000000000000000000000000000000000000000000000000000000000000000000000000000000000000000000000000000000000000000000000000000000000000000000000000000000000000000000000
0000000000000000000000000000001100000000000001110000000000000000000000000000000000000000000000000000000000000000000000000000000000000000000000000000000000000000000000000000000000000000000000000000000000000000000000000000000000000000000000000000000000000000
0000000000000000000000000000011100000000000000110000000000000000000000000000000000000000000000000000000000000000000000000000000000000000000000000000000000000000000000000000000000000000000000000000000000000000000000000000000000000000000000000000000000000000
0000000000000000000000000000011000000000000000011000000000000000000000000000000000000000000000000000000000000000000000000000000000000000000000000000000000000000000000000000000000000000000000000000000000000000000000000000000000000000000000000000000000000000
0000000000000000000000000000111000000000000000011100000000000000000000000000000000000000000000000000000000000000000000000000000000000000000000000000000000000000000000000000000000000000000000000000000000000000000000000000000000000000000000000000000000000000
0000000000000000000000000000110000000000000000001111000000000000000000000000000000000000000000000000000000000000000000000000000000000000000000000000000000000000000000000000000000000000000000000000000000000000000000000000000000000000000000000000000000000000
0000000000000000000000000001100000000000000000000011110000000000000000000000000000000000000000000000000000000000000000000000000000000000000000000000000000000000000000000000000000000000000000000000000000000000000000000000000000000000000000000000000000000000
0000000000000000000000000001100000000000000000000000111100000000000000000000000000000000000000000000000000000000000000000000000000000000000000000000000000010000000000000000000000000000000000000000000000000000000000000000000000000000000000000000000000000000
0000000000000000000000000011000000000000000000000000001111000000000000000000000000000000000000000000000000000000000000000000000000000000000000000000000000011000000000000000000000000000000000000000000000000000000000000000000000000000000000000000000000000000
0000000000000000000000000011000000000000000000000000000011100000000000000000000000000000000000000000000000000000000000000000000000000000000000000000000000110000000000000000000000000000000000000000000000000000000000000000000000000000000000000000000000000000
0000000000000000000000000011000000000000000000000000000001111000000000000000000000000000000000000000000000000000000000000000000000000000000000000000000000110000000000000000000000000000000000000000000000000000000000000000000000000000000000000000000000000000
0000000000000000000000000111000000000000000000000000000000011100000000000000000000000000000000000000000000000000000000000000000000000000000000000000000011110000000000000000000000000000000000000000000000000000000000000000000000000000000000000000000000000000
0000000000000000000000000110000000000000000000000000000000001111000000000000000000000000000000000000000000000000000000000000000000000000000000000000011111100000000000000000000000000000000000000000000000000000000000000000000000000000000000000000000000000000
0000000000000000000000001110000000000000000000000000000000000011100000000000000000000000000000000000000000000000000000000000000000000000000000111111111110000000000000000000000000000000000000000000000000000000000000000000000000000000000000000000000000000000
0000000000000000000000001100000000000000000000000000000000000001110000000000000000000000000000000000000000000000000000000000000000000000000000111111110000000000000000000000000000000000000000000000000000000000000000000000000000000000000000000000000000000000
0000000000000000000000001100000000000000000000000000000000000000111100000000000000000000000000000000000000000000000000000000000000001110011111110000000000000000000000000000000000000000000000000000000000000000000000000000000000000000000000000000000000000000
1000000000000000000000011000000000000000000000000000000000000000001110000000000000000000000000000000000000000000000000000000000000111111111111100000000000000000000000000000000000000000000000000000000000000000000000000000000000000000000000000000000000000000
1000000000000000000000011000000000000000000000000000000000000000000111000000000000000000000000000000000000000000000000000000111111110011100000000000000000000000000000000000000000000000000000000000000000000000000000000000000000000000000000000000000000000000
1000000000000000000000011000000000000000000000000000000000000000000001110000000000000000000000000000000000000000000000000011111111100000000000000000000000000000000000000000000000000000000000000000000000000000000000000000000000000000000000000000000000000000
1100000000000000000000111000000000000000000000000000000000000000000000111000000000000000000000000000000000000000000111111111000000000000000000000000000000000000000000000000000000000000000000000000000000000000000000000000000000000000000000000000000000000000
1000000000000000000001110000000000000000000000000000000000000000000000011100000000000000000000000000000000000000001111111110000000000000000000000000000000000000000000000000000000000000000000000000000000000000000000000000000000000000000000000000000000000000
1000000000000000000111100000000000000000000000000000000000000000000000001110000000000000000000000000000000000000111100001000000000000000000000000000000000000000000000000000000000000000000000000000000000000000000000000000000000000000000000000000000000000000
1100000000000000001111000000000000000000000000000000000000000000000000000111000000000000000000000000000000000001111000000000000000000000000000000000000000000000000000000000000000000000000000000000000000000000000000000000000000000000000000000000000000000000
1000000000000000011000000000000000000000000000000000000000000000000000000011000000000000000000000000000000000011100000000000000000000000000000000000000000000000000000000000000000000000000000000000000000000000000000000000000000000000000000000000000000000000
1000000000000000111000000000000000000000000000000000000000000000000000000011100000000000000000000000000000001111000000000000000000000000000000000000000000000000000000000000000000000000000000000000000000000000000000000000000000000000000000000000000000000000
1000000000000001110000000000000000000000000000000000000000000000000001110011110000000000000000000000000000011100000000000000000000000000000000000000000000000000000000000000000000000000000000000000000000000000000000000000000000000000000000000000000000000000
1000000000000001100000000000000000000000000000000000000000000000000011111111111000000000000000000000000001111000000000000000000000000000000000000000000000000000000000000000000000000000000000000000000000000000000000000000000000000000000000000000000000000000
1000000000000001100000000000000000000000000000000000000000000000000111011110011100000000000000000000000011100000000000000000000000000000000000000000000000000000000000000000000000000000000000000000000000000000000000000000000000000000000000000000000000000000
0000000000000001100000000000000000000000000000000000000000000000011110000000001111000000000000000000000111000000000000000000000000000000000000000000000000000000000000000000000000000000000000000000000000000000000000000000000000000000000000000000000000000000
0000000000000011100000000000000000000000000000000000000000000001111000000000000111110000000000000000011110000000000000000000000000000000000000000000000000000000000000000000000000000000000000000000000000000000000000000000000000000000000000000000000000000000
0000000000001111000000000000000000000000000000000000000000000001100000000000000001111100000000000000111000000000000000000000000000000000000000000000000000000000000000000000000000000000000000000000000000000000000000000000000000000000000000000000000000000000
0000000000001110000000000000000000000000000000000000000000000011000000000000000000001111000000000001110000000000000000000000000000000000000000000000000000000000000000000000000000000000000000000000000000000000000000000000000000000000000000000000000000000000
0000000000001100000000000000000000000000000000000000000000000110000000000000000000000011100000000011100000000000000000000000000000000000000000000000000000000000000000000000000000000000000000000000000000000000000000000000000000000000000000000000000000000000
0000000000001100000000000000000000000000000000000000000000001110000000000000000000000001111000000011000000000000000000000000000000000000000000000000000000000000100000000000000000000000000000000000000000000000000000000000000000000000000000000000000000000000
0000000000011000000000000000000000000000000000000000000000011100000000000000000000000000111100000110000000000000000000000000000000000000000000000000000000000001100000000000000000000000000001100000000000000000000000000000001110000000000000000000000000000000
0000000000011000000000000000000000000000000000000000000000111000000000000000000000000000111110001110000000000000000000000000000000000000000000000000000000000011100000000000000000000000000011111110000000000000000000111000011111000000000000000000000000000000
0000000000111000000000000000000000000000000000000000000001110000000000000000000000000001110111111100000000000000000000000000000000000000000000000000000000000111000000000000000000000000000011111111100111110000000001111100001111100000000000000000000001000000
0000000000110000000000000000000000000000000000000000000011100000000000000000000000000001100001111000000000000000000000000000000000000000000000000000000000001110000000000000000000000000000011000011111111111100001111100111111101110000001111111110001111110000
0000000000110000000000000000000000000000000000000000000110000000000000000000000000000001100000111100000000000000000000000000000000000000000000000000000000001100000000000000000000000000000011000000111100011111111111000111111000110000011111111111111110111111
0000000000110000000000000000000000000000000000000000001110000000000000000000000000000001100000001110000000000000000000000000000000000000000000000000000000111000000000000000000000000000000111000000000000000111110011100000000000111000111000000011111000001111
0000000000110000000000000000000000000000000000000000011100000000000000000000000000000001100000000111000000000000000000000000000000000000000000000000000011110000000000000000000000000000000010000000000000000000000001110000000000011111110000000000000000000000
0000000000010000000000000000000000000000000000000000111000000000000000000000000000000001110000000011000000000000000000000000000000000000000000000000000111100000000000000000000000000000000000000000000000000000000000111000000000001111000000000000000000000000
0000000000000000000000000000000000000000000000000001110000000000000000000000000000000000110000000001100000000000000000000000000000000000000000000000001110000000000000000000000000000000000000000000000000000000000000011100000000000000000000000000000000000000
0000000000000000000000000000000000000000000000000111100000000000000000000000000000000000110000000001110000000000000000000000000000000000000000000000001100000000000000000000000000000000000000000000000000000000000000001100000000000000000000000000000000000000
0000000000000000000000000000000000000000000000001110000000000000000000000000000000000000110000000000111000000000000000000000000000000000000000000000011000000000000000000000000000000000000000000000000000000000000000000110000000000000000000000000000000000000
0000000000000000000000000000000000000000000000011100000000000000000000000000000000000000110000000000011100000000000000000000000000000000000000000000011000000000000000000000000000000000000000000000000000000000000000000111000000000000000000000000000000000000
0000000000000000000000000000000000000000000000011000000000000000000000000000000000000001100000000000001110000000000000000000000000000000000000000000111000000011100000000000000000000000000000000000000000000000000000000011000000000000000000000000000000000000
0000000000000000000000000000000000000000000000011000000000000000000000000000000000000001100000000000000111000000000000000000000000000000000000000001110000000111000000000000000000000000000000000000000000000000000000000110000000000000000000000000000000000000
0000000000000000000000000000000000000000000000111000000000000000000000000000000000000001100000000000000011100000000000000000000000000000000000000011100000001110000000000000000000000000000000000000000000000000000000000110000000000000000000000000000000000000
0000000000000000000000000000000000000000000000110000000000000000000000000000000000000001100000000000000001110000000000000000000000000000000000000111000000011100000000000000000000000000000000000000000000000000000000000000000000000000000000000000000000000000
0000000000000000000000000000000000000000000000110000000000000000000000000000000000000011100000000000000000111000000000000000000000000000000000011110000001111000000000000000000000000000000000000000000000000000000000000000000000000000000000000000000000000000
0000000000000000000000000000000000000000000000110000000000000000000000000000000000000011000000000000000000011100000000000000000000000000000000111000001111110000000000000000000000000000000000000000000000000000000000000000000000000000000000000000000000000000
0000000000000000000000000000000000000000000000110000000000000000000000000000000000000110000000000000000000000110000000000000000000000000000011110000011111000000000000000000000000000000000000000000000000000000000000000000000000000000000000000000000000000000
0000000000000000000000000000000000000000000001100000000000000000000000000000000000001110000000000000000000000111000000000000000000000000000111100001111000000000000000000000000000000000000000000000000000000000000000000000000000000000000000000000000000000000
0000000000000000000000000000000000000000000001100000000000000000000000000000000000011100000000000000000000000011000000000000000000000000001110111111100000000000000000000000000000000000000000000000000000000000000000000000000000000000000000000000000000000000
0000000000000000000000000000000000000000000000110000000000000000000000000000000000111000000000000000000000000001111000000000000000000000001111111111000000000000000000000000000000000000000000000000000000000000000000000000000000000000000000000000000000000000
0000000000000000000000000000000000000000000000100000000000000000000000000000000000110000000000000000000000000000111111100000000000000111111111000000000000000000000000000000000000000000000000000000000000000000000000000000000000000000000000000000000000000000
0000000000000000000000000000000000000000000000000000000000000000000000000000000001100000000000000000000000000000000111111000000011111111111100000000000000000000000000000000000000000000000000000000000000000000000000000000000000000000000000000000000000000000
0000000000000000000000000000000000000000000000000000000000000000000000000000000001100000000000000000000000000000000000111111111111111100000000000000000000000000000000000000000000000000000000000000000000000000000000000000000000000000000000000000000000000000
0000000000000000000000000000000000000000000000000000000000000000000000000000000001100000000000000000000000000000000000011111111100000000000000000000000000000000000000000000000000000000000000000000000000000000000000000000000000000000000000000000000000000000
0000000000000000000000000000000000000000000000000000000000000000000000000000000011000000000000000000000000000000000000011011110000000000000000000000000000000000000000000000000000000000000000000000000000000000000000000000000000000000000000000000000000000000
0000000000000000000000000000000000000000000000000000000000000000000000000000000111000000000000000000000000000000000000011001110000000000000000000000000000000000000000000000000000000000000000000000000000000000000000000000000000000000000000000000000000000000
0000000000000000000000000000000000000000000000000000000000000000000000000000001110000000000000000000000000000000000000011000111000000000000000000000000000000000000000000000000000000000000000000000000000000000000000000000000000000000000000000000000000000000
0000000000000000000000000000000000000000000000000000000000000000000000000000111100000000000000000000000000000000000001110000011000000000000000000000000000000000000000000000000000000000000000000000000000000000000000000000000000000000000000000000000000000000
0000000000000000000000000000000000000000000000000000000000000000000000000000110000000000000000000000000000000000000011100000011100000000000000000000000000000000000000000000000000000000000000000000000000000000000000000000000000000000000000000000000000000000
0000000000000000000000000000000000000000000000000000000000000000000000000000110000000000000000000000000000000000000111000000001110000000000000000000000000000000000000000000000000000000000000000000000000000000000000000000000000000000000000000000000000000000
0000000000000000000000000000000000000000000000000000000000000000000000000000110000000000000000000000000000000000001110000000000111000000000000000000000000000000000000000000000000000000000000000000000000000000000000000000000000000000000000000000000000000000
0000000000000000000000000000000000000000000000000000000000000000000000000001100000000000000000000000000000000000001100000000000011110000000000000000000000000000000000000000000000000000000000000000000000000000000000000000000000000000000000000000000000000000
0000000000000000000000000000000000000000000000000000000000000000000000000111100000000000000000000000000000000000001100000000000000111000000000000000000000000000000000000000000000000000000000000000000000000000000000000000000000000000000000000000000000000000
0000000000000000000000000000000000000000000000000000000000000000000000001111100000000000000000000000000000000000001110000000000000011100000000000000000000000000000000000000000000000000000000000000000000000000000000000000000000000000000000000000000000000000
0000000000000000000000000000000000000000000000000000000000000000000000011100000000000000000000000000000000000000000111000000000000001100000000000000000000000000000000000000000000000000000000000000000000000000000000000000000000000000000000000000000000000000
0000000000000000000000000000000000000000000000000000000000000000000000111000000000000000000000000000000000000000000011000000000000001110000000000000000000000000000000000000000000000000000000000000000000000000000000000000000000000000000000000000000000000000
0000000000000000000000000000000000000000000000000000000000000000000111100000000000000000000000000000000000000000000001100000000000000110000000000000000000000000000000000000000000000000000000000000000000000000000000000000000000000000000000000000000000000000
0000000000000000000000000000000000000000000000000000000000000001111111000000000000000000000000000000000000000000000001100000000000000110000000000000000000000000000000000000000000000000000000000000000000000000000000000000000000000000000000000000000000000000
0000000000000000000000000000000000000000000000000000000000001111111100000000000000000000000000000000000000000000000001100000000000000110000000000000000000000000000000000000000000000000000000000000000000000000000000000000000000000000000000000000000000000000
0000000000000000000000000000000000000000000000000000000001111110000000000000000000000000000000000000000000000000000001100000000000000110000000000000000000000000000000000000000000000000000000000000000000000000000000000000000000000000000000000000000000000000
0000000000000000000000000000000000000000000000000000000011110000000000000000000000000000000000000000000000000000000001100000000000000110000000000000000000000000000000000000000000000000000000000000000000000000000000000000000000000000000000000000000000000000
0000000000000000000000000000000000000000000000000000000111000000000000000000000000000000000000000000000000000000000001100000000000000110000000000000000000000000000000000000000000000000000000000000000000000000000000000000000000000000000000000000000000000000
0000000000000000000000000000000000000000000000000000001110000000000000000000000000000000000000000000000000000000000001100000000000000110000000000000000000000000000000000000000000000000000000000000000000000000000000000000000000000000000000000000000000000000
0000000000000000000000000000000000000000000000000000011100000000000000000000000000000000000000000000000000000000000011000000000000000110000000000000000000000000000000000000000000000000000000000000000000000000000000000000000000000000000000000000000000000000
0000000000000000000000000000000000000000000000000000011000000000000000000000000000000000000000000000000000000000000011000000000000000110000000000000000000000000000000000000000000000000000000000000000000000000000000000000000000000000000000000000000000000000
0000000000000000000000000000000000000000000000000000111000000000000000000000000000000000000000000000000000000000000111000000000000000110000000000000000000000000000000000000000000000000000000000000000000000000000000000000000000000000000000000000000000000000
0000000000000000000000000000000000000000000000000000110000000000000000000000000000000000000000000000000000000000001110000000000000000110000000000000000000000000000000000000000000000000000000000000000000000000000000000000000000000000000000000000000000000000
0000000000000000000000000000000000000000000000000000110000000000000000000000000000000000000000000000000000000000011100000000000000000110000000000000000000000000000000000000000000000000000000000000000000000000000000000000000000000000000000000000000000000000
0000000000000000000000000000000000000000000000000001100000000000000000000000000000000000000000000000000000000000011000000000000000000110000000000000000000000000000000000000000000000000000000000000000000000000000000000000000000000000000000000000000000000000
0000000000000000000000000000000000000000000000000011100000000000000000000000000000000000000000000000000000000000111000000000000000000110000000000000000000000000000000000000000000000000000000000000000000000000000000000000000000000000000000000000000000000000
0000000000000000000000000000000000000000000000000111000000000000000000000000000000000000000000000000000000000001110000000000000000001110000000000000000000000000000000000000000000000000000000000000000000000000000000000000000000000000000000000000000000000000
0000000000000000000000000000000000000000000000000000000000000000000000000000000000000000000000000000000000000001100000000000000000001100000000000000000000000000000000000000000000000000000000000000000000000000000000000000000000000000000000000000000000000000
0000000000000000000000000000000000000000000000000000000000000000000000000000000000000000000000000000000000000011100000000000000000011100000000000000000000000000000000000000000000000000000000000000000000000000000000000000000000000000000000000000000000000000
0000000000000000000000000000000000000000000000000000000000000000000000000000000000000000000000000000000000111111000000000000000000011000000000000000000000000000000000000000000000000000000000000000000000000000000000000000000000000000000000000000000000000000
0000000000000000000000000000000000000000000000000000000000000000000000000000000000000000000000000000000011111110000000000000000000011000000000000000000000000000000000000000000000000000000000000000000000000000000000000000000000000000000000000000000000000000
0000000000000000000000000000000000000000000000000000000000000000000000000000000000000000000000000000000011001000000000000000000000001100000000000000000000000000000000000000000000000000000000000000000000000000000000000000000000000000000000000000000000000000
0000000000000000000000000000000000000000000000000000000000000000000000000000000000000000000000000000000111000000000000000000000000001111000000000000000000000000000000000000000000000000000000000000000000000000000000000000000000000000000000000000000000000000
0000000000000000000000000000000000000000000000000000000000000000000000000000000000000000000000000000000110000000000000000000000000000011100000000000000000000000000000000000000000000000000000000000000000000000000000000000000000000000000000000000000000000000
0000000000000000000000000000000000000000000000000000000000000000000000000000000000000000000000000000000110000000000000000000000000000001110000000000000000000000000000000000000000000000000000000000000000000000000000000000000000000000000000000000000000000000
0000000000000000000000000000000000000000000000000000000000000000000000000000000000000000000000000000000110000000000000000000000000000000011000000000000000000000000000000000000000000000000000000000000000000000000000000000000000000000000000000000000000000000
0000000000000000000000000000000000000000000000000000000000000000000000000000000000000000000000000000000111000000000000000000000000000000011100000000000000000000000000000000000000000000000000000000000000000000000000000000000000000000000000000000000000000000
0000000000000000000000000000000000000000000000000000000000000000000000000000000000000000000000000000000011000000000000000000000000000000011110000000000000000000000000000000000000000000000000000000000000000000000000000000000000000000000000000000000000000000
0000000000000000000000000000000000000000000000000000000000000000000000000000000000000000000000000000000011000000000000000000000000000000011110000000000000000000000000000000000000000000000000000000000000000000000000000000000000000000000000000000000000000000
0000000000000000000000000000000000000000000000000000000000000000000000000000000000000000000000000000001111000000000000000000000000000000111111000000000000000000000000000000000000000000000000000000000000000000000000000000000000000000000000000000000000000000
0000000000000000000000000000000000000000000000000000000000000000000000000000000000000000000000000000011110000000000000000000000000000001110011000000000000000000000000000000000000000000000000000000000000000000000000000000000000000000000000000000000000000000
0000000000000000000000000000000000000000000000000000000000000000000000000000000000000000000000000000011000000000000000000000000000000011000001100000000000000000000000000000000000000000000000000000000000000000000000000000000000000000000000000000000000000000
0000000000000000000000000000000000000000000000000000000000000000000000000000000000000000000000000000111000000000000000000000000000000110000001110000000000000000000000000000000000000000000000000000000000000000000000000000000000000000000000000000000000000000
0000000000000000000000000000000000000000000000000000000000000000000000000000000000000000000000000011110000000000000000000000000000001110000000110000000000000000000000000000000000000000000000000000000000000000000000000000000000000000000000000000000000000000
0000000000000000000000000000000000000000000000000000000000000000000000000000000000000000000011111111100000000000000000000000000000001100000000011000000000000000000000000000000000000000000000000000000000000000000000000000000000000000000000000000000000000000
0000000000000000000000000000000000000000000000000000000000000000000000000000000000000000001111111110000000000000000000000000000000001100000000011000000000000000000000000000000000000000000000000000000000000000000000000000000000000000000000000000000000000000
0000000000000000000000000000000000000000000000000000000000000000000000000000000000000000000100000000000000000000000000000000000000001100000000011100000000000000000000000000000000000000000000000000000000000000000000000000000000000000000000000000000000000000
0000000000000000000000000000000000000000000000000000000000000000000000000000000000000000000000000000000000000000000000000000000000001100000000001100000000000000000000000000000000000000000000000000000000000000000000000000000000000000000000000000000000000000
0000000000000000000000000000000000000000000000000000000000000000000000000000000000000000000000000000000000000000000000000000000000001100000000001100000000000000000000000000000000000000000000000000000000000000000000000000000000000000000000000000000000000000
0000000000000000000000000000000000000000000000000000000000000000000000000000000000000000000000000000000000000000000000000000000000001100000000001100000000000000000000000000000000000000000000000000000000000000000000000000000000000000000000000000000000000000
0000000000000000000000000000000000000000000000000000000000000000000000000000000000000000000000000000000000000000000000000000000000001100000000001100000000000000000000000000000000000000000000000000000000000000000000000000000000000000000000000000000000000000
0000000000000000000000000000000000000000000000000000000000000000000000000000000000000000000000000000000000000000000000000000000000000110000000001100000000000000000000000000000000000000000000000000000000000000000000000000000000000000000000000000000000000000
0000000000000000000000000000000000000000000000000000000000000000000000000000000000000000000000000000000000000000000000000000000000000110000000000110000000000000000000000000000000000000000000000000000000000000000000000000000000000000000000000000000000000000
0000000000000000000000000000000000000000000000000000000000000000000000000000000000000000000000000000000000000000000000000000000000000110000000000110000000000000000000000000000000000000000000000000000000000000000000000000000000000000000000000000000000000000
0000000000000000000000000000000000000000000000000000000000000000000000000000000000000000000000000000000000000000000000000000000000000110000000000110000000000000000000000000000000000000000000000000000000000000000000000000000000000000000000000000000000000000
0000000000000000000000000000000000000000000000000000000000000000000000000000000000000000000000000000000000000000000000000000000000000110000000000110000000000000000000000000000000000000000000000000000000000000000000000000000000000000000000000000000000000000
0000000000000000000000000000000000000000000000000000000000000000000000000000000000000000000000000000000000000000000000000000000000001100000000000110000000000000000000000000000000000000000000000000000000000000000000000000000000000000000000000000000000000000
0000000000000000000000000000000000000000000000000000000000000000000000000000000000000000000000000000000000000000000000110000000000001100000000000110000000000000000000000000000000000000000000000000000000000000000000000000000000000000000000000000000000000000
0000000000000000000000000000000000000000000000000000000000000000000000000000000000000000000000000000000000000000000011111110000000001100000000001100000000000000000000000000000000000000000000000000000000000000000000000000000000000000000000000000000000000000
