0000000000000000000000000000111000000000000000000000000000000000110000000000000000000000000000000000000000000000110000000000000000000000000000000000000000000000000011111000000000000000000000000000000000000000011000000000000000000000011000000000000000000000
0000000000000000000000000000110000000000000000000000000000000000110000000000000000000000000000000000000000000000110000000000000000000000000000000000000000000000000111100000000000000000000000000000000000000000011000000000000000000000011000000000000000000000
0000000000000000000000000000110000000000000000000000000000000001110000000000000000000000000000000000000000000000110000000000000000000000000000000000000000000000011110000000000000000000000000000000000000000000011000000000000000000000011000000000000000000000
0000000000000000000000000000110000000000000000000000000000000001100000000000000000000000000000000000000000000000110000000000000000000000000000000000000000000000111000000000000000000000000000000000000000000000001100000000000000000000001100000000000000000001
0000000000000000000000000000110000000000000000000000000000000001100000000000000000000000000000000000000000000000011000000000000000000000000000000000000000000000110000000000000000000000000000000000000000000000001100000000000000000000001100000000000000000011
0000000000000000000000000000110000000000000000000000000000000001100000000000000000000000000000000000000000000000011000000000000000000000000000000000000000000001110000000000000000000000000000000000000000000000000110000000000000000000001100000000000000000111
0000000000000000000000000000110000000000000000000000000000000001100000000000000000000000000000000000000000000000011100000000000000000000000000000000000000000011100000000000000000000000000000000000000000000000000110000000000000000000001100000000000000000110
0000000000000000000000000000110000000000000000000000000000000011100000000000000000000000000000000000000000000000001100000000000000000000000000000000000000011111000000000000000000000000000000000000000000000000000110000000000000000000001110000000000000000111
0000000000000000000000000000110000000000000000000000000000000011000000000000000000000000000000000000000000000000001100000000000000000000000000000000000000111100000000000000000000000000000000000000000000000000000011000000000000000000000111000000000000000011
0000000000000000000000000000110000000000000000000000000000000011000000000000000000000000000000000000000000000000000110000000000000000000000000000000000001110000000000000000000000000000000000000000000000000000000011100000000000000000000011100000000000000011
0000000000000000000000000000110000000000000000000000000000000011100000000000000000000000000000000000000000000000000110000000000000000000000000000000000011000000000000000000000000000000000000000000000000000000000001110000000000000000000001100000000000000001
0000000000000000000000000000110000000000000000000000000000000001100000000000000000000000000000000000000000000000000111000000000000000000000000000000001110000000000000000000000000000000000000000000000000000000000000111000000000000000000000110000000000000000
0000000000000000000000000000111000000000000000000000000000000001100000000000000000000000000000000000000000000000000011000000000000000000000000000000011100000000000000000000000000000000000000000000000000000000000000011000000000000000000000110000000000000000
0000000000000000000000000000011000000000000000000000000000000001100000000000000000000000000000000000000000000000000011000000000000000000000000000001111000000000000000000000000000000000000000000000000000000000000000001100000000000000000000110000000000000000
0000000000000000000000000000011000000000000000000000000000000001100000000000000000000000000000000000000000000000000011100000000000000000000000001111100000000000000000000000000000000000000000000000000000000000000000001110000000000000000000110000000000000000
0000000000000000000000000000111000000000000000000000000000000001100000000000000000000000000000000000000000000000000001100000000000000000000001111110000000000000000000000000000000000000000000000000000000000000000000000111000000000000000000111000000000000000
0000000000000000000000000000110000000000000000000000000000000001100000000000000000000000000000000000000000000000000001100000000000000000001111111000000000000000000000000000000000000000000000000000000000000000000000000011100000000000000000011000000000000000
0000000000000000000000000001100000000000000000000000000000000001100000000000000000000000000000000000000000000000000001100000000000000011111111000000000000000000000000000000000000000000000000000000000000000000000000000001110000000000000000011000000000000000
0000000000000000000000000001100000000000000000000000000000000001100000000000000000000000000000000000000000000000000000110000000000111111110000000000000000000000000000000000000000000000000000000000000000000000000000000000111000000000000000011000000000000000
0000000000000000000000000001100000000000000000000000000000000000110000000000000000000000000000000000000000000000000000110000011111111110000000000000000000000000000000000000000000000000000000000000000000000000000000000000011100000000000000110000000000000000
0000000000000000000000000001100000000000000000000000000000000000110000000000000000000000000000000000000000000000000000111011111111000000000000000000000000000000000000000000000000000000000000000000000000000000000000000000001110000000000001100000000000000000
0000000000000000000000000011100000000000000000000000000000000000110000000000000000000000000000000000000000000000000000011111100000000000000000000000000000000000000000000000000000000000000000000000000000000000000000000000000110000000000011100000000000000000
0000000000000000000000000011000000000000000000000000000000000000111000000000000000000000000000000000000000000000000000011110000000000000000000000000000000000000000000000000000000000000000000000000000000000000000000000000000110000000000111000000000000000000
0000000000000000000000000011000000000000000000000000000000000000011000000000000000000000000000000000000000000000000000001100000000000000000000000000000000000000000000000000000000000000000000000000000000000000000000000000000110000000000110000000000000000000
0000000000000000000000000011000000000000000000000000000000000000011000000000000000000000000000000000000000000000000000001100000000000000000000000000000000000000000000000000000000000000000000000000000000000000000000000000000110000000000110000000000000000000
0000000000000000000000000011000000000000000000000000000000000000111000000000000000000000000000000000000000000000000000011000000000000000000000000000000000000000000000000000000000000000000000000000000000000000000000000000000110000000000110000000000000000000
0000000000000000000000000111000000000000000000000000000000000000110000000000000000000000000000000000000000000000000000011000000000000000000000000000000000000000000000000000000000000000000000000000000000000000000000000000000111000000000110000000000000000000
0000000000000000000000000110000000000000000000000000000000000000110000000000000000000000000000000000000000000000000000011000000000000000000000000000000000000000000000000000000000000000000000000000000000000000000000000000000011100000000111000000000000000000
0000000000000000000000001100000000000000000000000000000000000001110000000000000000000000000000000000000000000000000000011000000000000000000000000000000000000000000000000000000000000000000000000000000000000000000000000000000001100000000011100000000000000000
0000000000000000000000011100000000000000000000000000000000000001100000000000000000000000000000000000000000000000000000111000000000000000000000000000000000000000000000000000000000000000000000000000000000000000000000000000000001100000000001100000000000000000
0000000000000000000000111000000000000000000000000000000000000001100000000000000000000000000000000000000000000000000000110000000000000000000000000000000000000000000000000000000000000000000000000000000000000000000000000000000001100000000000110000000000000000
0000000000000000000000110000000000000000000000000000000000000001100000000000000000000000000000000000000000000000000000110000000000000000000000000000000000000000000000000000000000000000000000000000000000000000000000000000000001100000000000110000000000000000
0000000000000000000000110000000000000000000000000000000000000001100000000000000000000000000000000000000000000000000000110000000000000000000000000000000000000000000000000000000000000000000000000000000000000000000000000000000011100000000001100000000000000000
0000000000000000000000110000000000000000000000000000000000000001100000000000000000000000000000000000000000000000000001100000000000000000000000000000000000000000000000000000000000000000000000000000000000000000000000000000000011000000000001100000000000000000
0000000000000000000000110000000000000000000000000000000000000001100000000000000000000000000000000000000000000000000011100000000000000000000000000000000000000000000000000000000000000000000000000000000000000000000000000000000111000000000001100000000000000000
0000000000000000000000111000000000000000000000000000000000000001100000000000000000000000000000000000000000000000001111000000000000000000000000000000000000000000011110000000000000000000000000000000000000000000000000000000000110000000000011100000000000000000
0000000000000000000000011000000000000000000000000000000000000001100000000000000000000000000000000000000000000000011110000000000000000000000000000000000000000000111111100000000000000000000000000000000000000000000000000000000110000000000011000000000000000000
0000000000000000000000011000000000000000000000000000000000000001110000000000000000000000000000000000000000000000111000000000000000000000000000000000000000000001100001110000000000000000000000000000000000000000000000000000000110000000000011000000000000000000
0000000000000000000000011100000000000000000000000000000000000000110000000000000000000000000000000000000000000000110000000000000000000000000000000000000000000011100000111000000000000000000000000000000000000000000000000000000111000000000011000000000000000000
0000000000000000000000011000000000000000000000000000000000000000011000000000000000000000000000000000000000000001100000000000000000000000000000000000000000000011000000011100000000000000000000000000000000000000000000000000000011000000000011000000000000000000
0000000000000000000000011000000000000000000000000000000000000000011000000000000000000000000000000000000000000011100000000000000000000000000000000000000000000110000000001111000000000000000000000000000000000000000000000000000011000000000011100000000000000000
0000000000000000000000011000000000000000000000000000000000000000001100000000000000000000000000000000000000000011000000000000000000000000000000000000000000000110000000000111110000000000000000000000000000000000000000000000000011000000000001100000000000000000
0000000000000000000000011000000000000000000000000000000000000000001100000000000000000000000000000000000000000011000000000000000000000000000000000000000000001110000000000000111000000000000000000000000000000000000000000000000011000000000001100000000000000000
0000000000000000000000011000000000000000000000000000000000000000000110000000000000000000000000000000000000000011100000000000000000000000000000000000000000001100000000000000011100000000000000000000000000000000000000000000000011000000000001100000000000000000
0000000000000000000000011000000000000000000000000000000000000000000110000000000000000000000000000000000000000001100000000000000000000000000000000000000000011100000000000000001111110000000000000000000000000000000000000000000110000000000001100000000000000000
0000000000000000000000011000000000000000000000000000000000000000000110000000000000000000000000000000000000000001100000000000000000000000000000000000000000011000000000000000000011110000000000000000000000000000000000000000011111110000000001100000000000000000
0000000000000000000000011000000000000000000000000000000000000000001110000000000000000000000000000000000000000000110000000000000000000000000000000000000000110000000000000000000000111000000000000000000000000000000000000000111111111111000001100000000000000000
0000000000000000000000011000000000000000000000000000000000000000001100000000000000000000000000000000000000000000110000000000000000000000000000000000000000000000000000000000000000011100000000000000000000000000000000000000110000001111110011100000000000000000
0000000000000000000000011000000000000000000000000000000000000000001100000000000000000000000000000000000000000000011000000000000000000000000000000000000000000000000000000000000000001111000000000000000000000000000000000001100000000001111111000000000000000000
0000000000000000000000011000000000000000000000000000000000000000001100000000000000000000000000000000000000000000011100000000000000000000000000000000000000000000000000000000000000000011100000000000000000000000000000000001100000000000001111100000000111111111
0000000000000000000000011000000000000000000000000000000000000000001100000000000000000000000000000000000000000000001100000000000000000000000000000000000000000000000000000000000000000001110000000000000000000000000000000001100000000000000111111000111111111111
0000000000000000000000011000000000000000000000000000000000000000000110000000000000000000000000000000000000000000000110000000000000000000000000000000000000000000000000000000000000000000111000000000000000000000000000000011100000000000000000111111111000000000
0000000000000000000000011000000000000000000000000000000000000000000110000000000000000000000000000000000000000000000111000000000000000000000000000000000000000000000000000000000000000000011110000000000000000000000000000011000000000000000000000111000000000000
0000000000000000000000011000000000000000000000000000000000000000000110000000000000000000000000000000000000000000000011000000000000000000000000000000000000000000000000000000000000000000000110000000000000000000000000000011000000000000000000000000000000000000
0000000000000000000000011000000000000000000000000000000000000000000110000000000000000000000000000000000000000000000011100000000000000000000000000000000000000000000000000000000000000000000011100000000000000000000000000011000000000000000000000000000000000000
0000000000000000000000011000000000000000000000000000000000000000000110000000000000000000000000000000000000000000000011000000000000000000000000000000000000000000000000000000000000000000000001110000000000000000000000000011000000000000000000000000000000000000
0000000000000000000000111000000000000000000000000000000000000000000110000000000000000000000000000000000000000000000011000000000000000000000000000000000000000000000000000000000000000000000000111000000000000000000000000110000000000000000000000000000000000000
0000000000000000000001110000000000000000000000000000000000000000000110000000000000000000000000000000000000000000000011000000000000000000000000000000000000000000000000000000000000000000000000011110000000000000000000000110000000000000000000000000000000000000
0000000000000111111111100000000000000000000000000000000000000000000110000000000000000000000000000000000000000000000110000000000000000000000000000000000000000000000000000000000000000000000000000111000000000000000000000110000000000000000000000000000000000000
0000000000011111111111000000000000000000000000000000000000000000001110000000000000000000000000000000000000000000001110000000000000000000000000000000000000000000000000000000000000000000000000000011000000000000000000000110000000000000000000000000000000000000
0000000000111100000000000000000000000000000000000000000000000000111100000000000000000000000000000000000000000000011100000000000000000000000000000000000000000000000000000000000000000000000000000011110000000000000000001110000000000000000000000000000000000000
1110000000110000000000000000000000000000000000000000000000000001111000000000000000000000000000000000000000000001111000000000000000000000000000000000000000000000000000000000000000000000000000000001111000000000000000001100000000000000000000000000000000000000
1111110111110000000000000000000000000000000000000000000000000000110000000000000000000000000000000000000000000111100000000000000000000000000000000000000000000000000000000000000000000000000000000000011100000000000000001100000000000000000000000000000000000000
0011111111100000000000000000000000000000000000000000000000000000110000000000000000000000000000000000000001111111000000000000000000000000000000000000000000000000000000000000000000000000000000000000001111000000000000001100000000000000000000000000000000000000
0000001100000000000000000000000000000000000000000000000000000000110000000000000000000000000000000000001111111000000000000000000000000000000000000000000000000000000000000000000000000000000000000000000111100000000000011100000000000000000000000000000000000000
0000000000000000000000000000000000000000000000000000000000000000111110000000000000000000000000000000011110000000000000000000000000000000000000000000000000000000000011000000000000000000000000000000000001110000000111111000000000000000000000000000000000000000
0000000000000000000000000000000000000000000000000000000000000000111110000000000000000000000000000000111000000000000000000000000000000000000000000000000000000000000011100000000000000000000000000000000000110000001111110000000000000000000000000000000000000000
0000000000000000000000000000000000000000000110000000000000000000000111000000000000000000000000000001110000000000000000000000000000000000000000000000000000000000000001110000000000000000000000000000000000110000011100000000000000000000000000000000000000000000
0000000000000000000000000000000000000000001110000000000000000000000110000000000000000000000000000111000000000000000000000000000000000000000000000000000000000000000000110000000000000000000000000000000000110000011100000000000000000000000000000000000000000000
0000000000000000000000000000000000000000011100000000000000000000000110000000000000000000000000001110000000000000000000000000000000000000000000000000000000000000000000110000000000000000000000000000000000011000001100000000000000000000000000000000000000000000
0000000000000000000000000000000000000000111000000000000000000000001100000000000000000000000000001100000000000000000000000000000000000000000000000000000000000000000000011100000000000000000000000000000000011100001100000000000000000000000000000000000000000000
0000000000000000000000000000000000000001110000000000000000000000011100000000000000000000000000011100000000000000000000000000000000000000000000000000000000000000000000011111000000000000000000000000000000001100000110000000000000000000000000000000000000000000
0000000000000000000000000000000000000001100000000000000000000000011000000000000000000000000000111000000000000000000000000000000000000000000000000000000000000000000000000011100000000000000000000000000000001110000110000000000000000000000000000000000000000000
0000000000000000000000000000000000000011000000000000000000000000110000000000000000000000000000110000000000000000000000000000000000000000000000000000000000000000000000000001111000000000000000000000000000000111111110000000000000000000000000000000000000000000
0000000000000000000000000000000000000111000000000000000000000000110000000000000000000000000001100000000000000000000000000000000000000000000000000000000000000000000000000000011100000000000000000000000000000011111110000000000000000000000000000000000000000000
0000000000000000000000000000000000001110000000000000000000000000110000000000000001111111000011100000000000000000000000000000000000000000000000000000000000000000000000000000001110000000000000000000000000000000000110000000000000000000000000000000000000000000
0000000000000000000000000000000000111100000000000000000000000000110000000000000111111111111111000000000000000000000000000000000000000000000000000000000000000000000000000000000110000000000000000000000000000000000110000000000000000000000000000000000000000000
0000000000000000000000000000000001110000000000000000000000000000110000000000111111000000111110000000000000000000000000000000000000000000000000000000000000000000000000000000000011000000000000000000000000000000000111000000000000000000000000000000000000000000
0000000000000000000000000000000111100000000000000000000000000001100000000111111000000000000000000000000000000000000000000000000000000000000000000000000000000000000000000000000011100000000000000000000000000000000011000000000000000000000000000000000000000000
0000000000000000000000000000011110000000000000000000000000000001100000011111100000000000000000000000000000000000000000000000000000000000000000000000000000000000000000000000000001110000000000000000000000000000000011000000000000000000000000000000000000000000
0000000000000000000000000000111100000000000000000000000000000001100000111100000000000000000000000000000000000000000000000000000010000000000000000000000000000000000000000000000000111111100000000000000000000000000011000000000000000000000000000000000000000000
0000000000000000000000000000110000000000000000000000000000000001100011110000000000000000000000000000000000000000000000000000000011000000000000000000000000000000000000000000000000001111111111100000000000000000000011000000000000000000000000000000000000000000
0000000000000000000000000001110000000000000000000000000000000001100111000000000000000000000000000000000000000000000000000000000011000000000000000000000000000000000000000000000000000000011111111110000000000000000011000000000000000000000000000000000000000000
0000000000000000000000000011100000000000000000000000000000000001100110000000000000000000000000000000000000000000000000000000000011000000000000000000000000000000000000000000000000000000000000011111100000000000000011000000000000000000000000000000000000000000
0000000000000000000000000011000000000000000000000000000000000011101100000000000000000000000000000000000000000000000000000000000011000000000000000000000000000000000000000000000000000000000000000011111000000000000011000000000000000000000000000000000000000000
0000000000000000000000000110000000000000000000000000000000000011111100000000000000000000000000000000000000000000000000000000000011000000000000000000000000000000000000000000000000000000000000000000011100000000000011000000000000000000000000000000000000000000
0000000000000000000000001110000000000000000000000000000000001111110000000000000000000000000000000000000000000000000000000000000011000000000000000000000000000000000000000000000000000000000000000000001110000000000011000000000000000000000000000000000000000000
0000000000000000000000001100000000000000000000000000000000011111100000000000000000000000000000000000000000000000000000000000000111000000000000000000000000000000000000000000000000000000000000000000000110000000000011000000000000000000000000000000000000000000
0000000000000000000000011000000000000000000000000000000000111100000000000000000000000000000000000000000000000000000000000000000111000000000000000000000000000000000000000000000000000000000000000000000011000000000011000000000000000000000000000000000000000000
0000000000000000000000011000000000000000000000000000000001110000000000000000000000000000000000000000000000000000000000000000000011000000000000000000000000000000000000000000000000000000000000000000000011000000000011000000000000000000000000000000000000000000
0000000000000000000000110000000000000000000000000000000001100000000000000000000000000000000000000000000000000000000000000000000011000000000000000000000000000000000000000000000000000000000000000000000011100000000011000000000000000000000000000000000000000000
0000000000000000000001110000000000000000000000000000000011000000000000000000000000000000000000000000000000000000000000000000000011000000000000000000000000000000000000000000000000000000000000000000000001100000000001100000000000000000000000000000000000000000
0000000000000000000011100000000000000000000000000000000011000000000000000000000000000000000000000000000000000000000000000000000011000000000000000000000000000000000000000000000000000000000000000000000001100000000001100000000000000000000000000000000000000000
0000000000000011000111000000000000000000000000000000000110000000000000000000000000000000000000000000000000000000000000000000000011000000000000000000000000000000000000001110000000000000000000000000000001100000000001100000000000000000000000000000000000000000
0000000000001111111110000000000000000000000000000000000110000000000000000000000000000000000000000000000000000000000000000000000011000000000000000000000000000000000000000111111111000000000000000000000111110000000000110000000000000000000000000000000000000000
0000000000011111111100000000000000000000000000000000001100000000000000000000000000000000000000000000000000000000000000000000000011000000000000000000000000000000000000000011111111100000000000000000011111111000000000110000000000000000000000000000000000000000
0000000001111000000000000000000000000000000000000000001100000000000000000000000000000000000000000000000000000000000000000000000011000000000000000000000000000000000000000000000011111000000000000000111000011100000000111000000000000000000000000000000000000000
0000000011100000000000000000000000000000000000000000011100000000000000000000000000000000000000000000000000000000000000000000000110000000000000000000000000000000000000000000000000111100000000000011110000001110000000011000000000000000000000000000000000000000
0000001111000000000000000000000000000000000000000000011000000000000000000000000000000000000000000000000000000000000000000000000110000000000000000000000000000000000000000000000000001111000111111111100000000110000000011100000000000000000000000000000000000000
0000111100000000000000000000000000000000000000000000111000000000000000000000000000000000000000000000000000000000000000000000000110000000000000000000000000000000000000000000000000000011111111111100000000000110000000001100000000000000000000000000000000000000
1111111000000000000000000000000000000000000000000000110000000000000000000000000000000000000000000000000000000000000000000000000110000000000000000000000000000000000000000000000000000000111000000000000000000011000000001100000000000000000000000000000000000000
1111000000000000000000000000000000000000000000000001110000000000000000000000000000000000000000000000000000000000000000000000000110000000000000000000000000000000000000000000000000000000000000000000000000000011000000001100000000000000000000000000000000000000
0000000000000000000000000000000000000000000000000001100000000000000000000000000000000000000000000000000000000000000000000000000110000000000000000000000000000000000000000000000000000000000000000000000000000001100000001100000000000000000000000000000000000000
0000000000000000000000000000000000000000000000000011100000000000000000000000000000000000000000000000000000000000000000000000000110000000000000000000000000000000000000000000000000000000000000000000000000000001110000001100000000000000000000000000000000000000
0000000000000000000000000000000000000000000000000011000000000000000000000000000000000000000000000000000000000000000000000000000110000000000000000000000000000000000000000000000000000000000000000000000000000000111100001100000000000000000000000000000000000000
0000000000000000000000000000000000000000000000000110000000000000000000000000000000000000000000000000000000000000000000000000000110000000000000000000000000000000000000000000000000000000000000000000000000000000011110011000000000000000000000000000000000000000
0000000000000000000000000000000000000000000000011100000000000000000000000000000000000000000000000000000000000000000000000000001100000000000000000000000000000000000000000000000000000000000000000000000000000000000110011000000000000000000000000000000000000000
0000000000000000000000000000000000000000000000111000000000000000000000000000000000000000000000000000000000000000000000000000001100000000000000000000000000000000000000000000000000000000000000000000000000000000001110011000000000000000000000000000000000000000
0000000000000000000000000000000000000000000011110000000000000000000000000000000000000000000000000000000000000000000000000000001100000000000000000000000000000000000000000000000000000000000000000000000000000000001100110000000000000000000000000000000000000000
0000000000000000000000000000000000000000001111000000000000000000000000000000000000000000000000000000000000000000000000000000001100000000000000000000000000000000000000000000000000000000000000000000000000000000011001110000000000000000000000000000000000000000
0000000000000000000000000000000000000000111100000000000000000000000000000000000000000000000000000000000000000000000000000000001100000000000000000000000000000000000000000000000000000000000000000000000000000000111011100000000000000000000000000000000000000000
0000000000000000000000000000000000000011110000000000000000000000000000000000000000000000000000000000000000000000000000000000001100000000000000000000000000000000000000000000000000000000000000000000000000000000110111000000000000000000000000000000000000000000
0000000000000000000000000000000000000111000000000000000000000000000000000000000000000000000000000000000000000000000000000000001100000000000000000000000000000000000000000000000000000000000000000000000000000000111110000000000000000000000000000000000000000000
0000000000000000000000000000000000001110000000000000000000000000000000000000000000000000000000000000000000000000000000000000001100000000000000000000000000000000000000000000000000000000000000000000000000000001111000000000000000000000000000000000000000000000
0000000000000000000000000000000000011100000000000000000000000000000000000000000000000000000000000000000000000000000000000000001100000000000000000000000000000000000000000000000000000000000000000000000000000001110000000000000000000000000000000000000000000000
0000000000000000000000000000000000011000000000000000000000000000000000000000000000000000000000000000000000000000000000000000001100000000000000000000000000000000000000000000000000000000000000000000000000000011100000000000000000000000000000000000000000000000
0000000000000000000000000000000000011000000000000000000000000000000000000000000000000000000000000000000000000000000000000000001100000000000000000000000000000000000000000000000000000000000000000000000000000011000000000000000000000000000000000000000000000000
0000000000000000000000000000000000110000000000000000000000000000000000000000000000000000000000000000000000000000000000000000001100000000000000000000000000000000000000000000000000000000000000000000000000000011000000000000000000000000000000000000000000000000
0000000000000000000000000000000000110000000000000000000000000000000000000000000000000000000000000000000000000000000000000000001100000000000000000000000000000000000000000000000000000000000000000000000000000011000000000000000000000000000000000000000000000000
0000000000000000000000000000000001110000000000000000000000000000000000000000000000000000000000000000000000000000000000000000001100000000000000000000000000000000000000000000000000000000000000000000000000000011000000000000000000000000000000000000000000000000
0000000000000000000000000000000001100000000000000000000000000000000000000000000000000000000000000000000000000000000000000000001100000000000000000000000000000000000000000000000000000000000000000000000000000011000000000000000000000000000000000000000000000000
0000000000000000000000000000000001100000000000000000000000000000000000000000000000000000000000000000000000000000000000000000001100000000000000000000000000000000000000000000000000000000000000000000000000000011000000000000000000000000000000000000000000000000
0000000000000000000000000000000011000000000000000000000000000000000000000000000000000000000000000000000000000000000000000000001100000000000000000000000000000000000000000000000000000000000000000000000000000011000000000000000000000000000000000000000000000000
0000000000000000000000000000000011000000000000000000000000000000000000000000000000000000000000000000000000000000000000000000001100000000000000000000000000000000000000000000000000000000000000000000000000000011000000000000000000000000000000000000000000000000
0000000000000000000000000000000110000000000000000000000000011111111100000000000000000000000000000000000000000000000000000000001100000000000000000000000000000000000000000000000000000000000000000000000000000011000000000000000000000000000000000000000000000000
0000000000000000000000000000001110000000000000000000000001111111111000000000000000000000000000000000000000000000000000000000011000000000000000000000000000000000000000000000000000000000000000000000000000000011000000000000000000111110000000000000000000000000
0000000000000000000000000000001100000000000000000000000111100000000000000000000000000000000000000000000000000000000000000000011000000000000000000000000000000000000000000000000000000000000000000000000000000011000000000000000001111111100000000000000000001100
0000000000000000000000000000011100000000000000000000001110000000000000000000000000000000000000000000000000000000000000000000011000000000000000000000000000000000000000000000000000000000000000000000000000000001100000000000000011100011111000000000111110011111
0000000000000000000000000000011000000000000000000000001100000000000000000000000000000000000000000000000000000000000000000000011000000000000000000000000000000000000000000000000000000000000000000000000000000001100000000000011111000000111111111011111111111011
0000000000000000000000000000111000000000000000000000011000000000000000000000000000000000000000000000000000000000000000000000011000000000000000000000000000000000000000000000000000000000000000000000000000000001110000111111111110000000000111111111000001110000
0000000000000000000000000001111111100000000000011111111000000000000000000000000000000000000000000000000000000000000000000000011000000000000000000000000000000000000000000000000000000000000000000000000000000000111111111111110000000000000000000111000000000000
0000000000000000000000000011111111111000000000111111110000000000000000000000000000000000000000000000000000000000000000000000011000000000000000000000000000000000000000000000000000000000000000000000000000000000111111100000000000000000000000000001100000000000
0000000000000000000000000111000000111111000001110000000000000000000000000000000000000000000000000000000000000000000000000000011000000000000000000000000000000000000000000000000000000000000000000000000000000001110000000000000000000000000000000000110000000000
0000000000000000000000011110000000001111111111100000000000000000000000000000000000000000000000000000000000000000000000000000011100000000000000000000000000000000000000000000000000000000000000000000000000000001100000000000000000000000000000000000111000000000
0000000000000000000001111000000000000001111111000000000000000000000000000000000000000000000000000000000000000000000000000000001100000000000000000000000000000000000000000000000000000000000000000000000000000001100000000000000000000000000000000000011000000000
0000000000000000000111110000000000000000000000000000000000000000000000000000000000000000000000000000000000000000000000000000001100000000000000000000000000000000000000000000000000000000000000000000000000000011100000000000000000000000000000000000001100000000
0000000000001111111111000000000000000000000000000000000000000000000000000000000000000000000000000000000000000000000000000000001100000000000000000000000000000000000000000000000000000000000000000000000000000011000000000000000000000000000000000000001110000000
0000000001111111111000000000000000000000000000000000000000000000000000000000000000000000000000000000000000000000000000000000001100000000000000000000000000000000000000000000000000000000000000000000000000000011000000000000000000000000000000000000000111000000
0000001111111000000000000000000000000000000000000000000000000000000000000000000000000000000000000000000000000000000000000000001110000000000000000000000000000000000000000000000000000000000000000000000000000011000000000000000000000000000000000000000011000000
0000011110000000000000000000000000000000000000000000000000000000000000000000000000000000000000000000000000000000000000000000000110000000000000000000000000000000000000000000000000000000000000000000000000000011000000000000000000000000000000000000000011100000
0000011000000000000000000000000000000000000000000000000000000000000000000000000000000000000000000000000000000000000000000000001100000000000000000000000000000000000000000000000000000000000000000000000000000011000000000000000000000000000000000000000001110001
0000011000000000000000000000000000000000000000000000000000000000000000000000000000000000000000000000000000000000000000000000001100000000000000000000000000000000000000000000000000000000000000000000000000000011000000000000000000000000000000000000000000111111
0000011100000000000000000000000000000000000000000000000000000000000000000000000000000000000000000000000000000000000000000000000110000000000000000000000000000000000000000000000000000000000000000000000000000011000000000000000000000000000000000000000000011110
0000001110000000000000000000000000000000000000000000000000000000000000000000000000000000000000000000000000000000000000000000000110000000000000000000000000000000000000000000000000000000000000000000000000000011000000000000000000000000000000000000000000000000
0000000111000000000000000000000000000000000000000000000000000000000000000000000000000000000000000000000000000000000000000000000110000000000000000000000000000000000000000000000000000000000000000000000000000011000000000000000000000000000000000000000000000000
0000000011100000000000000000000000000000000000000000000000000000000000000000000000000000000000000000000000000000000000000000000110000000000000000000000000000000000000000000000000000000000000000000000000000011000000000000000000000000000000000000000000000000
0000000000110000000000000000000000000000000000000000000000000000000000000000000000000000000000000000000000000000000000000000000011000000000000000000000000000000000000000000000000000000000000000000000000000011000000000000000000000000000000000000000000000000
0000000000011000000000000000000000000000000000000000000000000000000000000000000000000000000000000000000000000000000000000000000011000000000000000000000000000000000000000000000000000000000000000000000000000011000000000000000000000000000000000000000000000000
0000000000011100000000000000000000000000000000000000000000000000000000000000000000000000000000000000000000000000000000000000000001100000000000000000000000000000000000000000000000000000000000000000000000000011000000000000000000000000000000000000000000000000
0000000000001100000000000000000000000000000000000000000000000000000000000000000000000000000000000000000000000000000000000000000001110000000000000000000000000000000000000000000000000000000000000000000000000110000000000000000000000000000000000000000000000000
0000000000001110000000000000000000000000000000000000000000000000000000000000000000000000000000000000000000000000000000000000000000110000000000000000000000000000000000000000000000000000000000000000000000000110000000000000000000000000000000000000000000000000
0000000000000110000000000000000000000000000000000000000000000000000000000000000000000000000000000000000000000000000000000000000000110000000000000000000000000000000000000000000000000000000000000000000000000110000000000000000000000000000000000000000000000000
0000000000000110000000000000000000000000000000000000000000000000000000000000000000000000000000000000000000000000000000000000000000110000000000000000000000000000000000000000000000000000000000000000000000000110000000000000000000000000000000000000000000000000
0000000000000110000000000000000000000000000000000000000000000000000000000000000000000000000000000000000000000000000000000000000000110000000000000000000000000000000000000000000000000000000000000000000000000110000000000000000000000000000000000000000000000000
0000000000000110000000000000000000000000000000000000000000000000000000000000000000000000000000000000000000000000000000000000000000111000000000000000000000000000000000000000000000000000000000000000000000000110000000000000000000000000000000000000000000000000
0000000000000011000000000000000000000000000000000000000000000000000000000000000000000000000000000000000000000000000000000000000000011000000000000000000000000000000000000000000000000000000000000000000000000110000000000000000000000000000000000000000000000000
0000000000000011000000000000000000000000000000000000000000000000000000000000000000000000000000000000111111110000000000000000000000011000000000000000000000000000000000000000000000000000000000000000000000000110000000000000000000000000000000000000000000000000
0000000000000111000000000000000000000000000000000000000000000000000000000000000000000000000000000011111111111100000000000000000000011100000000000000000000000000000000000000000000000000000000000000000000000110000000000000000000000000000000000000000000000000
0000000000000110000000000000000000000000000000000000000000000000000000000000000000000000000000000111000000011110000000000000000000001100000000000000000000000000000000000000000000000000000000000000000000000110000000000000000000000000000000000000000000000000
0000000000001110000000000000000000000000000000000000000000000000000000000000000000000000000000001100000000000110000000000000000000000110000000000000000000000000000000000000000000000000000000000000000000000110000000000000000000000000000000000000000000000000
0000000000001100000000000000000000000000000000000000000000000000000000000000000000000000000000011100000000000011000000000000000000000011000000000000000000000000000000000000000000000000000000000000000000001110000000000000000000000000000000000000000000000000
0000000000011100000000000000000000000000000000000000000000000000000000000000000000000000000000011000000000000011000000000000000000000011000000000000000000000000000000000000000000000000000000000000000000011100000000000000000000000000000000000000000000000000
0000000000011000000000000000000000000000000000000000000000000000000000000000000000000000000000011000000000000011000000000000000000000011000000000000000000000000000000000000000000000000000000000000000000111000000000000000000000000000000000000000000000000000
0000000000011000000000000000000000000000000000000000000000000000000000000000000000000000000000111000000000000011000000000000000000000011000000000000000000000000000000000000000000000000000000000000000001110000000000000000000000000000000000000000000000000000
0000000000111000000000000000000000000000000000000000000000000000000000000000000000000000000000110000000000000011000000000000000000000011000000000000000000000000000000000000000000000000000000000000000011100000000000000000000000000000000000000000000000000000
0000000001110000000000000000000000000000000000000000000000000000000000000000000000000000000001110000000000000011000000000000000000000011000000000000000000000000000000000000000000000000000000000000001111000000000000000000000000000000000000000000000000000000
0000000011100000000000000000000000000000000000000000000000000000000000000000000000000000000001100000000000000011000000000000000000000011000000000000000000000000000000000000000000000000000000000000011100000000000000000000000000000000000000000000000000000000
0000000011000000000000000000000000000000000000000000000000000000000000000000000000000000000000000000000000000011100000000000000111100011000000000000000000000000000000000000000000000000000000000001111000000000000000000000000000000000000000000000000000000000
0000000011000000000000000000000000000000000000000000000000000000000000000000000000000000000000000000000000000001100000000000011111111111000000000000000000000000000000000000000000000000000000000011100000000000000000000000000000000000000000000000000000000000
0000111111000000000000000000000000000000000000000000000000000000000000000000000000000000000000000000000000000001100000000000011000011100000000000000000000000000000000000000000000000000000000001111000000000000000000000000000000000000000000000000000000000000
0000111110000000000000000000000000000000000000000000000000000000000000000000000000000000000000000000000000000001100000000000110000000000000000000000000000000000000000000000000000000000000000011100000000000000000000000000000000000000000000000000000000000000
0000110000000000000000000000000000000000000000000000000000000000000000000000000000000000000000000000000000000001100000000000110000000000000000000000000000000000000000000000000000000000000000111000000000000000000000000000000000000000000000000000000000000000
0000011000000000000000000000000000000000000000000000000000000000000000000000000000000000000000000000000000000001100000000011110000000000000000000000000000000000000000000000000000000000000011110000000000000000000000000000000000000000000000000000000000000000
0000011100000000000000000000000000000000000000000000000000000000000000000000000000000000000000000000000000000000110001101111100000000000000000000000000000000000000000000000000000000000000111000000000000000000000000000000000000000000000000000000000000000000
0000001110000000000000000000000000000000000000000000000000000000000000000000000000000000000000000000000000000000110001111110000000000000000000000000000000000000000000000000000000000000001110000000000000000000000000000000000000000000000000000000000000000000
0000000111000000000000000000000000000000000000000000000000000000000000000000000000000000000000000000000000000000111011111000000000000000000000000000000000000000000000000000000000000000111100000000000000000000000000000000000000000000000000000000000000000000
0000000011000000000000000000000000000000000000000000000000000000000000000000000000000000000000000000000000000000011111000000000000000000000000000000000000000000000000000000000000000001110000000000000000000000000000000000000000000000000000000000000000000000
0000000011000000000000000000000000000000000000000000000000000000000000000000000000000000000000000000000000000000111110000000000000000000000000000000000000000000000000000000000000000011100000000000000000000000000000000000000000000000000000000000000000011111
0000000011000000000000000000000000000000000000000000000000000000000000000000000000000000000000000000000000000000011000000000000000000000000000000000000000000000000000000000000000000111000000000000000000000000000000000000000000000000000000000000000000011111
0000000111000000000000000000000000000000000000000000000000000000000000000000000000000000000000000000000000000000011000000000000000000000000000000000000000000000000000000000000000001110000000000000000000000000000000000000000000000000000000000000000001110000
0000000110000000000000000000000000000000000000000000000000000000000000000000000000000000000000000000000000000000001100000000000000000000000000000000000000000000000000000000000000011100000000000000000000000000000000000000000000000000000000000000001111100000
0000001110000000000000000000000000000000000000000000000000000000000000000000000000000000000000000000000000000000001100000000000000000000000000000000000000000000000000000000000000111000000000000000000000000000000000000000000000000000000111111111111110000000
0000001100000000000000000000000000000000000000000000000000000000000000000000000000000000000000000000000000000000000110000000000000000000000000000000000000000000000000000000000001110000000000000000000000000000000000000000000000000000111111111111110000000000
0000011100000000000000000000000000000000000000000000000000000000000000000000000000000000000000000000000000000000000110000000000000000000000000000000000000000000000000000000000001100000000000000000000000000000000000000000000000000011111111100000000000000000
0000011000000000000000000000000000000000000000000000000000000000000000000000000000000000000000000000000000000000000011000000000000000000000000000000000000000000000000000000000001100000000000000000000000000000000000000000000000000111100001100000000000000000
0000110000000000000000000000000000000000000000000000000000000000000000000000000000000000000000000000000000000000000011100000000000000000000000000000000000000000000000000000000011000000000000000000000000000000000000000000000000000110000001100000000000000000
0000110000000000000000000000000000000000000000000000000000000000000000000000000000000000000000000000000000000000000001110000000000000000000000000000000000000000000000000000000011100000000000000000000000000000000000000000000000111100000001100000000000000000
0000110000000000000000000000000000000000000000000000000000000000000000000000000000000000000000000000000000000000000000111000000000000000000000000000000000000000000000000000000001111000000000000000000000000000000000000000000011111100000001100000000000000000
0000110000000000000000000000000000000000000000000000000000000000000000000000000000000000000000000000000000000000000000011000000000000000000000000000000000000000000000000000000000111110000000000000000000000000000000000000111111000000000001100000000000000000
0000110000000000000000000000000000000000000000000000000000000000000000000000000000000000000000000000000000000000000000001100000000000000000000000000000000000000000000000000000000001111100000000000000000000000000000000111111100000000000001110000000000000000
0000110000000000000000000000000000000000000000000000000000000000000000000000000000000000000000000000000000000000000000001110000000000000000000000000000000000000000000000000000000000001111100000000000000000000000000001111100000000000000000110000000000000000
0000110000000000000000000000000000000000000000000000000000000000000000000000000000000000000000000000000000000000000000000111100000000000000000000000000000000000000000000000000000000000011111000000000000000000000000011100000000000000000000110000000000000000
0000110000000000000000000000000000000000000000000000000000000000000000000000001100000000000000000000000000000000000000000001110000000000000000000000000000000000000000000000000000000000000111111000000000000000000000111000000000000000000000110000000000000000
0000110000000000000000000000000000000000000000000000000000000000000000000000001100000000000000000000000000000000000000000000111000000000000000000000000000000000000000000000000000000000000000111110000000000000000011110000000000000000000000111100000000000000
0000110000000000000000000000000000000000000000000110000000000000000000000000011100000000000000000000000000000000000000000000011100000000000000000000000000000000000000000000000000000000000000001111100000000000000111100000000000000000000000111111110000000000
0000110000000000000000000000000000000000000000000110000000000000000000000000011000000000000000000000000000000000000000000000001111000000000000000000000000000000000000000000000000000000000000000011111000000000111110000000000000000000000001100011111000000000
0000110000000000000000000000000000000000000000000110000000000000000000000000110000000000000000000000000000000000000000000000000011100000000000000000000000000000000000000000000000000000000000000000111100001111111000000000000000000000000001100000011000000000
1000110000000000000000000000000000000000000000000110000000000000000000000000110000000000000000000000000000000000000000000000000001100000000000000000000000000000000000000000000000000000000000000000001111111111000000000000000000000000000001100000011000000000
1100110000000000000000000000000000000000000000000110000000000000000000000000110000000000000000000000000000000000000000000000000001110000000000000000000000000000000000000000000000000000000000000000000111111000000000000000000000000000000001100000011000000000
1111110000000000000000000000000000000000000000000110000000000000000000000000111000000000000000000000000000000000000000000000000000110000000000000000000000000000000000000000000000000000000000000000000111000000000000000000000000000000000000000000000000000000
0111110000000000000000000000000000000000000000001110000000000000000000000000011100000000000000000000000000000000000000000000000000110000000000000000000000000000000000000000000000000000000000000000000011000000000000000000000000000000000000000000000000000000
0001000000000000000000000000000000000000000000001100000000000000000000000000001110000000000000000000000000000000000000000000000000011000000000000000000000000000000000000000000000000000000000000000000011000000000000000000000000000000000000000000000000000000
0000000000000000000000000000000000000000000000001100000000000000000000000000000011000000000000000000000000000000000000000000000000011000000000000000000000000000000000000000000000000000000000000000000011000000000000000000000000000000000000000000000000000000
0000000000000000000000000000000000000000000000001100000000000000000000000000000011100000000000000000000000000000000000000000000000011100000000000000000000000000000000000000000000000000000000000000000011000000000000000000000000000000000000000000000000000000
0000000000000000000000000000000000000000000000001100000000000000000000000000000001100000000000000000000000000000000000000000000000001100000000000000000000000000000000000000000000000000000000000000000111000000000000000000000000000000000000000000000000000000
0000000000000000000000000000000000000000000000001100000000000000000000000000000001100000000000000000000000000000000000000000000000001110000000000000000000000000000000000000000001111111111100000000001110000000000000000000000000000000000000000000000000000000
0000000000000000000000000000000000000000000000001110000000000000000000000000000001100000000000000000000000000000000000000000000000000111000000000000000000000000000000000000000111111111111111111111111100000000000000000000000000000000000000000000000000000000
0000000000000000000000000000000000000000000000000110000000000000000000000000000001100000000000000000000000000000000000000000000000000011000000000000000000000000000000000000001110000000000011111111111000000000000000000000000000000000000000000000000000000000
0000000000000000000000000000000000000000000000000111000000000000000000000000000001100000000000000000000000000000000000000000000000000001100000000000000000000000000000000000011100000000000000000001100000000000000000000000000000000000000000000000000000000000
0000000000000000000000000000000000000000000000000011000000000000000000000000000001100000000000000000000000000000000000000000000000000001100000000000000000000000000000000000111000000000000000000001100000000000000000000000000000000000000000000000000000000000
0000000000000000000000000000000000000000000000000011100000000000000000000000000001100000000000000000000000000000000000000000000000000001100000000000000000000000000000000001110000000000000000000001100000000000000000000000000000000000000000000000000000000000
0000000000000000000000000000000000000000000000000001100000000000000000000000000011000000000000000000000000000000000000000000000000000011100000000000000000000000000000000111100000000000000000000001100000000000000000000000000000000000000000000000000000000000
0000000000000000000000000000000000000000000000000001100000000000000000000000000111000000000000000000000000000000000000000000000000000011000000000000000000000000000000001110000000000000000000000001100000000000000000000000000000000000000000000000000000000000
0000000000000000000000000000000000000000000000000001110000000000000000000000000110000000000000000000000000000000000000000000000000000111000000000000000000000000000000011100000000000000000000000001100000000000000000000000000000000000000000000000000000000000
0000000000000000000000000000000000000000000000000000110000000000000000000000000110000000000000000000000000000000000000000000000000000110000000000000000000000000000000111000000000000000000000000001100000000000000000000000000000000000000000000000000000000000
0000000000000000000000000000000000000000000000000000111000000000000000000000001110000000000000000000000000000000000000000000000000000110000000000000000000000000000001110000000000000000000000000001100000000000000000000000000000000000000000000000000000000000
0000000000000000000000000000000000000000000000000000011100000000000000000000001110000000000000000000000000000000000000000000000000001100000000000000000000000000000011100000000000000000000000000001100000000000000000000000000000000000000000000000000000000000
0000000000000000000000000000000000000000000000000000001110000000000000000000001100000000000000000000000000000000000000000000000000011100000000000000000000000000000011000000000000000000000000000001100000000000000000000000000000000000000000000000000000000000
0000000000000000000000000000000000000000000000000000000111000000000000000000011100000000000000000000000000000000000000000000000000111000000000000000000000000000000110000000000000000000000000000001100000000000000000000000000000000000000000000000000000000000
0000000000000000000000000000000000000000000000000000000011100000000000000000011000000000000000000000000000000000000000000000000011110000000000000000000000000000000110000000000000000000000000000001100000000000000000000000000000000000000000000000000000000000
0000000000000000000000000000000000000000000000000000000001110000000000000000011000000000000000000000000000000000000000000000000111000000000000000000000000000000001110000000000000000000000000000001100000000000000000000000000000000000000000000000000000000000
0000000000000000000000000000000000000000000000000000000000011100000000000000011000000000000000000000000000000000000000000000001110000000000000000000000000000000001100000000000000000000000000000001100000000000000000000000000000000000000000000000000000000000
0000000000000000000000000000000000000000000000000000000000001111000000000000011000000000000000000000000000000000000000000000111100000000000000000000000000000000001100000000000000000000000000000001110000000000000000000000000000000000000000000000000000000000
0000000000000000000000000000000000000000000000000000000000000111100000000000011000000000000000000000000000000000000000000111111000000000000000000000000000000000001100000000000000000000000000000000111000000000000000000000000000000000000000000000000000000000
0000000000000000000000000000000000000000000000000000000000000001110000000000011000000000000000000000000000000000000000000111000000000000000000000000000000000000001100000000000000000000000000000000011000000000000000000000000000000000000000000000000000000000
0000000000000000000000000000000000000000000000000000000000000000111000000000011000000000000000000000000000000000000000001110000000000000000000000000000000000000001100000000000000000000000000000000000000000000000000000000000000000000000000000000000000000000
0000000000000000000000000000000000000000000000000000000000000000011100000000001100000000000000000000000000000000000000000111100000000000000000000000000000000000011000000000000000000000000000000000000000000000000000000000000000000000000000000000000000000000
0000000000000000000000000000000000000000000000000000000000000000001110000000001100000000000000000000000000000000000000000011110000000000000000000000000000000000011000000000000000000000000000000000000000000000000000000000000000000000000000000000000000000000
0000000000000000000000000000000000000000000000000000000000000000000111000000001100000000000000000000000000000000000000000000110000000000000000000000000000000000011000000000000000000000000000000000000000000000000000000000000000000000000000000000000000000000
0000000000000000000000000000000000000000000000000000000000000000000011000000011100000000000000000000000000000000000000000000011000000000000000000000000000000000011000000000000000000000000000000000000000000000000000000000000000000000000000000000000000000000
0000000000000000000000000000000000000000000000000000000000000000000001100000011100000000000000000000000000000000000000000000011000000000000000000000000000000000111000000000000000000000000000000000000000000000000000000000000000000000000000000000000000000000
0000000000000000000000000000000000000000000000000000000000000000000001110000011000000000000000000000000000000000000000000000011000000000000000000000000000000000110000000000000000000000000000000000000000000000000000000000000000000000000000000000000000000000
0000000000000000000000000000000000000000000000000000000000000000000000110000011000000000000000000000000000000000000000000000011100000000000000000000000000000000110000000000000000000000000000000000000000000000000000000000000000000000000000000000000000000000
0000000000000000000000000000000000000000000000000000000000000000000000110000011000000000000000000000000000000000000000000000001111000000000000000000000000000000110000000000000000000000000000000000000000000000000000000000000000000000000000000000000000000000
0000000000000000000000000000000000000000000000000000000000000000000000110000011000000000000000000000000000000000000000000000000011100000000000000000000000000000110000000000000000000000000000000000000000000000000000000000000000000000000000000000000000000000
0000000000000000000000000000000000000000000000000000000000000000000000110000111000000000000000000000000000000000000000000000000001100000000000000000000000000001110000000000000000000000000000000000000000000000000000000000000000000000000000000000000000000000
0000000000000000000000000000000000000000000000000000000000000000000000110000110000000000000000000000000000000000000000000000000001100000000000000000000000000001100000000000000000000000000000000000000000000000000000000000000000000000000000000000000000000000
0000000000000000000000000000000000000000000000000000000000000000000000110000110000000000000000000000000000000000000000000000000000110000000000000000000000000001100000000000000000000000000000000000000000000000000000000000000000000000000000000000000000000000
0000000000000000000000000000000000000000000000000000000000000000000000110000110000000000000000000000000000000000000000000000000000110000000000000000000000000001100000000000000000000000000000000000000000000000000000000000000000000000000000000000000000000000
0000000000000000000000000000000000000000000000000000000000000000000000110000110000000000000000000000000000000000000000000000000000111000000000000000000000000011000000000000000000000000000000000000000000000000000000000000000000000000000000000000000000000000
0000000000000000000000000000000000000000000000000000000000000000000001100000111000000000000000000000000000000000000000000000000000011000000000000000000000000011000000000000000000000000000000000000000000000000000000000000000000000000000000000000000000000000
0000000000000000000000000000000000000000000000000000000000000000000001100000011000000000000000000000000000000000000000000000000000011000000000000000000000000111000000000000000000000000000000000000000000000000000000000000000000000000000000000000000000000000
0000000000000000000000000000000000000000000000000000000000000000000001100000011000000000000000000000000000000000000000000000000000001100000000000000000000001110000000000000000000000000000000000000000000000000000000000000000000000000000000000000000000000000
0000000000000000000000000000000000000000000000000000000000000000000011100000011100000000000000000000000000000000000000000000000000001100000000000000000000011100000000000000000000000000000000000000000000000000000000000000000000000000000000000000000000000000
0000000000000000000000000000000000000000000000000000000000000000000011000000011000000000000000000000000000000000000000000000000000001100000000000000000000111000000000000000000000000000000000000000000000000000000000000000000000000000000000000000000000000000
0000001000000000000000000000000000000000000000000000000000000000000011000000111000000000000000000000000000000000000000000000000000000110000000000000000001110000000000000000000000000000000000000000000000000000000000000000000000000000000000000000000000000000
0000001110000000000000000000000000000000000000000000000000000000000011000001110000000000000000000000000000000000000000000000000000000110000000000000000111100000000000000000000000000000000000000000000000000000000000000000000000000000000000000000000000000000
0000000111000000000000000000000000000000000000000000000000000000000111000011100000000000000000000000000000000000000000000000000000000111000000000000001110000000000000000000000000000000000000000000000000000000000000000000000000000000000000000000000000000000
0000000011100000000000000000000000000000000000000000000000000000000110000011000000000000000000000000000000000000000000000000000000000011000000000000011100000000000000000000000000000000000000000000000000000000000000000000000000000000000000000000000000000000
0000000001110000000000000000000000000000000000000000000000000000000110000111000000000000000000000000000000000000000000000000000000000011000000000001111000000000000000000000000000000000000000000000000000000000000000000000000000000000000000000000000000000000
0000000000111000000000000000000000000000000000000000000000000000001100000110000000000000000000000000000000000000000000000000000000000011000000000011100000000000000000000000000000000000000000000000000000000000000000000000000000000000000000000000000000000000
0000000000011100000000000000000000000000000000000000000000000000001100011110000000000000000000000000000000000000000000000000000000000001100000000111000000000000000000000000000000000000000000000000000000000000000000000000000000000000000000000000000000000000
0000000000001110000000000000000000000000000000000000000000000000011000111100000000000000000000000000000000000000000000000000000000000001100000000110000000000000000000000000000000000000000000000000000000000000000000000000000000000000000000000000000000000000
0000000000000111000000000000000000000000000000000000000000000000011000110000000000000000000000000000000000000000000000000000000000000001100000001100000000000000000000000000000000000000000000000000000000000000000000000000000000000000000000000000000000000000
0000000000000011100000000000000000000000000000000000000000000000011001100000000000000000000000000000000000000000000000000000000000000000110000001100000000000000000000000000000000000000000000000000000000000000000000000000000000000000000000000000000000000000
0000000000000001110000000000000000000000000000000000000000000000011001100000000000000000000000000000000000000000000000000000000000000000110000001100000000000000000000000000000000000000000000000000000000000000000000000000000000000000000000000000000000000000
