0000000000000000000000000000000000000000000000000000000000000000011000000000000000000000000000000000000000000011000000000000000000000000011100011111111000000000000000000000000000000000000000000000000000000000000000000000000000000000000000000000000000000000
0000000000000000000000000000000000000000000000000000000000000000011000000000000000000000000000000000000000000011000000000000000000000001111000000111111000000000000000000000000000000000000000000000000000000000000000000000000000000000000000000000000000000000
0000000000000000000000000000000000000000000000000000000000000000011100000000000000000000000000000000000000000011000000000000000000000011100000000000000000000000000000000000000000000000000000000000000000000000000000000000000000000000000000000000000000000000
0000000000000000000000000000000000000000000000000000000000000000001110000000000000000000000000000000000000000011000000000000000000000111000000000000000000000000000000000000000000000000000000000000000000000000000000000000000000000000000000000000000000000000
0000000000000000000000000000000000000000000000000000000000000000000111100000000000000000000000000000000000000011000000000000000000001110000000000000000000000000000000000000000000000000000000000000000000000000000000000000000000000000000000000000000000000000
0000000000000000000000000000000000000000000000000000000000000000000011111110000000000000000000000000000000000011000000000000000000111100000000000000000000000000000000000000000000000000000000000000000000000000000000000000000000000000000000000000000000000000
0000000000000000000000000000000000000000000000000000000000000000000000111111000000000000000000000000000000000011000000000000000001110000000000000000000000000000000000000000000000000000000000000000000000000000000000000000000000000000000000000000000000000000
0000000000000000000000000000000000000000000000000000000000000000000000000011000000000000000000000000000000000011000000000000000011100000000000000000000000000000000000000000000000000000000000000000000000000000000000000000000000000000000000000000000000000000
0000000000000000000000000000000000000000000000000000000000000000000000000001100000000000000000000000000000000011000000000000000111000000000000000000000000000000000000000000000000000000000000000000000000000000000000000000000000000000000000000000000000000000
0000000000000000000000000000000000000000000000000000000000000000000000000001100000000000000000000000000000000011000000000000011110000000000000000000000000000000000000000000000000000000000000000000000000000000000000000000000000000000000000000000000000000000
0000000000000000000000000000000000000000000000000000000000000000000000000001100000000000000000000000000000000011000000000000111000000000000000000000000000000000000000000000000000000000000000000000000000000000000000000000000000000000000000000000000000000000
0000000000000000000000000000000000000000000000000000000000000000000000000000110000000000000000000000000000000011000000000001110000000000000000000000000000000000000000000000000000000000000000000000000000000000000000000000000000000000000000000000000000000000
0000000000000000000000000000000000000000000000000000000000000000000000000000011000000000000000000000000000001111000000000111100000000000000000000000000000000000000000000000000000000000000000000000000000000000000000000000000000000000000000000000000000000000
0000000000000000000000000000000000000000000000000000000000000000000000000000011100000000000000000000000000001100000000001111110000000000000000000000000000000000000000000000000000000000000000000000000000000000000000000000000000000000000000000000000000000000
0000000000000000000000000000000000000000000000000000000000000000000000000000001110000000000000000000000111111100000000011100110000000000000000000000000000000000000000000000000000000000000000000000000000000000000000000000000000000000000000000000000000000000
0000000000000000000000000000000000000000000000000000000000000000000000000000000111000000000000000000001111111110000001111000011000000000000000000000000000000000000000000000000000000000000000000000000000000000000000000000000000000000000000000000000000000000
0000000000000000000000000000000000000000000000000000000000000000000000000000000011100000000000000000001100011111111111100000011100000000000000000000000000000000000000000000000000000000000000000000000000000000000000000000000000000000000000000000000000000000
0000000000000000000000000000000000000000000000000000000000000000000000000000000001110000000000000000011000000011111111000000001100000000000000000000000000000000000000000000000000000000000000000000000000000000000000000000000000000000000000000000000000000000
0000000000000000000000000000000000000000000000000000000000000000000000000000000000111000000000000000011000000000000000000000000110000000000000000000000000000000000000000000000000000000000000000000000000000000000000000000000000000000000000000000000000000000
0000000000000000000000000000000000000000000000000000000000000000000000000000000000011000000000000000011000000000000000000000000111000000000000000000000000000000000000000000000000000000000000000000000000000000000000000000000000000000000000000000000000000000
0000000000000000000000000000000000000000000000000000000000000000000000000000000000011100000000000000011000000000000000000000000011000000000000000000000000000000000000000000000000000000000000000000000000000000000000000000000000000000000000000000000000000000
0000000000000000000000000000000000000000000000000000000000000000000000000000000000001100000000000000011000000000000000000000000001100000000000000000000000000000000000000000000000000000000000000000000000000000000000010000000000000000000000000000000000000000
0000000000000000000000000000000000000000000000000000000000000000000000000000000000001100000000000000011100000000000000000000000001110000000000000000000000000000000000000000000000000000000000000000000000001100000000011000000000000000000000000000000000000000
0000000000000000000000000000000000000000000000000000000000000000000000000000000000001100000000000000001100000000000000000000000000111000000000000000000000000000000000000000000000000000000000000000000000000111000000011000000000000000000000000000000000000000
0000000000000000000000000000000000000000000000000000000000000000001111111111111111001111000000000000001100000000000000000000000000011100000000000000000000000000000000000000000000000000000000000000000000000011100000011000000000000000000000000000000000000000
0000000000000000000000000000000000000000000000000000000000011111111111111111111111111111111100000000000110000000000000000000000000001110000000000000000000000000000000000000000000000000000000000000000000000001110000110000000000000000000000000000000000000011
0000000000000000000000000000000000000000000000000000000111111111110000000000000000111111111111110000000110000000000000000000000000000110000000000000000000000000000000000000000000000000000000000000000000000000111000110000000000000000000000000000000000000111
0000000000000000000000000000000000000000000000000011111111110000000000000000000000000000000011111000000011000000000000000000000000000011000000000000000000000000000000000000000000000000000000000000000000000000011000110000000000000000000000000000000000001110
0000000000000000000000000000000000000000000000011111111000000000000000000000000000000000000000011110000011000000000000000000000000000001100000000000000000000000000000000000000000000000000000000000000000000000011100110000000000000000000000000000000000011000
0000000000000000000000000000000000000000000111111110000000000000000000000000000000000000000000000111111111100000000000000000000000000001110000000000000000000000000000000000000000000000000000000000011111111111111111110000000000000000000000000000000000110000
0000000000000000000000000000000000000000011111100000000000000000000000000000000000000000000000000001111111110000000000000000000000000000110000000000000000000000000000000000000000000000000000000011111111111111111111110000000000000000000000000000000001110000
0000000000000000000000000000000000000000011000000000000000000000000000000000000000000000000000000000000000110000000000000000000000000000011000000000000000000000000000000000000000000000000000000111100000000000000001110000000000000000000000000000000011100000
0000000000000000000000000000000000000000000000000000000000000000000000000000000000000000000000000000000000011000000000000000000000000000011000000000000000000000000000000000000000000000000000000010000000000000000000111000000000000000000000000000000011000000
0000000000000000000000000000000000000000000000000000000000000000000000000000000000000000000000000000000000011100000000000000000000000000001100000000000000000000000000000000000000000000000000000000000000000000000000011000000000000000000000000000000110000000
0000000000000000000000000000000000000000000000000000000000000000000000000000000000000000000000000000000000001110000000000000000000000000001110000000000000000000000000000000000000000000000000000000000000000000000000001100000000000000000000000000000110000000
0000000000000000000000000000000000000000000000000000000000000000000000000000000000000000000000000000000000000111000000000000000000000000000111000000000000000000000000000000000000000000000000000000000000000000000000001110000000000000000000000000000110000000
0000000000000000000000000000000000000000000000000000000000000000000000000000000000000000000000000000000000000011100000000000000000000000000011100000000000000000000000000000000000000000000000000000000000000000000000000111000000000000000000000000000110000000
0000000000000000000000000000000000000000000000000000000000000000000000000000000000000000000000000000000000000001110000000000000000000000000000110000000000000000000000000000000000000000000000000000000000000000000000000011000000000000000000000000000110000000
0000000000000000000000000000000000000000000000000000000000000000000000000000000000000000000000000000000000000000111000000000000000000000000000011000000000000000000000000000000000000000000000000000000000000000000000000011110000000000000000000000000011000000
0000000000000000000000000000000000000000000000000000000000000000000000000000000000000000000000000000000000000000011000000000000000000000000000011100000000000000000000000000000000000000000000000000000000000000000000000001110000000000000000000000000011100000
0000000000000000000000000000000000000000000000000000000000000000000000000000000000000000000000000000000000000000011100000000000000000000000000001100000000000000000000000000000000000000000000000000000000000000000000000000011000000000000000000000000001100000
1000000000000000000000000000000000000000000000000000000000000000000000000000000000000000000000000000000000000000001100000000000000000000000000000100000000000000000000000000000000000000000000000000000000000000000000000000011100000000000000000000000000110000
1100000011000000000000000000000000000000000000000000000000000000000000000000000000000000000000000000000000000000001100000000000000000000000000000000000000000000000000000000000000000000000000000000000000000000000000000000001100000000000000000000000000111000
1100000111000000000000000000000000000000000000000000000000000000000000000000000000000000000000000000000000000000000110000000000000000000000000000000000000000000000000000000000000000000000000000000000000000000000000000000001110000000000000000000000000011100
1100011110000000000000000000000000000000000000000000000000000000000000000000000000000000000000000000000000000000001100000000000000000000000000000000000000000000000000000000000000000000000000000000000000000000000000000000000111000000000000000000000000001110
0111111000000000000000000000000000000000000000000000000000000000000000000000000000000000000000000000000000000000001100000000000000000000000000000000000000000000000000000000000000000000000000000000000000000000000000000000000011100000000000000000000000000110
0111110000000000000000000000000000000000000000000000000000000000000000000000000000000000000000000000000000000000001100000000000000000000000000000000000000000000000000000000000000000000000000000000000000000000000000000000000001110000000000000000000000000011
0001110000000000000000000000000000000000000000000000000000000000000000000000000000000000000000000000000000000000011000000000000000000000000000000000000000000000000000000000000000000000000000000000000000000000000000000000000000111000000000000000000000000011
0000111000000000000000000000000000000000000000000000000000000000000000000000000000000000000000000000000000000000011000000000000000000000000000000000000000000000000000000000000000000000000000000000000000000000000000000000000000011100000000000000000000000001
0000011110000000000000000000000000000000000000000000000000000000000000000000000000000000000000000000000000000000011000000000000000000000000000000000000000000000000000000000000000000000000000000000000000000000000000000000000000001110000000000000000000000000
0000000111000000000000000000000000000000000000000000000000000000000000000000000000000000000000000000000000000000011000000000000000000000000000000000000000000000000000000000000000000000000000000000000000000000000000000000000000000111100000000000000000000000
0000000011000000000000000000000000000000000000000000000000000000000000000000000000000000000000000000000000000000011000000000000000000000000000000000000000000000000000000000000000000000000000000000000000000000000000000000000000000001110000000000000000000000
0000000001100000000000000000000000000000000000000000000000000000000000000111110000000000000000000000000000000000011000000000000000000000000000000000000000000000000000000000000000000000000000000000000000000000000000000000000000000000111100000000000000000000
0000000001110000000000000000000000000000000000000000000000000000000000011111110000000000000000000000000000000000011000000000000000000000000000000000000000000000000000000000000000000000000000000000000000000000000000000000000000000000011110000000000000000000
0000000000110000000000000000000000000000000000000000000000000000000111111100110000000000000000000000000000000000011000000000000000000000000000000000000000000000000000000000000000000000000000000000000000000000000000000000000000000000000111110000000000000000
1000000000011000000000000000000000000000000000000000000000111111111111110000110000000000000000000000000000000000110000000000000000000000000000000000000000000000000000000000000000000000000000000000000000000000000000000000000000000000000001111100000000000000
1100000000011000000000000000000000000000000000011111111111111111111100000000110000000000000000000000000000000000110000000000000000000000000000000000000000000000000000000000000000000000000000000000000000000000000000000000000000000000000000001110000000000000
1100000000001100000000000000000000000000000000011111111111100000000000000000110000000000000000000000000000000000110000000000000000000000000000000000000000000000000000000000000000000000000000000000000000000000000000000000000000000000000000000111000000000000
0000000000001000000000000000000000000000000000000000000000000000000000000000110000000000000000000000000000000000110000000000000000000000000000000000000000000000000000000000000000000000000000000000000000000000000000000000000000000000000000000011100000000000
0000000000000000000000000000000000000000000000000000000000000000000000000000110000000000000000000000000000000000011000000000000000000000000000000000000000000000000000000000000000000000000000000000000000000000000000000000000000000000000000000001111000000000
0000000000000000000000000000000000000000000000000000000000000000000000000000110000000000000000000000000000000000011000000000000000000000000000000000000000000000000000000000000000000000000000000000000000000000000000000000000000000000000000000000111110000000
0000000000000000000000000000000000000000000000000000000000000000000000000000110000000000000000000000000000000000011000000000000000000000000000000000000000000000000000000000000000000000000000000000000000000000000000000000000000000000000000000000000111100000
0000000000000000000000000000000000000000000000000000000000000000000000000000110000000000000000000000000000000000011000000000000000000000000000000000000000000000000000000000000000000000000000000000000000000000000000000000000000000000000000000000000011111000
0000000000000000000000000000000000000000000000000000000000000000000000000000011000000000000000000000000000000000011000000000000000000000000000000000000000000000000000000000000000000000000000000000000000000000000000000000000000000000000000000000000000111110
0000000000000000000000000000000000000000000000000000000000000000000000000000011000000000000000000000000000000000001100000000000000000000000000000000000000000000000000000000000000000000000000000000000000000000000000000000000000000000000000000000000000000111
0000000000000000000000000000000000000000000000000000000000000000000000000000001100000000000000000000000000000000001100000000000000000000000000000000000000000000000000000000000000000000000000000000000000000000000000000000000000000000000000000000000000000011
0000000000000000000000000000000000000000000000000000000000000000000000000000000110000000000000000000000000000000001100000000000000000000000000000000000000000000000000000000000000000000000000000000000000000000000000000000000000000000000000000000000000000000
0000000000000000000000000000000000000000000000000000000000000000000000000000000111000000000000000000000000000000001100000000000000000000000000000000000000000000000000000000000000000000000000000000000000000000000000000000000000000000000000000000000000000000
0000000000000000000000000000000000000000000000000000000000000000000000000000000011100000000000000000000000000000001110000000000000000000000000000000000000000000000000000000000000000000000000000000000000000000000000000000000000000000000000000000000000000000
0000000000000000000000000000000000000000000000000000000000000000000000000000000001100000000000000000000000000000000110000000000000000000000000000000000000000000000111111110000000000000000000000000000000000000000000000000000000000000000000000000000000000000
0000000000000000000000000000000000000000000000000000000000000000000000000000000001110000000000000000000000000000000110000000000000000000000000000000000000000111111111111111000000000000000000000000000000000000000000000000000000000000000000000000000000000000
0000000000000000000000000000000000000000000000000000000000001111111111000000000000111000000000000000000000000000000110000000000000000000000000000000000000111111111100000011100000000000000000000000000000000000000000000000000000000000000000000000000000000000
0000000000000000000000000000000000000000000000000000000000001111111111111100000000011100000000000000000000000000000110000000000000000000000000000000000011111000000000000001110000000000000000000000000000000000000000000000000000000000000000000000000000000000
0000000000000000000000000000000000000000000000000000000000000000000000111111100000001110000000000000000000000000000110000000000000000000000000000000111111100000000000000000111100000000000000000000000000000000000000000000000000000000000000000000000000000000
0000000000000000000000000000000000000000000000000000000000000000000000000011111111111110000000000000000000000000000110000000000000000000011110111111111100000000000000000000011100000000000000000000000000000000000000000000000000000000000000000000000000000000
0000000000000000000000000000000000000000000000000000000000000000000000000000011111111111000000000000000000000000001100000000000000000011111111111111100000000000000000000000001110000000000000000000000000000000000000000000000000000000000000000000000000000000
0000000000000000000000000000000000000000000000000000000000000000000000000000000000000011100000000000000000000000001100000000000000000111100001000100000000000000000000000000000111000000000000000000000000000000000000000000000000000000000000000000000000000000
0000000000000000000000000000000000000000000000000000000000000000000000000000000000000001100000000000000000000000001100000000000000001110000000000000000000000000000000000000000011110000000000000000000000000000000000000000000000000000000000000000000000000000
0000000000000000000000000000000000000000000000000000000000000000000000000000000000000000110000000000000000000000001111000011111100011100000000000000000000000000000000000000000001111100000000000000000000000000000000000000000000000000000000000000000000000000
0000000000000000000000000000000000000000000000000000000000000000000000000000000000000000110000000000000000000000011111110111111111111000000000000000000000000000000000000000000000011111000000000000000000000000000000000000000000000000000000000000000000000000
0000000000000000000000000000000000000000000000000000000000000000000000000000000000000000110000000000000000000000011110111110000011110000000000000000000000000000000000000000000000000111110000011000000000000000000000000000000000000000000000000000000000000000
0000000000000000000000000000000000000000000000000000000000000000000000000000000000000000110000000000000000000000011000011000000000000000000000000000000000000000000000000000000000000001111111111000000000000000000000000000000000000000000000000000000000000000
0000000000000000000000000000000000000000000000000000000000000000000000000000000000000000110000000000000000000000110000000000000000000000000000000000000000000000000000000000000000000000011111110000000000000000000000000000000000000000000000000000000000000000
0000000000000000000000000000000000000000000000000000000000000000000000000000000000000000110000000000000000000000110000000000000000000000000000000000000000000000000000000000000000000000000000000000000000000000000000000000000000000000000000000000000000000000
0000000000000000000000000000000000000000000000000000000000000000000000000000000000000000110000000000000000000001110000000000000000000000000000000000000000000000000000000000000000000000000000000000000000000000000000000000000000000000000000000000000001000000
0000000000000000000000000000000000000000000000000000000000000000000000000000000000000000110000000000000000000001100000000000000000000000000000000000000000000000000000000000000000000000000000000000000000000000000000000000000000000000000000000000000011111111
0000000000000000000000000000000000000000000000000000000000000000000000000000000000000000110000000000000000000011100000000000000000000000000000000000000000000000000000000000000000000000000000000000000000000000000000000000000000000000000000000000000000111111
0000000000000000000000000000000000000000000000000000000000000000000000000000000000000000110000000000000000000011000000000000000000000000000000000000000000000000000000000000000000000000000000000000000000000000000000000000000000000000000000000000000000000000
0000000000000000000000000000000000000000000000000000000000000000000000000000000000000000110000000000000000000111000000000000000000000000000000000000000000000000000000000000000000000000000000000000000000000000000000000000000000000000000000000000000000000000
0000000000000000000000000000000000000000000000000000000000000000000000000000000000000000011000000000000000000110000000000000000000000000000000000000000000000000000000000000000000000000000000000000000000000000000000000000000000000000000000000000000000000000
0000000000000000000000000000000000000000000000000000000000000000000000000000000000000000011000000000000000011100000000000000000000000000000000000000000000000000000000000000000000000000000000000000000000000000000000000000000000000000000000000000000000000000
0000000000000000000000000000000000000000000000000000000000000000000000000000000000000000001100000000000001111100000000000000000000000000000000000000000000000000000000000000000000000000000000000000000000000000000000000000000000000000000000000000000000000000
0000000000000000000000000000000000000000000000000000000000000000000000000000000000000000001110000000000011110000000000000000000000000000000000000000000000000000000000000000000000000000000000000000000000000000000000000000000000000000000000000000000000000000
0000000000000000000000000000000000000000000000000000000000000000000000000000000000000000000110000000001111000000000000000000000000000000000000000000000000000000000000000000000000000000000000000000000000000000000000000000000000000000000000000000000000000000
0000000000000000000000000000000000000000000000000000000000000000000000000000000000000000000111000000011100000000000000000000000000000000000000000000000000000000000000000000000000000000000000000000000000000000000000000000000000000000000000000000000000000000
0000000000000000000000000000000000000000000000000000000000000000000000000000000000000000000011000000111000000000000000000000000000000000000000000000000000000000000000000000000000000000000000000000000000000000000000000000000000000000000000000000000000000000
0000000000000000000000000000000000000000000000000000000000000000000000000000000000000000000011100001110000000000000000000000000000000000000000000000000000000000000000000000000000000000000000000000000000000000000000000000000000000000000000000000000000000000
0000000000000000000000000000000000000000000000000000000000000000000000000000000000000000000001100111100000000000000000000000000000000000000000000000000000000000000000000000000000000000000000000000000000000000000000000000000000000000000000000000000000000000
0000000000000000000000000000000000000000000000000000000000000000000000000000000000000000000000111110000000000000000000000000000000000000000000000000000000000000000000000000000000000000000000000000000000000000000000000000000000000000000000000000000000000000
0000000000000000000000000000000000000000000000000000000000000000000000000000000000000000000000111100000000000000000000000000000000000000000000000000000000000000000000000000000000000000000000000000000000000000000000000000000000000000000000000000000000000000
0000000000000000000000000000000000000000000000000000000000000000000000000000000000000000000000111000000000000000000000000000000000000000000000000000000000000000000000000000000000000000000000000000000000000000000000000000000000000000000000000000000000000000
0000000000000000000000000000000000000000000000000000000000000000000000000000000000000000000011110000000000000000000000000000000000000000000000000000000000000000000000000000000000000000000000000000000000000000000000000000000000000001000000000000000000000000
0000000000000000000000000000000000000000000000000000000000000000000000000000000000000000000111000000000000000000000000000000000000000000000000000000000000000000000000000000000000000000000000000000000000000000000000000000000000000001100000000000000000000000
0000000000000000000000000000000000000000000000000000000000000000000000000000000000000000001110000000000000000000000000000000000000000000000000000000000000000000000000000000000000000000000000000000000000000000000000000000000000000001110000000000000000000000
1000000000000000000000000000000000000000000000000000000000000000000000000000000000000000111100000000000000000000000000000000000000000000000000000000000000000000000000000000000000000000000000000000000000000000000000000000000000000000110000000000000000000000
1000000000000000000000000000000000000000000000000000000000000000000000000000000000000001110000000000000000000000000000000000000000000000000000000000000000000000000000000000000000000000000000000000000000000000000000000000000000000000011000000000000000000000
1100000000000000000000000000000000000000000000000000000000000000000000000000000000001111100000000000000000000000000000000000000000000000000000000000000000000000000000000000000000000000000000000000000000000000000000000000000000000000011100000000000000000000
1110000000000000000000000000000000000000000000000000000000000000000000000000111111111110000000000000000000000000000000000000000000000000000000000000000000000000000000000000000000000000000000000000000000000000000000000000000000000000001100000000000000000000
0111000000000000000000000000000000000000000000000000000000000000000000000001111111110000000000000000000000000000000000000000000000000000000000000000000000000000000000000000000000000000000000000000000000000000000000000000000000000000001110000000000000000000
0011100000000000000000000000000000000000000000000000000000000000000000000011100000000000000000000000000000000000000000000000000000000000000000000000000000000000000000000000000000000000000000000000000000000000000000000000000000000000000110000000000000000000
0001110000000000000000000000000000000000000000000000000000000000000000000111000000000000000000000000000000000000000000000000000000000000000000000000000000000000000000000000000000000000000000000000000000000000000000000000000000000000000110000000000000000000
0000111000000000000000000000000000000000000000000000000000000000000000001110000000000000000000000000000000000000000000000000000000000000000000000000000000000000000000000000000000000000000000000000000000000000000000000000000000000000000110000000000000000000
0000011100000000000000000000000000000000000000000000000000000000000000011100000000000000000000000000000000000000000000000000000000000000000000000000000000000000000000000000000000000000000000000000000000000000000000000000000000000000000011000000000000000000
0000001110000100000000000000000000000000000000000000000000000000000000011000000000000000000000000000000000000000000000000000000000000000000000000000000000000000000000000000000000000000000000000000000000000000000000000000000000000000000011000000000000000000
0000000110000110000000000000000000000000000000000000000000000000000000111000000000000000000000000000000000000000000000000000000000000000000000000000000000000000000000000000000000000000000000000000000000000000000000000000000000000000000011000000000000000000
0000000011000110000000000000000000000000000000000000000000000000000000110000000000000000000000000000000000000000000000000000000000000000000000000000000000000000000000000000000000000000000000000000000000000000000000000000000000000000000011000000000000000000
0000000011000011000000000000000000000000000000000000000000000000000001100000000000000000000000000000000000000000000000000000000000000000000000000000000000000000000000000000000000000000000000000000000000000000000000000000000000000000000011000000000000000000
0000000011000011000000000000000000000000000000000000000000000000000001100000000000000000000000000000000000000000000000000000000000000000000000000000000000000000000000000000000000000000000000000000000000000000000000000000000000000000000011000000000000000000
0000000011000011000000000000000000000000000000000000000000000000000011000000000000000000000000000000000000000000000000000000000000000000000000000000000000000000000000000000000000000000000000000000000000000000000000000000000000000000000011000000000000000000
0000000011000001100000000000000000000000000000000000000000000000000011000000000000000000000000000000000000000000000000000000000000000000000000000000000000000000000000000000000000000000000000000000000000000000000000000000000000000000000011000000000000000000
0000000011000001100000000000000000000000000000000000000000000000000110000000000000000000000000000000000000000000000000000000000000000000000000000000000000000000000000000000000000000000000000000000000000000000000000000000000000000000000011000000000000000000
0000000111000001100000000000000000000000000000000000000000000000000110000000000000000000000000000000000000000000000000000000000000000000000000000000000000000000000000000000000000000000000000000000000000000000000000000000000000000000000011000000000000000000
0000000110000001100000000000000000000000000000000000010000000000001110000000000000000000000000000000000000000000000000000000000000000000000000000000000000000000000000000000000000000000000000000000000000000000000000000000000000000000000011000000000000000000
0000000110000001100000000000000000000000000000000000110000000000001100000000000000000000000000000000000000000000000000000000000000000000000000000000000000000000000000000000000000000000000000000000000000000000000000000000000000000000000011000000000000000000
0000000111000001100000000000000000000000000000000000110000000000001100000000000000000000000000000000000000000000000000000000000000000000000000000000000000000000000000000000000000000000000000000000000000000000000000000000000000000000000110000000000000000000
0000000011000001100000000000000000000000000000000000110000000000011100000000000000000000000000000000000000000000000000000000000000000000000000000000000000000000000000000000000000000000000000000000000000000000000000000000000000000000001110000000000000000000
0000000011000001100000000000000000000000000000000000110000000000011000000000000000000000000000000000000000000000000000000000000000000000000000000000000000000000000000000000000000000000000000000000000000000000000000000000000000000000001100000000000000000000
0000000011100001100000000000000000000000000000000000110000000000011000000000000000000000000000000000000000000000000000000000000000000000000000000000000000000000000000000000000000000000000000000000000000000000000000000000000000000000011100000000000000000000
0000000001110011100000000000000000000000000000000000110000000000011000000000000000000000000000000000000000000000000000000000000000000000000000000000000000000000000000000000000000000000000000000000000000000000000000000000000000000000011000000000000000000000
0000000000111011000000000000000000000000000000000000110000000000110000000000000000000000000000000000000000000000000000000000000000000000000000000000000000000000000000000000000000000000000000000000000000000000000000000000000000000000110000000000000000000000
0000000000011111000000000000000000000000000000000001110000000000110000000000000000000000000000000000000000000000000000000000000000000000000000000000000000000000000000000000000000000000000000000000000000000000000000000000000000000000110000000000000000000000
0000000000000111000000000000000000000000000000000001100000000000110000000000000000000000000000000000000000000000000000000000000000000000000000000000000000000000000000000000000000000000000000000000000000000000000000000000000000000001100000000000000000000000
0000000000000011000000000000000000000000000000000011100000000000110000000000000000000000000000000000000000000000000000000000000000000000000000000000000000000000000000000000000000000000000000000000000000000000000000000000000000000001100000000000000000000000
0000000000000001100000000000000000000000000000000111000000000001110000000000000000000000000000000000000000000000000000000000000000000000000000000000000000000000000000000000000000000000000000000000000000000000000000000000000000000011000000000000000000000000
0000000000000001100000000000000000000000000000000110000000000001100000000000000000000000000000000000000000000000000000000000000000000000000000000000000000000000000000000000000000000000000000000000000000000000000000000000000000000011000000000000000000000000
0000000000000001100000000000000000000000000000001100000000000001100000000000000000000000000000000000000000000000000000000000000000000000000000000000000000000000000000000000000000000000000000000000000000000000000000000000000000000011000000000000000000000000
0000000000000000110000000000000000000000000000001100000000000001100000000000000000000000000000000000000000000000000000000000000000000000000000000000000000000000000000000000000000000000000000000000000000000000000000000000000000000011000000000000000000000000
0000000000000000110000000000000000000000000000011100000000000000110000000000000000000000000000000000000000000000000000000000000000000000000000000000000000000000000000000000000000000000000000000000000000000000000000000000000000000011000000000000000000000000
0000000000000000110000000000000000000000000000111000000000000000110000000000000000000000000000000000000000000000000000000000000000000000000000000000000000000000000000000000000000000000000000000000000000000000000000000000000000000011000000000000000000000000
0000000000000000111000000000000000000000000001110000000000000000110000000000000000000000000000000000000000000000000000000000000000000000000000000000000000000000000000000000000000000000000000000000000000000000000000000000000000000011000000000000000000000000
0000000000000000011000000000000000000000000011100000000000000000110000000000000000000000000000000000000000000000000000000000000000000000000000000000000000000000000000000000000000000000000000000000000000000000000000000000000000000011000000000000000000000000
0000000000000000011000000000000000000000000111000000000000000000011000000000000000000000000000000000000000000000000000000000000000000000000000000000000000000000000000000000000000000000000000000000000000000000000000000000000000000011000000000000000000000000
0000000000000000011000000000000000000000011110000000000000000000011000000000000000000000000000000000000000000000000000000000000000000000000000000000000000000000000000000000000000000000000000000000000000000000000000000000000000000110000000000000000000000000
0000000000000000011000000000000000000001111000000000000000000000001100000000000000000000000000000000000000000000000000000000000000000000000000000000000000000000000000000000000000000000000000000000000000000000000000000000000000000110000000000000000000000000
0000000000000000011000000000000000001111110000000000000000000000001110000000000000000000000000000000000000000000111111000000000000000000000000000000000000000000000000000000000000000000000000000000000000000000000000000000000000001100000000000000000000000000
0000000000000000011000000000000000011110000000000000000000000000000111000000000000000000000000000000000000000011111111111000000000000000000000000000000000000000000000000000000000000000000000000000000000000000000000000000000000001100000000000000000000000000
0000000000000000111000000000000001111000000000000000000000000000000011100000000000000000000000000000000000001111000000111100000000000000000010000000000000000000000000000000000000000000000000000000000000000000000000000000000000011100000000000000000000000000
0000000000000000110000000000000001100000000000000000000000000000000001110000000000000000000000000000000000111100000000001110000000000000000110000000000000000000000000000000000000000000000000000000000000000000000000000000000000111000000000000000000000000000
0000000000000001100000000000000001100000000000000000000000000000000000111000000000000000000000000000000011110000000000000111000000000000001110000000000000000000000000000000000000000000000000000000000000000000000000000000000000110000000000000000000000000000
0000000000000001100000000000000011000000000000000000000000000000000000011100000000000000000000000000000111000000000000000011000000000000001100000000000000000000000000000000000000000000000000000000000000000000000000000000000001110000000000000000000000000000
1000000000000001100000000000000011000000000000000000000000000000000000001110000000000000000000000000011110000000000000000011100000000000011100000000000000000000000000000000000000000000000000000000000000000000000000000000000001100000000000000000000000000000
1111111111000001100000000000000111000000000000000000000000000000000000000011100000000000000000000000111000000000000000000001100000000000111000000000000000000000000000000000000000000000000000000000000000000000000000000000000001100000000000000000000000000000
0111111111110011000000000000000110000000000000000000000000000000000000000001110000000000000000000011110000000000000000000001100000000000110000000000110000000000000000000000000000000000000000000000000000000000000000000000000001100000000000000000000000000000
0000000000111111000000000000011110000000000000000000000000000000000000000000111000000000000000000111000000000000000000000001100000000001100000000001100000000000000000000000000000000000000000000000000000000000000000000000000001100000000000000000000000000000
0000000000011110000000000001111110000000000000000000000000000000000000000000011110000000000000001110000000000000000000000011100000000011100000000001100000000100000000000000000000000000000000000000000000000000000000000000000011100000000000000000000000000000
0000000000000111000000000011100110000000000000000000000000000000000000000000000111000000000000011000000000000000000000111111000000000011000000000011000000000110000000000000000000000000000000000000000000000000000000000000000011000000000000000000000000000000
0000000000000011111000000111000110000000000000000000000000000000000000000000000011100000000000110000000000000000000001111110000000000110000000000011000000000110000000000000000000000000000000000000000000000000000000000000000011100000000000000000000000000000
0000000000000000111100101110000110000000000000000000000000000000000000000000000001111000000001100000000000000000000011100000000000000110000000000011000000000110000000000000000000000000000000000000000000000000000000000000000001100000000000000000000000000000
0000000000000000001111111100000110000000000000000000000000000000000000000000000000111110000111000000000000000000001111000000000000001110000000000011000000000110000000000000000011000000000000000000000000000000000000000000000001100000000000000000000000000000
0000000000000000000111011000000110000000000000000000000000000000000000000000000000001111111110000000000000000000111100000000000000001100000000000110000000000110000000000000000011100000000000000000001110000000000000000000000001100000000000000000000000000000
0000000000000000000000000000000110000000000000000000000000000000000000000000000000000001111100000000000000000011110000000000000000001100000000000110000000000110000000000000000001100000000000000000001100000000000000000000000011100000000000000000000000000000
0000000000000000000000000000000111000000000000000000000000000000000000000000000000000000000000000000000000000111100000000000000000011000000000000110000000000110000000000000000000110000000000000000001100000000000000000000000011000000000000000000000000000000
0000000000000000000000000000000011000000000000000000000000000000000000000000000000000000000000000000000000001110000000000000000000011000000000001100000000001100000000000000000000110000000000000000011000000000000000000000000011000000000000000000000000000000
0000000000000000000000000000000111000000000000000000000000000000000000000000000000000000000000000000000000011100000000000000000000011000000000011100000000001100000000000000000000011000000000000000111000000000000000000000000011000000000000000000000000000000
0000000000000000000000000000000110000000000000000000000000000000000000000000000000000000000000000000000000111000000000000000000000011000000000011000000000001100000000000000000000011100000000000000110000000000000000000000000011000000000000000000000000000000
0000000000000000000000000000000110000000000000000000000000000000000000000000000000000000000000000000000000111000000000000000000000011000000000111000000000011000000000000000000000001100000000000000110000000000000000000000000011000000000000000000000000000000
0000000000000000000000000000001100000000000000000000000000000000000000000000000000000000000000000000000001111100000000000000000000011000000000110000000000011000000000000000000000001100000000000000110000000000000000000000000111000000000000000000000000000000
0000000000000000000000000000001100000000000000000000000000000000000000000000000000000000000000000000000011101110000000000000000000011000000001110000000000011000000000000000000000001100000000000001100000000000000000000000000110000000000000000000000000000000
0000000000000000000000000000001100000000000000000000000000000000000000000000000000000000000000000000000111000110000000000000000000011000000001100000000000011000000000000000000000001100000000000011100000000000000000000000000110000000000000000000000000000000
0000000000000000000000000000001110000000000000000000000000000000000000000000000000000000000000000000001110000111000000000000000000011000000001100000000000011000000000000000000000001100000000000011000000000000000000000000001100000000000000000000000000000000
0000000000000000000000000000000110000000000000000000000000000000000000000000000000000000000000000000001100000011000000000000000000001100000011000000000000111000000000000000000000011000000000000110000000000000000000000000011100000000000000000000000000000000
0000000000000000000000000000000011000000000000000000000000000000000000000000000000000000000000000000011000000001100000000000000000001110000111000000000000110000000000000000000000011000000000001110000000000000000000000000011000000000000000000000000000000000
0000000000000000000000000000000011000000000000000000000000000000000000000000000000000000000000000000111000000001100000000000000000000111001110000000000000110000000000000000000000011000000000111100000000000000000000000000011000000000000000000000000000000000
0000000000000000000000000000000011100000000000000000000000000000000000000000000000000000000000000001110000000000110000000000000000000011111100000000000001110000000000000000000000011000000001110000000000000000000000000000110000000000000000000000000000000000
0000000000000000000000000000000001100000000000000000000000000000000000000000000000000000000000000011100000000000111000000000000000000001111000000000000001100000000000000000000000011000000001100000000000000000000000000000110000000000000000000000000000000000
0000000000000000000000000000000011000000000000000000000000000000000000000000000000000000000000000011000000000000011000000000000000000001110000000000000001100000000000000000000000011000000011000000000000000000000000000000110000000000000000000000000000000000
0000000000000000000000000000000011111110000000000000000000000000000000000000000000000000000000000110000000000000011100000000000000000000110000000000000001100000000000000000000000011000001111000000000000000000000000000000110000000000000000000000000000000000
0000000000000000000000000000000001111111000000000000000000000000000000000000000000000000000000001100000000000000001100000000000000000000011000000000000001100000000010000000000000011000011100000000000000000000000000000000111000000000000000000000000000000000
0000000000000000000000000000000000000011000000000000000000000000110000000000000000000000000000011100000000000000000110000000000000000000011000000000000001100000001110000000000000011100111000000000000000000000000000000000011000000000000000000000000000000000
0000000000000000000000000000000000000001100000000000000000000001110000000000000000000000000000011000000000000000000110000000000000000000011000000000000001100000111100000000000000001100110000000000000000000000000000000000011000000000000000000000000000000000
0000000000000000000000000000000000000001100000000000000000000011100000000000000000000000000000011000000000000000000011000000000000000000111000000000000001100011110000000000000000001101110000000000000000000000000000000000011000000000000000000000000000000000
0000000000000000000000000000000000000011100000000000000000000011000000000000000000000000000000011000000000000000000011100000000000000000110000000000000001111111000000000000000000000111100000000000000000000000000000000000111000000000000000000000000000000000
0000000000000000000000000000000000000011000000000000000000000110000000000000000000000000000000011000000000000000000001100000000000000000110000000000000001111100000000000000000000000111100000000000000000000000000000000000111000000000000000000000000000000000
0000000000000000000000000000000000000011011100000000000000001100000000000000000000000000000000011100000000000000000001110000000000000000110000000000000001110000000000000000000000000111000000000000000000000000000000000000111000000000000000000000000000000000
0001110011100111000000000000000000000011111110000000000000011100000000000000000000000000000000001110000000000111000000110000000000000001100000000000000011100000000000000000000000001110000000000000000000000000000000000000011000000000000000000000000000000000
0111111111111111111011110000000000000001100110000000000000110000000000000000000000000000000000000111000000001111100000011000000000000001100000000000001111000000000000000000000000001110000000000000000000000000000000000000011000000000000000000000000000000000
1111011100111001111111111111100000011110000110000000000001100000000000000000000000000100000000000011100000001101111000011000000000000001111111000000111100000000000000000000000000001100000000000000000000000000000000000000011000000000000000000000000000000000
1100000000000000001110011111111111111111111110000000000011100000000000000000000000000110000000000001110000011000011100001100001110000111111111111111111000000000000000000000000000011100000000000000000000000000000000000000011000000000000000000000000000000000
0000000000000000000000000000111111100011111100000000000111000000000000000000000000000110000000000000111100111000001111001111111111111111000001111111100000000000000000000000000000011000000000000000000000000000000000000000011000000000000000000000000000000000
0000000000000000000000000000000000000001111000000000001110000000000000000000000000000111000000000000011111110000000011100111111111111100000000000000000000000000000000000000000000110000000000000000000000000000000000000000111000000000000000000000000000000000
0000000000000000000000000000000000000000011110000000011100000000000000000000000000000011000000000000000111100000000001111111111111111000000000000000000000000000000000000000000000110000000000000000000000000000000000000001110000000000000000000000000000000000
0000000000000000000000000000000000000000000111110000111000000000000000000000000000000001100000000000000000000000000000111111110000011000000000000000000000000000000000000000000001110000000000000000000000000000000000000001100000000000000000000000000000000000
0000000000000000000000000000000000000000000001111100110000000000000000000000000000000001100000000000000000000000000000011000000000001100000000000000000000000000000000000000000001100000000000000000000000000000000000000011000000000000000000000000000000000000
0000000000000000000000000000000000000000000000011111100000000000000000000000000000000000110000000000000000000000000000111000000000001100000000000000000000000000000000000000000001100000000000000000000000000000000000000111000000000000000000000000000000000000
0000000000000000000000000000000000000000000000000111111100000000000000000000000000000000110000000000000000000000000001110000000000001100000000000000000000000000000000000000000001100000000000000000000000000000000000000110000000000000000000000000000000000000
0000000000000000000000000000000000000000000000000001111110000000000000000000000000000000011000000000000000000000000011100000000000001100000000000000000000000000000000000000000001100000000000000000000000000000000000000110000000000000000000000000000000000000
0000000000000000000000000000000000000000000000000000000110000000000000000000000000000000011000000000000000000000001111000000000000001100000000000000000000000000000000000000000011000000000000000000000000000000000000000111110000000000000000000000000000000000
0000000000000000000000000000000000000000000000000000000110000000000000000000000000000000011000000000000000000001111100000000000000000110000000000000000000000000000000000000000011000000000000000000000000000000000000000111111000000000000000000000000000000000
0000000000000000000000000000000000000000000000000000000110000000000000000000000000000000011100000000000000011111111000000000000000000110000000000000000000000000000000000000000001100000000000000000000000000000000000000000011000000000000000000000000000000000
0000000000000000000000000000000000000000000000000000000111000000000000000000000000000000001100000000000000111110000000000000000000000110000000000000000000000000000000000000000001100000000000000000000000000000000000000000011000000000000000000000000000000000
0000000000000000000000000000000000000000000000000000000011110000000000000000000000000000001100000000000000110000000000000000000000000110000000000000000000000000000000000000000001100000000000000000000000000000000000000000011000000000000000000000000000000000
0000000000000000000000000000000000000000000000000000000000110000000000000000000000000000001100000000000000110000000000000000000000000110000000000000000000000000000000000000000001100000000000000000000000000000000000000000011000000000000000000000000000000000
0000000000000000000000000000000000000000000000000000000000011000000000000000000000000000001100000000000000110000000000000000000000000110000000000000000000000000000000000000000001100000000000000000000000000000000000000001110000000000000000000000000000000000
0000000000000000000000000000000000000000000000000000000000011000000000000000000000000000001100000000000000110000000000000000000000000011000000000000000000000000000000000000000001100000000000000000000000000000000000000001100000000000000000000000000000000000
0000000000000000000000000000000000000000000000000000000000011000000000000000000000000000001100000000000000110000000000000000000000000011000000000000000000000000000000000000000001100000000000000000000000000000000000000001100000000000000000000000000000000000
0000000000000000000000000000000000000000000000000000000000011000000000000000000000000000001100000000000000110000000000000000000000000110000000000000000000000000000000000000000001100000000000000000000000000000000000000001100000000000000000000000000000000000
0000000000000000000000000000000000000000000000000000000000011000000000000000000000000000001100000000000000110000000000000000000000000110000000000000000000000000000000000000000001100000000000000000000000010000000000000001110000000000000000000000000000000000
0000000000000000000000000000000000000000000000000000000000011000111000000000000000000000001110000000000000111000000000000000000000001100000000000000000000000000000000000000001011100000000000000000000000110000000000000000110000000000000000000000000000000000
0000000000000000000000000000000000000000000000000000000000011111111100000000000000000000000110000000000000011000000000000000000000011000000000000000000000000000000000000000011111000000000000000000000000110000000000000000110000000000000000000000000000000000
0000000000000000000000000000000000000000000000000000000000001111001110000000000000000000000110000000000000011000000000000000000001110000000000000000000000000000000000000000111111000000000000000000000001100000000000000000110000000000000000000000000000000000
0000000000000000000000000000000000000000000000000000000000000000000110000000000000000000001100000000000000011000000000000000000011100000000000000000000000000000000000000000110000000000000000000000000011100000000000000001110000000000000000000000000000000000
0000000000000000000000000000000000000000000000000000000000000000000110000000000000000000001100000000000000011000000000000000001111000000000000000000000000000000000000000000110000000000000000000000000011000000000000000011100000000000000000000000000000000000
0000000000000000000000000000000000000000000000000000000000000000000110000000000000000000001100000000000000011000000000000000011110000000000000000000000000000000000000000000110000000000000000000000000011000000000000000011100000000000000000000000000000000000
0000000000000000000000000000000000000000000000000000000000000000000111000000000000000000001100000000000000110000000000000000111000000000000000000000000000000000000000000000110000000000000000000000000011000000000000000001100000000000000000000000000000000000
0000000000000000000000000000000000000000000000000000000000000000111111111111001111110111001100000000000001110000000000000000110000000000000000000000000000000000000000000001110000000000000000000000000110000000000000000011100000000000000000000000000000000000
0000000000000000000000000000000000000000000000000000000000000001111100111111111111111111111100000000000011100000000000000000110000000000000000000000000000000000000000000011100000000000000000000000001110000000000000001111000000000000000000000000000000000000
0000000000000000000000000000000000000000000000000000000000000111100000000000110000011000111111111100011111000000000000000000110000000000000000000000000000000000000000000111000000000000000000000000011100000000000000001110000000000000000000000000000000000000
0000000000000000000000000000000000000000000000000000000000001110000000000000000000000000001111111111111100000000000000000001110000000000000000000000000000000000000000000110000000000000000000000000111000000000000000001100000000000000000000000000000000000000
0000000000000000000000000000000000000000000000000000000000011000000000000000000000000000000000000111100000000000000000000001100000000000000000000000000000000000000000000110000000000000000000000000110000000000000000001100000000000000000000000000000000000000
0000000000000000000000000000000000000000000000000000000000111000000000000000000000000000000000000111000000000000000000000001100000000000000000000000000000000000000000000110000000000000000000000000110000000000000000001100000000000000000000000000000000000000
0000000000000000000000000000000000000000000000000000000000110000000000000000000000000000000000000110000000000000000000011111100000000000000000000000000000000000000000011100000000000000000000000000110000000000000000001100000000000000000000000000000000000000
0000000000000000000000000000000000000000000000000000000000110000000000000000000000000000000000000110000000000000000001111111111000000000000000000000000000000000000001111100000000000000000000000001110000000000000000000110000000000000000000000000000000000000
0000000000000000000000000000000000000000000000000000000000110000000000000000000000000000000000000111000000000000000111110000111110000000000000000000000000000000000001110000000000000000000000000001100000000000000000000110000000000000000000000000000000000000
0000000000000000000000000000000000000000000000000000000000110000000000000000000000000000000000011111000000000000001111000000000111100000000000000000000000000000000001100000000000000000000000000001100000000000000000001110000000000000000000000000000000000000
0000000000000000000000000000000000000000000000000000000000110000000000000000000000000000000000111111000000000000111100000000000001110000000000000000000000000000000001100000000000000000000000000001100000000000000000111100000000000000000000000000000000000000
0000000000000000000000000000000000000000000000000000000000110000000000000000000000000000000011110001100000000001111000000000000000111000000000000000000000000000000111000000000000000000000000000001100000000000000001111000000000000000000000000000000000000001
0000000000000000000000000000000000000000000000000000000000110000000000000000000000000000001111100001110000000111100000000000000000011100000000000000000000000000001111000000000000000000000000000001100000000000000011100000000000000000000000000000000000000011
0000000000000000000000000000000000000000000000000000000000110000000000000000000000000000011110000000110000011111000000000000000000001110000000000000000000000000111100000000000000000000000000000001100000000000000011000000000000000000000000000000000000000011
0000000000000000000000000000000000000000000000000000000000110000000000000000000000000001111000000000011111111100000000000000000000000110000000000000000000000001111000000000000000000000000000000011000000000000000011000000000000000000000000000000000000000110
0000000000000000000000000000000000000000000000000000000000110000000000000000000000000011100000000000001111110000000000000000000000000011000000000000000000000011100000000000000000000000000000000011000000000000000011000000000000000000000000000000000000001110
0000000000000000000000000000000000000000000000000000000000110000000000000000000000000111000000000000000000000000000000000000000000000011000000000000000000000011000000000000000000000000000000000011000000000000000011000000000000000000000000000000000000011100
0000000000000000000000000000000000000000000000000000000001100000000000000000000000001110000000000000000000000000000000000000000000000001100000000000000000000111000000000000000000000000000000000011000000000000000011000000000000000000000000000000000001111000
0000000000000000000000000000000000000000000000000000000011100000000000000000000000011100000000000000000000000000000000000000000000000001100000000000000000001110000000000000000000000000000000000011000000000000000111000000000000000000000000000000000011100000
0000000000000000000000000000000000000000000000000000000010000000000000000000000001111000000000000000000000000000000000000000000000000001110000000000000000011100000000000000000000000000000000000011000000000000001110000000000000000000000000000000001111000000
0000000000000000000000000000000000000000000000000000000000000000000000000000111111100000000000000000000000000000000000000000000000000000110000000000011000111000000000000000000000000000000000000011000000000000011100000000000000000000000000000000111100000000
0000000000000000000000000000000000000000000000000000000000000000000000000011111110000000000000000000000000000000000000000000000000000000011000000001111111110000000000000000000000000000000000000011100000000000011000000000000000000000000000000001111000000000
0000000000000000000000000000000000000000000000000000000000000000000000001111000000000000000000000000000000000000000000000000000000000000011100000001100111100000000000000000000000000000000000000001100000000000011000000000000000000000000000000001100000000000
0000000000000000000000000000000000000000000000000000000000000000000000011100000000000000000000000000000000000000000000000000000000000000001110000011000000000000000000000000000000000000000000000001110000000000011100000000000000000000000000000001100000000000
0000000000000000000000000000000000000000000000000000000000000000000001111000000000000000000000000000000000000000000000000000000000000000000110000011000000000000000000000000000000000000000000000000110000000000001100000000000000000000000000000011100000000000
0000000000000000000000000000000000000000000000000000000000000000001111100000000000000000000000000000000000000000000000000000000000000000000011000111000000000000000000000000000000000000000000000000110000000000001100000000000000000000000000000011000000000000
0000000000000000000000000000000000000000000000000000000000000000011110000000000000000000000000000000000000000000000000000000000000000000000011000110000000000000000000000000000000000000000000000000110000000000000110000000000000000000000000000011000000000000
0000000000000000000000000000000000000000000000000000000000000000000000000000000000000000000000000000000000000000000000000000000000000000000011111100000000000000000000000000000000000000000000000000110000000000000111000000000000000000000000000011000000000000
0000000000000000000000000000000000000000000000000000000000000000000000000000000000000000000000000000000000000000000000000000000000000000000011111000000000000000000000000000000000000000000000000000110000000000000011110000000000000000000000000011000000000000
0000000000000000000000000000000000000000000000000000000000000000000000000000000000000000000000000000000000000000000000000000000000000000000111100000000000000000000000000000000000000000000000000000011000000000000001111000000000000000000000000011000000000000
0000000000000000000000000000000000000000000000000000000000000000000000000000000000000000000000000000000000000000000000000000000000000000001110000000000000000000000000000000000000000000000000000000111000000000000000011000000000000000000000000011000000000000
0000000000000000000000000000000000000000000000000000000000000000000000000000000000000000000000000000000000000000000000000000000000000000011100000000000000000000000000000000000000000000000000000000110000000000000000111000000000000000000000000110000000000000
0000000000000000000000000000000000000000000000000000000000000000000000000000000000000000000000000000000000000000000000000000000000000000111000000000000000000000000000000000000000000000000000000000110000000000000001110000000000000000000000011110000000000000
0000000000000000000000000000000000000000000000000000000000000000000000000000000000000000000000000000000000000000000000000000000000000000110000000000000000000000000000000000000000000000000000000001110000000000000011100000000000000000000001111000000000000000
0000000000000000000000000000000000000000000000000000000000000000000000000000000000000000000000000000000000000000000000000000000000000000110000000000000000000000000000000000000000000000000000000001100000000000000011000000000000000000000011100000000000000000
0000000000000000000000000000000000000000000000000000000000000000000000000000000000000000000000000000000000000000000000000000000000000001100000000000000000000000000000000000000000000000000000000001100000000000000011000000000000000000000111000000000000000000
0000000000000000000000000000000000000000000000000000000000000000000000000000000000000000000000000000000000000000000000000000000000000001100000000000000000000000000000000000000000000000000000000001100000000000000011100000000000000000001110000000000000000000
0000000000000000000000000000000000000000000000000000000000000000000000000000000000000000000000000000000000000000000000000000000000000011100000000000000000000000000000000000000000000000000000000000110000000000000001100000000000000000001100000000000000000000
0000000000000000000000000000000000000000000000000000000000000000000000000000000000000000000000000000000000000000000000000000000000000011000000000000000000000000000000000000000000000000000000000000110000000000000001110000000000000000001100000000000000000000
0000000000000000000000000000000000000000000000000000000000000000000000000000000000000000000000000000000000000000000000000000000000000011000000011110000000000000000000000000000000000000000000000000110000000000000000110000000000000000001100000000000000000000
0000000000000000000000000000000000000000000000000000000000000000000000000000000000000000000000000000000000000000000000000000000000000011111111111111000000000000000000000000000000000000000000000000011000000000000000110000000000000000001100000000000000000000
0000000000000000000000000000000000000000000000000000000000000000000000000000000000000000000000000000000000000000000000000000000000000001111111100011100000000000000000000000000000000000000000000000011000000000000000110000000000000000001100000000000000000000
