0000000000000000000000000000000000000110000000011000000011100000000000000000000001110000000000000000001111110000110000110000000000000000000000000000000000000000000000000000000000000000111100000000000000000000000000000000000111111000000111100000011111111111
0000000000000000000000000000000000000110000000011000000001100000000000000000000000111000000000000000000111100000110000110000000000000000000000000000000000000000000000000000000000000000111100000000000000000000000000000000000001111110001110000000001110000001
0000000000000000000000000000000000000110000000011000000001100000000000000000000000011110000000000000000111000000110000110000000000000000000000000000000000000000000000000000000000000000011100000000000000000000000000000000000000001111111100000000000000000000
0000000000000000000000000000000000000110000000011000000001110000000000000000000000001111111110001111011110000000110000110000000000000000000000000000000000000000000000000000000000000000011000000000000000000000000000000000000000000001111000000000000000000000
0000000000000000000000000000000000000110000000011000000000110000000000000000000000000001111111111111111000000001110000110000000000000000000000000000000000000000000000000000000000000000011000000000000000000000000000000000000000000001110000000000000000000000
0000000000000000000000000000000000000110000000011000000001100000000000000000000000000000000001111001110000000111110000011000000000000000000000000000000000000000000000000000000000000000011000000000000000000000000000000000000000000011100000000000000000000000
0000000000000000000000000000001000000110000000011000000001100000000000000000000000000000000000000000000000000111100000011000000000000000000000000000000000000000000000000000000000000000110000000000000000000000000000000000000000000111000000000000000000000000
0000000000000000000000000000001100000110000000011000000001100000000000000000000000000000000000000000000000000111000000011100000000000000000000000000000000000000000000000000000000000000111110000000000000000000000000000000000000000110000000000000000000000000
0000000000000000000000000000001100000011000000111000000001110000000000000000000000000000000000000000000000000111000000001100000000000000000000000000000000001000000000000000000000000000011111100001000000000000000000000000000000001100000000000000000000000000
0000000000000000000000000000011000000011000000110000000000110000000000000000000000000000000000000000000000000111000000001100000000000000000000000000000000001100000000000000000000000000000011111111111000000000000000000000000000011000000000000000000000000000
0000000000000000000000000000011000000011000000110000000000110000000000000000000000000000000000000000000000001111000000001100000000000000000000000000000000001110000000000000000000000000000000011111111100000000000000000000000000111000000000000000000000000000
0000000000000000000000000000110000000011000000110000000000110000000000000000000000000000000000000000000000111110000000001100000000000000000000000000000000000110000000000000000000001111000000000000001100000000000000000000000000110000000000000000000000000000
0000000000000000000000000000110000000011000000110000000001110000000000000000000000000000000000000000000001111110000000000000000000000000000000000000000000000110000000000000000000111111100000000000000110000000000000000000000000110000000000000000000000000000
0000000000000000000000000000110000000011000000110000000001100000000000000000000000000000000000000000000011100000000000000000000000000000000000000000000000000110000000000000110011111101100000000000000111000000000000000000000000110000000000000000000000000000
0000000000000000000000000000111100000001100001100000000011000000000000000000000000000000000000000000000011000000000000000000000000000000000000000000000000000110000000000011111111100000110000000000000011100000000000000000000000110000000000000000000000000000
0000000000000000000000000000011100000011000001100000000011000000000000000000000000000000000000000000000011000000000000000000000000000000000000000000000000000111000000000011111100000000111000000000000001111000000000000000000001100000000000000000000000000000
0000000000000000000000000000001100000111000001100000000111000000000000000000000000000000000000000000000011000000000000000000000000000000000000000000000000001111000000001110000000000000011000000000000000011110000000000000000001100000000000000000000000000000
0000000000000000000000000000001110001110000001100000011110000000000000000000000000000000000000000000000011000000000000000000000000000000000000000000000000011111111111111110000000000000011111000010000000000111100000000000000001100000000000000000000000000000
0000000000000000000000000000001100011100000001100000111100000000000000000000000000000000000000000000000001100000000000000000000000000000000000000000000000111001111111111000000000000000001111000011100000000011110000000000000001100000000000000000000000000000
0000000000000000000000000000001100111000000001100001110000000000000000000000000000000000000000000000000001100000000000000000000000000000000000000000000111110000000000000000000000000000000011000001110000000000111100000000000001100000000000000000000000000000
0000000000000000000000000000001100110000000001100001100000000000000000000000000000000000000000000000000001100000000000000000000000000000000000000000001111000000000000000000000000000000000011100000111100000000001110000000000001100000000000000000000000000000
0000000000000000000000000000001111110000000000110001100000000000000000000000000000000000000000000000000001100000000000000000000000000000000000000000011100000000000000000000000000000000000011100000001110000000011111000000000001100000000000000000000000000000
0000000000000000000000000000001111100000000000110001100000000000000000000000000000000000000000000000000001100000000000000000000000000000000000000000010000000000000000000000000000000000000001110000000111100000111011000000000001100000000000000000000000000000
0000000000000000000000000000001100000000000000111001100000000000000000000000000000000000000000000000000001100000000000000000000000000000000000000000000000000000000000000000000000000000000000111000000011111111110011100000000001100000000000000000000000000000
0000000000000000000000000000001100000000000000011001100000000000000000000000000000000000000000000000000001100000000000000000000000000000000000000000000000000000000000000000000000000000000000011000000000011111100001100000000001100000000000000000000000000000
0000000000000000000000000000011100000000000000011101100000000000000000000000000000000000000000000000000001100000000000000000000000000000000000000000000000000000000000000000000000000000000000011000000000000000000001100000000001100000000000000000000000000000
0000000000000000000000000000111000000000000000001111000000000000000000000000000000000000000000000000000001100000000000000000000000000000000000000000000000000000000000000000000000000000000000001100000000000000000011100000000001100000000000000000000000000000
1110000000000000000000000001110000000000000000001111000000000000000000000000000000000000000000000000000000000000000000000000000000000000000000000000000000000000000000000000000000000000000000001100000000000000000011000000000001100000000000000000000000000000
1110000000000000000000000001100000000000000000000111000000000000000000000000000000000000000000000000000000000000000000000000000000000000000000000000000000000000000000000000000000000000000000001100000000000000000011000000000001100000000000000000000000000000
1110000000000000000000000001100000000000000000000110000000000000000000000000000000000000000000000000000000000000000000000000000000000000000000000000000000000000000000000000000000000000000000001100000000000000001110000000000001100000000000000000000000000000
1100000000000000000000000001100000000000000000000110000000000000000000000000000000000000000000000000000000000000000000000000000000000000000000000000000000000000000000000000000000000000000000000110000000000000111100000000000001100000000000000000000000000000
1100000000000000000000000001110000000000000000000110000000000000000000000000000000000000000000000000000000000000000000000000000000000000000000000000000000000000000000000000000000000000000000000111000000000001110000000000000000110000000000000000000000000000
1110000000000000000000000000111000000000000000001110000000000000000000000000000000000000000000000000000000000000000000000000000000000000000000000000000000000001000000000000000000000000000000000011000000000001100000000000000000110000000000000000000000000000
0111000000000000000000000000011000000000000000001100000000000000000000000000000000000000000000000000000000000000000000000000000000000000000000000000000000000001100000000000000000000000000000000011100000000011000000000000000000110000000000000000000000000000
0011000000000000000000000000011000000000000000011000000000000000000000000000000000000000000000000000000000000000000000000000000000000000000000000000000000000001100000000000000000000000111000000011111100000111000000000000000000111000000000000000000000000000
0001100000000000000000000000011000000000000000011000000000000000000000000000000000000000000000000000000000000000000000000000000000000000000000000000000000000001100000000000000000000001111000011111111110000110000000000000000000011000000000000000000000000000
0001110000000000000000000000011100000000000000011000000000000000000000000000000000000000000000000000000000000000000000000000000000000000000000000000000000000000110000000000000000000001101111111100000111001100000000000000000000001110000000000000000000000000
1000111000000000000000000000001100000000000000011000000000000000000000000000000000000000000000000000000000000000000000000000000000000000000000000000000000000000110000000000000000000001101111110000000011101100000000000000000000000111100000000000000000000000
1100011100000000000000000000001100000000000000110000000000000000000000000000000000000000000000000000000000000000000000000011000000000000000000000000000000000000110000000000000000000001110010000000000001111100000000000000000000000011111000000000000000000000
1110111111000000000000000000001100000000000000110000000000000000000000000000000000000000000000000000000000000000000000000011100000000000000000000000000000000000110000000000000000000000111000000000000000111000000000000000000000000000111110000000000000000000
0111110011111000000000000000001100000000000001110000000000000000000000000000000000000000000000000000000000000000000000000001110000000000000000000000000000000001110000000000000000000000011000000000000000000000000000000000000000000000000111000000000000000000
0011000001111110000000000111111100000000000011100000000000000000000000110000000000000000000000000000000000000000000000000000111000000000000000000000000000000000110000000000000000000000011000000000000000000000000000000000000000000000000011100000000000000000
0000000000000111000000001111111110000000000111000000000000000000000011110000000000000000000000000000000000000000000000000000011100000000000000000000000000000000110000000000000000000000011000000000000000000000000000000000000000000000000001110000000000000000
0000000000000011000000011100001111000000000110000000000000000000001111100000000000000000000000000000000000000000000000000000001100000000000000000000000000000000110000000000000000000000111000000000000000000000000000000000000000000000000000111000000000000000
0000000000000011100000110000000011110000001100000000000000000000111110000000000000000000000000000000000000000000000000000000001111000000000000000000000000000000110000000000000000000001110000000000000000000000000000000000000000000000000000011000000000000000
0000000000000001100001110000000000111100001100000000000000000000110000000000000000000000000000000000000000000000000000000000000111100000000000000000000000000000110000000000000000000001100000000000000000000000000000000000000000000000000000001100000000000000
0000000000000001110001100000000000011111101100000000000000000001100000000000000000000000000000000000000000000000000000000000000001100000000000000000000000000000111000000000000000000011000000000000000000000000000000000000000000000000000000001100000000000000
0000000000000000111001100000000000000111111100000000000000000011100000000000000000000000000000000000000000000000000000000000000001110000000000000000001000000000011000000000000000000011000000000000000000000000000000000000000000000000000000000110000000000000
0000000000000000011101100000000000000000011110000000000000000011000000000000000000000000000000000000000000000000000000000000000000111000001000000000011000000000011000000000000000000011000000000000000000000000000000000000000000000000000000000110000000000000
0000000000000000001111100000000000000000000111000000000000000011000000000000000000000000000000000000000000000000000000000000000000011000011100000000111000000000001100000000000000000011100000000000000000000000000000000000000000000000000000000011000000000000
0000000000000000000011000000000000000000000011000000000000000110000000000000000000000000000000000000000000000000000000000000000000011000001100000000110000000000001110000000000000000001100000000000000000000000000000000000000000000000000000000011000000000000
0000000000000000000000000000000000000000000001100000000000000110000000000000000000000000000000000000000000000000000000000000000000011000001100000001100000000000000111000000000000000001100000000000000000000000000000000000000000000000000000000001100000000000
0000000000000000000000000000000000000000000001110000000000001100000000000000000000000000000000000000000000000000000000000000000000011000001100000011100000000000000011000000000000000001100000000000000000000000000000000000000000000000000000000001100000000001
0000000000000000000000000000000000000000000000111000111111111100000000000000000000000000000000000000000000000000000000000000000000001110000110000011000000000000000001100000000000000000110000000000000000000000000000000000000000000000000000000000110000000011
0000000000000000000000000000000000000000000000011111111111111000000000000000000000000000000000001000000000000000000000000000000000001111111110000011000000000000000001110000000000000000110000000000000000000000000000000000000000000000000000000000110000000111
0000000000000000000000000000000000000000000000000111000000011100000000000000000000000000000000011000000000000000000000000000000000000011111111000011100000000000000000110000000000000000111000000000000000000000000000000000000000000000000000000000111000000110
0000000000000000000000000000000000000000000000000000000000001100000000000000000000000000000000011000000000000000000000000000000000000000100011111101100000000000000000110000000000000000011000000000000000000000000000000000000000000000000000000000011000000110
0000000000000000000000000000000000000000000000000000000000001100000000000000000000000000000000110000000000000000000000000000000000000000000000111111111000000000000000110000000000000000011100000000000000000000000000000000000000000000000000000000011000000110
0000000000000000000000000000000000000000000000000000000000000110000000000000000000000000000001110000000000000000000000000000000000000000000000000111111100000000000000110000000000000000001100000000000000000000000000000000000000000000000000000000011000000110
0000000000000000000000000000000000000000000000000000000000000110000000000000000000000000000111100000000000000000000000000000000000000000000000000000101111000000000000110000000000000000001100000000000000000000000000000000000000000000000000000000011000000110
0000000000000000000000000000000000000000000000000000000000000011000000000000000000000011111110000000000000000000000000000000000000000000000000000000000111000000000000111100000000000000000110000000000000000000000000000000000000000000000000000000011000000111
0000000000000000000000000000000000000000000000000000000000000011100000000000000000000111111100000000000000000000000000000000000000000000000000000000000011110000000000011110000000000000000111000000000000000000000000000000000000000000000000000000011000000011
0000000000000000000000000000000000000000000000000000000000000001100000000000000000001110000000000100000000000000000000000000000000000000000000000000000001111100000000000111111000000000000011111100000000000000000000000000000000000000000000000000011100000001
0000000000000000000000000000000000000000000000000000000000000001100000000000000000001100000000001100000000000001100000000000000000000000000000000000000000001110000000000001111100000000000001111111000000000000000000000000000000000000000000000000001100000000
0000000000000000000000000000000000000000000000000000000000000001100000000000000000011000000000011100000000000001100000000000000000000000000000000000000000000111000000000000001111110000000000000011100000000000000000000000000000000000000000000000001100000000
0000000000000000000000000000000000000000000000000000000000000001110000000000000000111000000001111000000000000001100000000000000000000000000000000000000000000011000000000000000011111110000000000001100000000000000000000000000000000000000000000000001100000000
0000000000000000000000000000000000000000000000000000000000000000110000000000000000110000000111100000000000000001100000000000000000000000000000000000000000000011000000000000000000001111000000000000110000000000000000000000000000000000000000000000001100000000
0000000000000000000000000000000000000000000000000000000000000000111000000000000000110000011111000000000000000001100000000000000000000000000000000000000000000011000000000000000000000011100000000000110000000000000000000000000000000000000000000000001100000000
0000000000000000000000000000000000000000000000000000000000000000111000000000000000111111111100000000000000000000110000000000000000000000000000000000000000000011000000000000000000000001110000000001100000000000000000000000000000000000000000000000011000000000
0000000000000000000000000000000000000000000000000000000000000001111000000000000000111111100000000000000000000000111000000000000000000000000000000000000000000011000000000000000000000000110000000001100000000000000000000000000000000000000000000000011000000000
0000000000000000000000000000000000000000000000000000000000000001111111000000000000111000000000000000000000000000011000000000000000000000000000000000111000000011000000000000000000000000111111111111000000000000000000000000000000000000000000000000011000000000
0000000000000000000000000000000000000000000000000000000000000011001111110000000001110000000000000000000000000000011000000000000000000000000000000011111100000011000000000000000000000000011111111111000000000000000000000000000000000000000000000000011000000000
0000000000000000000000000000000000000000000000000000000000000111000000111110111111100000000000000000000000000000011000000000000000000000000000001111000110000011000000000000000000000000001000000110000000000000000000000000000000000000000000000000011000000000
0000000000000000000000000000000000000000000000000000000000000110000000011111111111000000000000000000000000000000011000000000000000000000000000001100000111111111111000000000000000000000000000000110000000000000000000000000000000000000000000000000011000000000
0000000000000000000000000000000000000000000000000000000000001100000000000011100111000000000000000000000000000000011000000000000000000000000000000000000011111111111100000000000000000000000000000110000000000000000000000000000000000000000000000000111000000000
0000000000000000000000000000000000000000000000000000000000001100000000000000000011000000000000000000000000000000011000000000000000000000000000000000000000000000001110000000000000000000000000000110000000000000000000000000000000000000000000000000110000000000
0000000000000000000000000000000000000000000000000000000000011100000000000000000011000000000000000000000000000000011000000000000000000000000000000000000000000000001111100000000000000000000000000110000000000000000000000000000000000000000000000001110000000000
0000000000000000000000000000000000000000000000000000000000111000000000000000000011100000000000000000000000000000011000000000000000000000000000000000000000000000001111111110000000000000000000000011000000000000000000000000000000000000000000000001100000000000
0000000000000000000000000000001111110000000000000000000011110000000000000000000001110000000000000000000000000000011000000000000000000000000000000000000000000000001100111111000000000000000000000011111110000000000000000000000000000000000000000011100000000000
0000000000000000000000000000000111111111000000000000000111100000000000000000000000111100000000000000000000000000011000000000000000000000000000000000000000000000001100000011111000000000000000000001111111000000000000000000000000000000000000000111000000000000
0000000000000000000000000000000000001111100000000000011110000000000000000000000000001110000000000000000000000000110000000000000000000000000000000000000000000011111110000000111111000000000000000000000011100000000000000000000000000000000000001110000000000000
0000000000000000000000000000000000000001111000000001111000000000000000000000000000000111011100000000000000000000110000000000000000000000000000000000000000000011111100000000001111100000000000000000000001110000000000000000000000000000000000011100000000000000
0000000000000000000000000000000000000000111111000111110000000000000000000000000000000011111110000000000000000000110000000000000000000000000000000000000000000111000000000000000001100000000000000000000000111000000000000000000000000000000000111000000000000000
0000000000000000000000000000000000000000000111101110000000000000000000000000000000000001110111110000000000001111110000000000000000000000000010000000000001111110000000000000000001100000000000000000000000011100000000000000000000000000000001110000000000000000
0000000000000000000000000000000000000000000001111100000000000000000000000000000000000000000011111000000111011111110000000000000000000000001111100000001111111100000000000000000011000000000000000000000000001100000000000000000000000000000011100000000000000000
0000000000000000000000000000000000000000000001111000000000000000000000000000000000000000000000011100001111111100000000000000000000000000111111110000011110000000000000000000000011000000000000000000000000011000000000000000000000000000000111000000000000000000
0000000000000000000000000000000000000000000000110000000000000000000000000000000000000000000000001100011101111111000000000000000000000011111000011111111000000000000000000000000011100000000000000000000000111000000000011100000000000000011110000000000000000000
0000000000000000000000000000000000000000000001110000000000000000000000000000000000000000000000000110111000000011100000000000000000000001000000001111100000000000000000000000000001111110000000000000000000110000000000111110000000000000111000000000000000000000
0000000000000000000000000000000000000000000001100000000000000000000000000000000000000000000000000111110000000001110000000000000000000000000000000111100000000000000000000000000001111111000000000000011001100000000011110011000000000001110000000000000000000000
0000000000000000000000000000000000000000000011000000000000000000000000000000000000000000000000000011100000000000111000000000000000000000000000000111000000000000000000000000000000000011000000000001111101100000000111000011100000000111100000000000000000000000
0000000000000000000000000000000000000000000111000000000000000000000000000000110000000000000000000000000000000000010000000000000000000000000000000111100000000000000000000000000000000011000000000011111111101111111110000001100000001110000000000000000000000000
0000000000000000000000000000000000000000011110000000000000000000000000000001110000000000000000000000000000000000000000000000000000000000000000000111100000000000000000000000000000000011100000000111000011111111111000000000110000111100000000000000000000000000
0000000000000000000000000000000000000000011100000000000000000000000000000011100000000000000000000000000000000000000000000000000000000000000000000011100000000000000000000000000000000001111111111100000001111000000000000000110001110000000000000000000000000000
0000000000000000000000000000000000000000110000000000000000000000000000000111000000000000000000000000000000000000000000000000000000000000000000000001100000000000000000000000000000000001111111111100000000000000000000000000111011100000000000000000000000000000
0000000000000000000000000000000000000000110000000000000000000000000000001110000000000000000000000000000000000000000000000000000000000000000000000001100000000000000000000000000000000011100000111000000000000000000000000000011111000000000000000000000000000000
0000000000000000000000000000000000000000110000000000000000000000000000001100000000000000000000000000000000000000000000000000000000000000000000000001100000000000000000000000000000000111000000000000000000000000000000000000011110000000000000000000000000000000
0000000000000000000000000000000000000000111000000000000000000000000000011000000000000000000000000000000000000000000000000000000000000000000000000001100000000000000000000000000000000110000000000000000000000000000000000000001100000000000000000000000000000000
0000000000000000000000000000000000000000011110000000000000000000000000011000000000000000000000000000000000000000000000000000000000000000000000000011000000000000000000000000000000001100000000000000000000000000000000000000001100000000000000000000000000000000
0000000000000000000000000000000000000000000111000000000000000000000000110000000000000000000000000000000000000000000000000000000000000000000000000011000000000000000000000000000000011100000000000000000000000000000000000000001100000000000000000000000000000000
0000000000000000000000000000000000000000000011100000000000000000000000110000000000000000000000000000000000000000000000000000000000000000000000000001000000000000000000000000000000011000000000000000000000000000000000000000001100000000000000000000000000000000
0000000000000000000000000000000000000000000001110000000000000000000000110000000000000000000000000000000000000000000000000000000000000000000000000000000000000000000000000000000011111000000000000000000000000000000000000000001100000000000000000000000000000000
0000000000000000000000000000000000000000000000111000000000000000000001100000000000000000000000000000000000000000000000000000000000000000000000000000000000000000000000000000001111111000000000000000000000000000000000000000001100000000000000000000000000000000
0000000000000000000000000000000000000000111110011000000000000000000001100000000000000000000000000000000000000000000000000000000000000000000000000000000000000000000000000011111100011000000000000000000000000000000000000000001100000000000000000000000000000000
0000000000000000000000000000000000000001111111111000000000000000000001100000000000000000000000000000000000000000000000000000000000000000000000000000000000000000000000000011111000011000000000000000000000000000000000000000000110000000000000000000000000000000
0000000000000000000000000000000000000011100011110000000000000000000011000000000000000000000000000000000000000000000000000000000000000000000000000000000000000000000000000000000000110000000000000000000000000000000000000000000110000000000000000000000000000000
0000000000000000000000000000000000000111000000000000000000000000000011000000000000000000000000000000000000000000000000000000000000000000000000000000000000000000000000000000000000110000000000000000000000000000000000000000000110000000000000000000000000000000
0000000000000000000000000000000000000110000000000000000000000000000011000000000000000000000000000000000000000000000000000000000000000000000000000000000000000000000000000000000000110000000000000000000000000000000000000000000110000000000000000000000000000011
0000000000000000000000000000000000000110000000000000000000000000000011000000000000000000000000000000000000000000000000000000000000000000000000000000000000000000000000000000000000010000000000000000000000000000000000000000000110000000000000000000000000001111
0000000000000000000000000000000000000110000000000000000000000000000011000000000000000000000000000000000001110000000000000000000000000000000000000000000000000000000000000000000000000000000000000000000000000000000000000000000011000000000000000000000000111110
0000000000000000000000000000000000000110000000000000000000000000000011000000000000000000000000000000000111100000000000000000000000000000000000000000000000000000000000000000000000000000000000000000000000000000000000000000000011100000000000000000000011110000
0000000000000000000000000000000000001100000000000000000000000000000110000000011000000000000000000000001110000000000000000000000000000000000000000000000000000000000000000000000000000000000000000000000000000000000000000000000001111100000000000000001111000000
0000000000000000000000000000000000011100000000000000000000000000000110000000111100000000000000000000011100000000000000000000000000000000000000000000000000000000000000000000000000000000000000000000000000000000110000000000000000111111100000000000111100000000
0000000000000000000000000000000000111000000000000000000000000000001110000011110000000000000000000000111000000000000000000000000000000000000000000000000000000000000000000000000000000000000000000000000000000000111000100000000000001111111111111111110000000000
0000000000000000000000000000000011110000000000000000000000000000001100001111100000000000000000000011110000000000000000000000000000000000000000000000000000000000000000000000000000000000000000000000000000000000011000110000000000001100011111111111000000000000
0000000000000000000000000000011111100000000000000000000000000000011100011110000000000000000000000111100000000000000000000000000000110000000000000000000000000000000000000000000000000000000000000000000000000000011000110000000000001110000000000000000000000000
0000000000000000000000000001111100000000000000000000000000000000011011111000000000000000000000001111000000000000000000000000100001100000000000000000000000000000000000000000000000000000000000000000000000000000011000110000000000000111000000000000000000000000
0000000000000000000000000111110000000000000000000000000000000000111111110000000000000000000000001100000000000000000000000000110001100000000000000000000000000000000000000000000000000000000000000000000000000000011000110000000000000011100000000000000000000000
0000000000000000000000001110000000000000000000000000000000000000111110000000000000000000000000111000000000000000000000000000110001100000000000000000000000000000000000000000000000000000000000000000000000000000011000110000000000000001110000000000000000000000
0000000000000000000000011100000000000000000000000000000000000000111100000000000000000000000001110000000000000001000000000000110011100000000000000000000000000000000000000000000000000000000000000000000000000000011000110000000000000000110000000000000000000000
0000000000000000000001111000000000000000000000000000000000000000111000000000000000000000000001100000000000000011000000000000110011000000000000000000000000000000000000000000000000000000000000000000000000000000011001100000000000000000011000000000000000000000
0000000000000000000011100000000000000000000000000000000000000000011000000000000000000000000011000000000000000110000000000000110111000010000000000000000000000000000000000000000000000000000000000000000000000000001101110000000000000000011100000000000000000000
0000000000000000000110000000000000000000000000000000000000000000011000000000000000000000000011000000000000001110000000000000110110000010000000000000000000000000000000000000000000000000000000000000000000000000001100110000000000000000001110000000000000000000
0000000000000000000110000000000000000000000000000000000000000000111000000000000000000000000011000000000000001100000000000000111110000110000000000000000000000000000000000000000000000000000000000000000000000111111110111000000000000000000110000000000000000000
0000000000000000001100000000000000000000000000000000000000000000110000000000000000000000000111000000000000011000000000000000111110000110000000000000000000000000000000000000000000000000000000000000000000000111111111111100000000000000000011000000000000000000
0000000000000000001100000000000000000000000000000000000000000000110000000000000000000110000110000000000000011000000000000000011100000110000000000000000000000000000000000000000000000000000000000000000000000000000011111110000000000000000011111111000000000000
0000000000000000000110000000000000000000000000000000000000000000110000000000000000001110000110000000000000111000000000000000001100000110000000000000000000000000000000000000000000000000000000000000000000000000000000000111000000000000000000111111000000000000
0000000000000000000110000000000000000000000000000000000000000000110000000000000000011100000110000000000000110000000100000000001100000110000000000000000000000000000000000000001111000000000000000000000000000000000000000011000000000000000000000011100000000000
0000000000011111110110000000000000000000000000000000000000000001110000000000001111111000000110000000000000111000001100000000011000001110000000000000000000000000000000000000001111100111000000000000000000000000000000000011000000000000000000000001100000000000
0000000000111111111011000000000000000000000000000000000000000011100000000000111111100000001110000000000000011000011100000000011000001100000000000000000000000000000000000000000001101111110000000000000000000000000000000011000000000000000000000001100000000000
0000001111110000011110000000000000000000000000000000000000000011110000000011111000000000001100000000000000111001111000000000011100001100000000000000000000000000000000000000000001111100111000000000000000000000000000000011000000000000000000000000110000000000
0001111111100000011110000000000000000000000000000000000000000011111111001111000000000000001100000000000000110011100000000000011000011000000000000000000000000000000000000000000001111000011100000000000000000000000000000011000000000000000000000000110000000000
0111111000000000011100000000000000000000000000000000000000000111101111111100000000000000001100000000000001111111000000000000011000111000000000001000000000000000000000000000000000000000001100000000000000000000000000000011000000000000000000000000110000000000
1111000000000000111100000000000000000000000000000000000000001110000000111000000000000000001100000000000011111110000000000000011001110000000000011000000000000000000000000000000000000000011100000000000000000000000000000011000000000000000000000000111000000000
1000000000000000110000000000000000000000000000000000000000111100000000000000000000000000011100000000001111000000000000000000110011100000000000011100000000000000000000000000000000000000011110000000000000000000000000000111000000000000000000000000011000000000
0000000000000000110000000000000000000000000000000000000001111000000000000000000000000000111000000000011100000000000000000000110011000000000000001100001100000000000000000000000000000000011111111000000000000000000000000110000000000000000000000000011000000000
0000000000000000110000000000000000000000000000000000000011100000000000000000000000000000110000000001111000000000000000000001111111000000000000001110011100000000000000000000000000000000000011111111000000000000000000000110000000000000000000000000011000000000
0000000000000000110000000000000000000000000000000000000011000000000000000000000000000001100000000011110000000000000000000001111100000000000000000110111000000000000000000000000000000000000000000111110000000000000000001100000000000000000000000000011100000000
0000000000000000110000000000000000000000000000000000000011000000000000000000000000000001100000000111000000000000000000000001110000000000000000000111110000000000000000000000000000000000000000000001110000000000000000001110000000000000000000000000001100000000
0000000000000000110000000000000000000000000000000000000011110000000000000000000000000001100000001110000000000000000000000011000000000000000000000111000000000000000000000000000000000000000000000000011000000000000000000110000000000000000000000000001100000000
0000000000000000110000000000000000000000000000000000000001110000000000000000000000000011100001111100000000000000000000000011000000000000000000000111000000000000000000000000000000000000000000000000111000000000000000000011000000000000000000000000001100000000
0000000000000000011000000000000000000000000000000000000000110000000000000001111000000111000001111000000000000000000000000111000000000000000000000110000000000000000000000000000000000000000000000000111000000000000000000011000000000000000000000000001110000000
0000000000000000011110000000000000000000000000000000001111110000001100000111111100000111111111000000000000000000000000000110000000000000000000000110000000000000000000000000000000000000000000000000111110000000000000000011000000000000000000000000000110000000
0000000000000000001111000000000000000000000000000001111111100000011111111111001111001111111111000000000000000000000000001100000000000000000000001100000000000000000000000000000000000000000000000000001110000000000000000011100000000000000000000000000110000000
0000000000000000000011000000000000000000000000000011111000000001111111111100000111111111000011100000000000000000111100111000000000000000000000011100000000000000000000000000000000000000000000000000000110000000000000000001110000000000000000000000000110000000
0000000000000000000011000000000111100000000000000111111000000011100011111000000001111100000000110000001110001111111111110000000000000000000000011000000000000000000000000000000000000000000000000000001110000000000000000000111000000000000000000000000110000000
0000000000000000000011000000011111111000000000000110011111000011000000011100000000000000000000011110001111111111100111100000000000000000000000011000000000000000000000000000000000000000000000000000011000000000000000000000011000000000000000000000001110000000
0000000000000000000001100000111000111101100000000110000111111111000000001110000000000000000000001111011111110011100010000000000000000000000001110000000000000000000000000000000000000000000000000000011000000000000000000000011000000000000000000000011100000000
0000000000000000000001100001110000001111111100001110000001111110000000000110000000000000000000000011111100000001100000000000000000000000000001100000000000000000000000000000000000000000000000000000011000000000000000000000011100000000000000000000111000000000
0000000000000000000001110011100000000110011111111110000000000000000000000011000000000000000000000001111000000001110000000000000000000000000001100000000000000000000000000000000000000000000000000000001110000000000000000000001100000000000000000000110000000000
0000000000000000000000110011000000000000000111111000000000000000000000000011000000000000000000000000000000000000111000000000000000000000000001100000000000000000000000000000000000000000000000000000001111000000000000000000001100000000000000000001100000000000
0000000000000000000000011111000000000000000000000000000000000000000000000011000000000000000000000000000000000000011100000000000000000000000001100000000000000000000000000000000000000000000000000000000011000000000000000000001100000000000000000011100000000000
0000000000000000111111011110000000000000000000000000000000000000000000000011000000000000000000000000000000000000001100000000000000000000000001100000000000000000000000000000000000000000000000000000000011000000000000000000001100000000000000000011000000000000
0000000000000011111111111100000000000000000000000000000000000000000000000011000000000000000000000000000000000000000110000000000000000000000001100000000000000000000000000000000000000000000000000000000001100000000000000000001110000000000000000110000000000000
0000000000000011100001111100000000000000000000000000000000000000000000000011100000000000000000000000000000000000000011000000000000000000000001100000000000000000000000000000000000000000000000000000000001110000000000000000000111000000000000001110000000000000
0000000000000110000001111100000000000000000000000000000000000000000000000001110000000000000000000000000000000000000000000000000000000000000011100000000000000000000000000000000000000000000000000000000000111000000000000000000111100000000000001100000000000000
0000000000000110000000111100000000000000000000000000000000000000000000000000111100000000000000000000000000000000000000000000000000000000000111000000000000000000000000000000000000000000000000000000000000011110000000000000000001100000000000011000000000000000
0000000000000110000000111000000000000000000000000000000000000000000000000000001110000000000000000000000000000000000000000000000000000000000110000000011100000000000000000000000000000000000000000000000000000111000000000000000000110000000000111000000000000000
0000000000000110000000000000000000000000000000000000000000000000000000000000000000000000000000000000000000000000000000000000000000000000000110000000111000000000000000000000000000000000000000000000000000000011100000000000000000110000000001110000000000000000
0000000000000110000000000000000000000000000000000000000000000000000000000000000000000000000000000000000000000000000000000000000000000000001100000000110000000000000000000000000000000000000000000000000000000011111000000000000000011000000001100000000000000000
0000000000000111100000000000000000000000000000000000000000000000000000000000000000000000000000000000000000000000000000000000000000000000011100000001100000000000000000000000000000000000000000000000000000000000011110000000000000011100000011100000000000000000
0000000000000011110000000000000000000000000000000000000000000000000000000000000000000000000000000000000000000000000000000000000000000000011000000011100000000000000000000000000000000000000000000000000000000000000111000000000000001100000111000000000000000000
0000000000000000110000000000000000000000000000000000000000000000000000000000000000000000000000000000000000000000000000000000000000000000011100000011000000000000000000000000000000000000000000000000000000000000000011000000000000001100000110000000000000000000
0000000000000000110000000000000000000000000000000000000000000000000000000000000000000000000000000000000000000000000000000000000000000000001100000110000000000000000000000000000000000000000000000000000000000000000011000000000000001100001110000000000000000000
0000000000000000011000000000000000000000000000000000000000000000000000000000000000000000000000000000000000000000000000000000000000000000001100001110000000000000000000000000000000000000000000000000000000000000000011100000000000001100011100000000000000000000
0000000000000000011000000000000000000000000000000000000000000000000000000000011100000000000000000000000000000000000000000000000000000000000110001100000000000000001000000000000000000000000000000000000000000000000001100000000000001100011000000000000000000000
0000000000000000011000000000000000000000000000000000000000000000000000000011111100000000000000000000000000000000000000000000000000000000000111111000000000000000001100000000000000000000000000000000000000000000000001110000000000011000110000000000000000000000
0000000000000000011000000000000000000000000001110000000000000000000000011111100000000000000000000000000000000000000000000000000000000000000011110000000000000000001100000000000000000000000000000000000000000000000000111000000000011000110000000000000000000000
0000000000000000011000000000000000000000000011111100000000000000000000111100000000000000000000000000000000000000000000000000000000000000000011000000000000000000001100000000000000000000000000000000000000000000000000011111111000011001100000000000000000000000
0000000000000000011000000000000000000000000011011110000000000000000001110000000000000000000000000000000000000000000000000000000000000000000011000000000000000000001110000000000000000000000000000000000000000000000000001111111100011001100000000000000000000000
0000000000000000011000000000000000000000000011000111111100000000000011100000000000000000000000000000000000000000000000000000000000000000000011000000000000000000000110000000000000000000000000000000000000000000000000000000001100011001100000000000000000000000
0000000000000000001100000000000000000000000001100011111110001000111111000000000000000000000000000000000000000000000000000000000000000000000011000000000000000000000110000000000000000000000000000000000000000000000000000000000111111111100000000000000000000000
0000000000000000001100000000000000000000000001100000000111111111111110000000000000000000000000000000000000000000000000000000000000000000000001100000000000000000000110000000000000000000000000000000000000000000000000000000000111111111100000000000000000000000
0000000000000000001110000000000000000000000011000000000011111111001100000000000000000000000000000000000000000000000000000000000000000000000001100000000000000000000110000000000000000000000000000000000000000000000000000000000011111011000000000000000000000000
0000000000000000000110000000000000000000000011000000000000000110000000000000000000000000000000000000000000000000000000000000000000000000000001100000000000000000000110000000000000000000000000000000000000000000000000000000000001111011000000000000000000000000
0000000000000011100110000000000000000000000011000000000000000111000000000000000000000000000000000000000000000000000000000000000000000000000001100000000000000000000110000000000000000000000000000000000000000000000000000000000000111011000000000000000000000000
0000000000000111111110000000000000000000000111000000000000000000000000000000000000000000000000000000000000000000000000000000000000000000000001100000000000000000000110000000000000000000000000000000000000000000000000000000000000111111000000000000000000000000
0000000000001110011100000000000000000000011110000000000000000000000000000000000000000000000000000000000000000000000000000000000000000000000001100000000000000000000110000000000000000000000000000000000000000000000000000000000000111110000000000000000000000000
0000000000001110000000000000000000000000111100000000000000000000000000000000000000000000000000000000000000000000000000000000000000000000000001100000000000000000000110000000000000000000000000110000000000000000000000000000000000011110000000000000000000000000
0000000000000111000000000000000000000011100000000000000000000000000000000000000000000000000000000000000000000000000000000000000000000000000001110000000000000000000110000000000000000000000001111000000000000000000000000000000000011111000000000000000000000000
0000000000000011100000000000000000000111000000000000000000000000000000000000000000000000000000000000000000000000000000000000000000000000000000110000000000000000000110000000000000000000000011111000000000000000000000000000000000001111000000000000000000000000
0000000000000001110000000000000000001110000000000000000000000000000000000000000000000000000000000000000000000000000000000000000000000000000000011000000000000000000110000000000000000000000111011000000000000000000000000000000000001111000000000000000000000000
0000000000000000111000000000000000011100000000000000000000000000000000000000000000000000000000000000000000000000000000000011000000000000000000011000000000000000001110000000000000000000001110011000000000000000000000000000000000001111000000000000000000000000
0000000000000000001100000000000001110000000000000000000000000000000000000000000000000000000000000000000000000000000000000011000000000000000000001100000000000000001100000000000000000000001100011000000000000000000000000000000000001111000000000000000000000000
0000000000000000001100000000000011100000000000000000000000000000000000000000000000000000000000000000000000000000000000000001100000000000000000001100000000000000011000000000000000000000011000011000000000000000000000000000000000001111000000000000000000000000
0000000000000000001110000000000111000000000000000000000000000000000000000000000000000000000000000000000000000000000000000001100000000000000000000111000000000000111000000000000000000000111000011000000000110000000000000000000000001111000000000000000000000000
0000000000000000000110000000001110000000000000000000000000000000000000000000000000000000000000000000000000000000000000000001100000000000000000000011000000000000110000000000000000000000110000011000000000110000000000000000000000000110000000000000000000000000
0000000000000000000110000000011110000000000000000000000000000000000000000000000000000000000000000000000000000000000000000000110000000000000000000001100000000000110000000000000000000001110000001100000001100000000000001100000000000111000000000000000000000000
0000000000000000000110000001111111000000000000000000000000000000000000000000000000000000000000000000000000000000000000000000011000000000000000000001100000000000111000000000000000000011100000001100000011100000000000001100000000001111000000000000000000000000
0000000000000000000110000111100011100000000000000000000000000000000000000000000000000000000000000000000000000000000000000000011100000000000000000001110000000000011000000000000000000111000000001100000111000000000000001100000000001111100000000000000000000000
0000000000000000000110001111000001110000000000000000000000000000000000000000000000000000000000000000000000000000000000000000000111000000000000000000111000000000001100000000000000001110000000001110111110000000000000001100000000011001100000000000000000000000
0000000000000000000110011100000000111111111111011110000100000000011110000000000000000000000000000000000000000000000000000000000011110000000000000000011000000000001110000000000000011100000000000111111100000000000000001100000000011001100000000000000000000000
0000000000000000000011111000000000111111111111111111111111111111111110000000000000000000000000000000000000000000000000000000000001111000000000000000011000000000000110000000000000111000000000000111000000000000000000001100000000110001100000000000000000000000
0000000000000000000011110000000000000000000001100011111011111111100000000000000000000000000000000000000000000000000000000000000000011000000000000000001100000000000111000000000011110000000000001111000000000000000000001100000001110001100000000000000000000000
0000000000000000000011000000000000000000000000000000000000000000000000000000000000000000000000000000000000000000000000000000000000011000000000000000001100000000000011000000001111100000000000011111000000000000000000001100000001100000110000000000000000000000
0000000000000000000011000000000000000000000000000000000000000000000000000000000000000000000000000000000000000000000000000000000000011000000000000000011000000000000011000001111110000000000000111110000000000000000000001100000011100000110000000000000000000000
0000000000000000000011000000000000000000000000000000000000000000000000000000000000000000000000000000000000000000000000000000000000011000000000000000011000000000000011100011111000000000000001110110000000000000000000001100000011000000110000000000000000000000
0000000000000000000111000000000000000000000000000000000000000000000000000000000000000000000000000000000000000000000000000000000000011000000000000000011000000000000001110000000000000000000011100110000000000000000000011100000111000000011000000000000000000000
0000100000000000000110000000000000000000000000000000000000000000000000000000000000000000000000000000000000000000000000000000000000011000000000000000011000000000000000111100000000000000001111000110000000000000000000011000000110000000011000000000000000000000
0011111000000000000110000000000000000000000000000000000000000000000000000000000000000000000000000000000000000000000000000000000000011000000000000000011000000000000000011111000000000000011100000110000000000000000000011000001100000000001100000000000000000000
0011111100000000000110000000000000000000000000000000000000000000000000000000000000000000000000000000000000000000000000000000000000011000000000000000011000000000000000001111100000000000111000000110000000000000000000011000011100000000001100000000000000000000
0011000110000000000110000000000000000000000000000000000000000000000000000000000000000000000000000000000000000000000000000000000000011100000000000000111000000000000000000111110000000011110000000110000000000000000000011001111000000000001100000000000000000000
0111000110000000001100000000000000000000000000000000000000000000000000000000000000000000000000000000000000000000000000000000000000001100000000000001110000000000000000000110111000000111000000001110000000000000000000011111100000000000001100000000000000000000
1110000110000000001100000000000000000000000000000000000000000000000000000000000000000000000000000000000000000000000000000000000000001100000000000011100000000000000000000111011110011110000000001100000000000000000000111110000000000000001100000000000000000000
1100000110000000001100000000000000000000000000000000000000000000000000000000000000000000000000000000000000000000000000000000000000001110000000000011000000000000000000000011001111111000000000001100000000000000000011111000000000000000001100000000000000000000
1000000110000000001100000000000000000000000000000000000000000000000000000000000000000000000000000000000000000000000000000000000000000110000000000110000000000000000000000011000011110000000000001100000000000000001111111000000000000000001100000000000000000000
0000001110000000001100000000000000000000000000000000000000000000000000000000000000000000000000000000000000000000000000000000000000000110000000000110000000000000000000000001100111110000000000001100000000000000011110011000000000000000001100000000000000000000
0000001100000000001100000000000000000000000000000000000000000000000000000000000000000000000000000000000000000000000000000000000000000110000000000110000000000000000000000001101110011000000000001100000000000001111000001100000000000000001100000000000000000000
0000011100000000001100000000000000000000000000000000000000000000000000000000000000000000000000000000000000000000000000000000000000000110000000000110000000000000000000000001111100011100000000001100000000000011110000001100000000000000011000000000000000000000
0000011000000000011100000000000000000000000000000000000000000000000000000000000000000000000000000000000000110000000000000000001000000110000000001110000000000000000000000001111100001100000000001100000000000111000000001100000000000000011000000000000000000000
0000111000000000111000000000000000000000000000000000000000000000000000000000000000000000000000000000000000111111111110000000011000000110000000001100000000000000000000000111111000001110000000001100000000001110000000001110000000000000011000000000000000000000
0000110000000001110000000000000000000000000000000000000000000000000000000000000000000000000000000000000000011111111111000000011000000110000000001100000000000000000000111111111000000110000000001100000000011100000000001111000000000000110000000000000000000000
0000110000000111100000000000000000000000000000000000000000000000000000000000000000000000000000000000000000000000000011000000011000000011000000001100000000000000000011111000011000000011000000001100000001111000000000000011100000000000110000000000000000000000
0001100000001110000000000000000000000000000000000000000000000000000000000000000000000000000000000000000000000000000011000000110000000011000000001100000000000000000111100000011100000011000000001100000011100000000000000001100000000001110000000000000000000000
0000110000111100000000000000000000000000000000000000000000000000000000000000000000000000000000000000000000000000000001100000110000000011100000011000000000000000001110000000001100000011000000001100000111000000000000000001100000000001100000000000000000000000
0000111111111000000000000000000000000000000000000000000000000000000000000000000000000000000000000000000000000000000001100000110000000001111100011000000000000000011100000000001100000011000000001110001110000000000000000001100000000001100000000000000000000000
0000001111100000000000000000000000000000000000000000000000000000000000000000000000000000000000000000000000000000000001110000110000000000011111011000000000000000111000000000000110000011000000000110111100000000000000000001100000000011000000000000000000000000
0000000000000000000000000000000000000000000000000000000000000000000000000000000000000000000000000000000000000000000000110001100000000000000011111000000000000001110000000000000110000011000000000111110000000000000000000001100000000011000000000000000000000000
0000000000000000000000000000000000000000000000000000000000000000000000000000000000000000000000000000000000000000000000110001100000000000000011111000000000000111100000000000000111000011000000000111100000000000000000000001100000000111000000000000000000000000
0000000000000000000000000000000000000000000000000000000000000000000000000000000000000000000000000000000000000000000000011001100000000000000001111000000000011111000000000000000011000011000000111111000000000000000000000001100000000110000000000000000000000000
0000000000000000000000000000000000000000000000000000000000000000000000000000000000000000000000000000000000000000000000011001100000000000000001111111111111111100000000000000000011000001101111111111100000000000000000000001100000011110000000000000000000000000
0000000000000000000000000000000000000000000000000000000000000000000000000000000000000000000000000000000000000000000000011011000000000000000001111111111111100000000000000000000001100000111111000001100000000000000000000001100011111000000000000000000000000000
0000000000000000000000000000000000000000000000000000000000000000000000000000000000000000000000000000000000000000000000011111000000000000000001111000000000000000000000000000000001100111111000000000110000000000000000000001111111100000000000000000000000000000
0000000000000000000000000000000000000000000000000000000000000000000000000000000000000000000000000000000000000000000000011111000000000000000011111000000000000000000000000000000001111111000000000000110000000000000000000001111110000000000000000000000000000000
0000000000000000000000000000000000000000000000000000000000000000000000000000000000000000000000000011100000000000000000011110000000000000000111110000000000000000000000000000000000111100000000000000011000000000000000000001110000000000000000000000000000000000
0000000000000000000000000000000000000000000000000000000000000000000000000000000000000000000000000001110000000000000000011000000000000000000110110000000000000000000000000000000000111000000000000000011000000000000000000001100000000000000000000000000000000000
0000000000000000000000000000000000000000000000000000000000000000000000000000000000000000000000000000111000000000000000011000000000000000001100110000000000000000000000000000000000111000000000000000011000000000000000000001100000000000000000000000000000000000
0000000000000000000000000000000000000000000000000000000000000000000000000000000000000000000000000000011110000000000000110000000000000000011100011000000000000000000000000000000000110000000000000000011100000000000000000001100000000000000000000000000000000000
0000000000000000000000000000000000000000000000000000000000000000000000000000000000000000000000000000000111110000000000110000000000000000011000011100000000000000000000000000000001110000000000000000001110000000000000000001100000000000000000000000000000000000
0000000000000000000000000000000000000000000000000000000000000000000000000000000000000000000000000000000001111000000001110000000000000000110000001111000000000000000000000000000111110000000000000000001111000000000000000001110000000000000000000000000000000000
0000000000000000000000000000000000000000000000000000000000000000000000000000000000000000000000000000000000011100000001100000000000000001110000000111100000000000000000000001111111110000000000000000001111100000000000000000110000000000000000000000000000000000
0000000000000000000000000000000000000000000000000000000000000000000000000000000000000000000000000000000000001100000001100000000000000011100000000001100000000000000000000111111000110000000000000000001111110000000000000000110000000000000000000000000000000000
1111000000000000000000000000000000000000000000000000000000000000000000000000000000000000000000000000000000000110000011000000000000001111000000000000110000000000000000111111000000110000000000000000000110111000000000000000011000000000000000000000000000000000
1111000000000000000000000000000000000000000000000000000000000000000000000000000000000000000000000000000000000111000011000001000001111100000000000000111000000000000111111011000000011000000000000000000110011100000000000000011110000000000000000000000000000000
0000000000000000000000000000000000000000000000000000000000000000000000000000000000000000000000000000000000000011100110000111111111111000000000000000011000000011111111000011000000011000000000000000000110001110000000000000001111000000000000000000000000000001
0000000000000000000000000000000000000000000000000000000000000000000000000000000000000000000000000000000000000001111110011111111110000000000000000000001111111111111000000001100000011000000000000000000110000011000000000000000011110000000000000000000000000011
0000000000000000000000000000000000000000000000000000000000000000000000000000000000000000000000000000000000000000111100111000000000000000000000000000111111111100000000000001100000011000000000000000000110000011100000000000000000110000000000000000000000000011
0000000000000000000000000000000000000000000000000000000000000000000000000000000000000000011000000000000000000000011100110000000000000000000000000111111111000000000000000001100000011000000000000000000110000001100000000000000000011000000000000000000000000011
0000000000000000000000000000000000000000000000000000000000000000000000000000000000000000011100000000000000000000011001100000000000000000000000111111000011000000000000000001100000011000000000000000000110000000110000000000000000011100000000000000000000000001
0000000000000000000000000000000000000000000000000000000000000000000000000000000000000000001100000000000000000000011011100000000000000000000111111000000011000000000000000001100000011000000000000000000011000000111000000000000000001110000000000000000000000001
0000000000000000000000000000000000000000000000000000000000000000000000000011111111100000001111111100001111000000110011000000000000000000001111000000000011000000000000000001100000011000000000000000000011000000011100000000000000000110000000000000000000000000
0000000000000000000000000000000000000000000000000000000000000000000000001111111111110000000011111111111111000001110110000000000000000000011000000000000011000000000000000001100000011000000000000000000011000000001110000000000000000011000000000000000000000000
0000000000000000000000000000000000000000000000000000000000000000000000011100000000111000000000000111111001100001100110000000000000000000011000000000000011000000000000000001100000011000000000000000000011000000000111000000000000000011100000000000000000000000
0000000000000000000000000000000000000000000000000000000000000000000001111000000000011100000000000001000001100011101100000000000000000000011000000000000001100000000000000001100000001100000000000000000011100000000011100000000000000001110000000000000000000000
0000000000000000000000000000000000000000000000000000000000000000000011100000000000001100000000000000000000110011011100000000000000000000110000000000000001100000000000000001100000001100000000000000000001110000000001110000000000000000111000000000000000000000
0000000000000000000000000000000000000000000000000000000000000000001111000000000000001100000000000000000000110011011000000000000000000000110000000000000001100000000000000001100000001100000000000000000000110000000000111100000000000000011100000000000000000000
0000000000000000000000000000000000000000000000000000000000000000011100000000000000001100000000000000000000011110110000000000000000000001100000000000000011000000000000000001100000001100000000000000000000110000000000001111111000000000001110000000000000000000
0000000000000000000000000000000000000000000000000000000000000000111000000000000000011000000000000000000000011111110000000000000000000011100000000000000011000000000000000001100000001100000000000000000000110000000000000011111111000000000111000000000000000000
0000000000000000000000000000000000000000000000000000000000000011110000000000000000011000000000000000000000001111100000000000000000000011000000000000000011000000000000000001100000001100000000000000000000011000000000000001101111111000000001100000000000000000
0000000000000000000000000000000000000000000000000000000000000111000000000000000000001100000000000000000000001111100000000000000000001110000000000000000011000000000000000001110000001100000000000000000000011000000000000011000000111100000000111000000000000000
0000000000000000000000000000000000000000000000000000000000011110000000000000000000011110000000000000000000011111111000000000000000011100000000000000000011000000000000000000110000001100000000000000000000011000000000000011000000001100000000011100000000000000
0000000000000000000000000000000000000000000000000000000000111000000000000000000000001111100000000000000000111110111100000000000000111000000000000000000011000000000000000000110000000110000000000000000000011000000000000011000000001100000000001110000000000000
0000000000000000000000000000000000000000000000000000000011110000000000000000000000000001111110000000000000111110001111000000000000110000000000000000000011100000000000000000011000000110000000000000000000001100000000000111000000001100000000000111000000000000
0000000000000000000000000000000000000000000000000000000111000000000000000000000000000000011110000000000001101100000111111111110011100000000000000000000001100000000000000000011000000111000000000000000000001100000000000110000000001100000000000011100000000000
0000000000000000000000000000000000000000000000000000011110000000000000000000000000000000000011000000000011101100000000111111111111000000000000000000000001100000000000000000011000000011000000000000000000001100000000000110000000001100000000000001110000000000
0000000000000000000000000000000000000000000000000000111000000000000000000000000000000000000011111111111111001100000000000000001110000000000000000000000001100000000000000000011000000011000000000000000000001100000000001100000000001100000000000000011000000000
0000000000000000000000000000000000000000000000000001110000000000000000000000000000000000000001111111111110001100000000000000000000000000000000000000000001100000000000000000011000000011000000000000000000001100000000011100000000001100000000000000001100000000
