1011100000000000000000000001110001111000000000000000000000000000000000000000000000000000000000000000000000000000000000000000000000000000000011000000000000000000000000011111100000110000000000000000000000000000000000000000000000000000000000000000000000000000
1111110000000000000000000001100000000000000000000000000000000000000000000000000000000000000000000000000000000000000000000000000000000000000001100000000000000000000000111100000000000000000000000000000000000000000000000000000000000000000000000000000000000000
0100111001000000000000000011100000000000000000000000000000000000000000000000000000000000000000000000000000000000000000000000000000000000000001111110000000001110000001110000000000000000000000000000000000000000000000000000000000000000000000000000000000000000
0000110011100100000000001111100000000000000000000000000000000000000000000000000000000000000000000000000000000000000000000000000000000000000000011111100101111111100011100000000000000000000000000000000000000000000000000000000000000000000000000000000000000000
0000111111111111111111111111000000000000000000000000000000000000000000000000000000000000000000000000000000000000000000000000000000000000000000000011111111110001110011000000000000000000000000000000000000000000000000000000000000000000000000000000000000000000
0000011111111011111111111000000000000000000000000000000000000000000000000000000000000000000000000000000000000000000000000000000000000000000000000000011110000000111111000000000000000000000000000000000000000000000000000000000000000000000000000000000000000000
0000000000000000000000000000000000000000000000000000000000000000000000000000000000000000000000000000000000000000000000000000000000000000000000000000000000000000001111000000000000000000000000000000000000000000000000000000000000000000000000000000000000000000
0000000000000000000000000000000000000000000000000000000000000000000000000000000000000000000000000000000000000000000000000000000000000000000000000000000000000000000011110000111111000000000000000000000000000000000000000000000000000000000000000000000000000000
0000000000000000000000000000000000000000000000000000000000000000000000000000000000000000000000000000000000000000000000000000000000000000000000000000000000000000000000111111111111110000000000000000000000000000000000000000000000000000000000000000000000000000
0000000000000000000000000000000000000000000000000000000000000000000000000000000000000000000000000000000000000000000000000000000000000000000000000000000000000000000000011111100001110000000000000000000000000000000000000000000000000000000000000000000000000000
0000000000000000000000000000000000000000000000000000000000000000000000000000000000000000000000000000000000000000000000000000000000000000000000000000000000000000000000000101000000110000000000000000000000000000000000000000000000000000000000000000000000000000
0000000000000000000000000000000000000000000000000000000000000000000000000000000000000000000000000000000000000000000000000000000000000000000000000000000000000000000000000000000001110000000000000000000000000000000000000000000000000000000000000000000000000000
0000000000000000000000000000000000000000000000000000000000000000000000000000000000000000000000000000000000000000000000000000000000000000000000000000000000000000000000000000000011100000000000000000000000000000000000000000000000000000000000000000000000000000
0000000000000000000000000000000000000000000000000000000000000000000000000000000000000000000000000000000000000000000000000000000000000000000000000000000000000000000000000000000111000000000000000000000000000000000000000000000000000000000000000000000000000000
0000000000000000000000000000000000000000000000000000000000000000000000000000000000000000000000000000000000000000000000000000000000000000000000000000000000000000000000000000001110000000000000000000000000000000000000000000000000000000000000000000000000000000
0000000000000000000000000000000000000000000000000000000000000000000000000000000000000000000000000000000000000000000000000000000000000000000000000000000000000000000000000000001100000000000000000000000000000000000000000000000000000000000000000000000000000000
0000000000000000000000000000000000000000000000000000000000000000000000000000000000000000000000000000000000000000000000000000000000000000000000000000000000000000000000000000001100000000000000000000000000000000000000000000000000000000000000000000000000000000
0000000000000000000000000000000000000000000000000000000000000000000000000000000000000000000000000000000000000000000000000000000000000000000000000000000000000000000000000000001110000000000000000000000000000000000000000000000000000000000000000000000000000000
0000000000000000000000000000000000000000000000000000000000000000000000000000000000000000000000000000000000000000000000000000000000000000000000000000000000000000000000000000000110000000000000000000000000000000000000000000000000000000000000000000000000000000
0000000000000000000000000000000000000000000000000000000000000000000000000000000000000000000000000000000000000000000000000000000000000000000000000000000000000000000000000000000011000000000000000000000000000000000000000000000000000000000000000000000000000000
0000000000000000000000000000000000000000000000000000000000000000000000000000000000000000000000000000000000000000000000000000000000000000000000000000000000000000000000000000000011000000000000000000000000000000000000000000000000000000000000000000000000000000
0000000000000000000000000000000000000000000000000000000000000000000000000000000000000000000000000000000000000000000000000000000000000000000000000000000000000000000000000000000011000000000000000000000000000000000000000000000000000000000000000000000000000000
0000000000000000000000000000000000000000000000000000000000000000000000000000000000000000000000000000000000000000000000000000000000000000000000000000000000000000000000000000000110000000000000000000000000000000000000000000000000000000000000000000000000000000
0000000000000000000000000000000000000000000000000000000000000000000000000000000000000000000000000000000000000000000000000000000000000000000000000000000000000000000000000000000110000000000000000000000000000000000000000000000000000000000000000000000000000000
0000000000000000000000000000000000000000000000000000000000000000000000000000000000000000000000000000000000000000000000000000000000000000000000000000000000000000000000000000000110000000000000000000000000000000000000000000000000000000000000000000000000000000
0000000000000000000000000000000000000000000000000000000000000000000000000000000000000000000000000000000000000000000000000000000000000000000000000000000000000000000000000000000110000000000000000000000000000000000000000000000000000000000000000000000000000000
0000000000000000000000000000000000000000000000000000000000000000000000000000000000000000000000000000000000000000000000000000000000000000000000000000000000000000000000000000000110000000000000000000000000000000000000000000000000000000000000000000000000000000
0000000000000000000000000000000000000000000000000000000000000000000000000000000000000000000000000000000000000000000000000000000000000000000000000000000000000000000000000000001110000000000000000000000000000000000000000000000000000000000000000000000000000000
0000000000000000000000000000000000000000000000000000000000000000000000000000000000000000000000000000000000000000000000000000000000000000000000000000000000000000000000000000001100000000000000000000000000000000000000000000000000000000000000000000000000000000
0000000000000000000000000000000000000000000000000000000000000000000000000000000000000000000000000000000000000000000000000000000000000000000000000000000000000000000000000000001110000000000000000000000000000000000000000000000000000000000000000000000000000000
0000000000000000000000000000000000000000000000000000000000000000000000000000000000000000000000000000000000000000000000000000000000000000000000000000000000000000000000000000000110000000000000000000000000000000000000000000000000000000000000000000000000000000
0000000000000000000000000000000000000000000000000000000000000000000000000000000000000000000000000000000000000000000000000000000000000000000000000000000000000000000000000000001100000000000000000000000000000000000000000000000000000000000000000000000000000000
0000000000000100000000000001111111100000000000000000000000000000000000000000000000000000000000000000000000000000000000000000000000000000000000000000000000000000000000000000001100000000000000000000000000000000000000000000000000000000000000000000000000000000
0000000000001111000000001111111111110000000000000000000000000000000000000000000000000000000000000000000000000000000000000000000000000000000000000000000000000000000000000000001100000000000000000000000000000000000000000000000000000000000000000000000000000000
0000000001111111111111111111110000111000000000000000000000000000000000000000000000000000000000000000000000000000000000000000000000000000000000000000000000000000000000000000000110000000000000000000000000000000000000000000000000000000000000000000000000000000
0000001111111001111111110000000000011000000000000000000000000000000000000000000000000000000000000000000000000000000000000000000000000000000000000000000000000000000000000000000111000000000000000000000000000000000000000000000000000000000000000000000000000000
0000111111000000010000000000000000001100000000000000000000000000000000000000000000000000000000000000000000000000000000000000000000000000000000000000000000000000000000000000000011100000000000000000000000000000000000000000000000000000000000000000000000000000
0011110000000000000000000000000000001110000000000000000000000000000000000000000000000000000000000000000000000000000000000000000000000000000000000000000000000000000000000000000001100000000000000000000000000000000000000000000000000000000000000000000000000000
1111100000000000000000000000000000000111000000000110000000000000000000000000000000000000000000000000000000000000000000000000000000000000000000000000000000000000000000000000000011100000000000000000000000000000000000000000000000000000000000000000000000000000
1100000000000000000000000000000000000011110001111111100000000000000000000000000000000000000000000000000000000000000000000000000000000000000000000000000000000000000000000000000111000000000000000000000000000000000000000000000000000000000000000000000000000000
0000000000000000000000000000000000000000111111111101111000000000000000000000000000000000000000000000000000000000000000000000000000000000000000000000000000000000000000000000011100000000000000000000000000000000000000000000000000000000000000000000000000000000
0000000000000000000000000000000000000000001110000000111100000000000000000000000000000000000000000000000000000000000000000000000000000000000000000000000000000000000000000000111000000000000000000000000000000000000000000000000000000000000000000000000000000000
0000000000000000000000000000000000000000000000000000001110000000000000000000000000000000000000000000000000000000000000000000000000000000000000000000000000000000000000000001110000000000000000000000000000000000000000000000000000000000000000000000000000000000
0000000000000000000000000000000000000000000000000000000011000000000000000000000000000000000000000000000000000000000000000000000000000000000000000000000000000000000000000011100000000000000000000000000000000000000000000000000000000000000000000000000000000000
0000000000000000000000000000000000000000000000000000000011000000000000000000000000000000000000000000000000000000000000000000000000000000000000000000000000000000000000000011000000000000000000000000000000000000000000000000000000000000000000000000000000000000
0000000000000000000000000000000000000000000000000000000011100000000000000000000000000000000000000000000000000000000000000000000000000000000000000000000000000000000000000011000000000000000000000000000000000000000000000000000000000000000000000000000000000000
0000000000000000000000000000000000000000000000000000000001110000000000000000000000000000000000000000000000000000000000000000000000000000000000000000000000000000000000000111000000000000000000000000000000000000000000000000000000000000000000000000000000000000
0000000000000000000000000000000000000000000000000000000000111100000000000000000000000000000000000000000000000000000000000000000000000000000000000000000000000000000000000110000000000000000000000000000000000000000000000000000000000000000000000000000000000000
0000000000000000000000000000000000000000000000000000000000011111000000000000000000000000000000000000000000000000000000000000000000000000000000000000000000000000000000000011000000000000000000000000000000000000000000000000000000000000000000000000000000000000
0000000000000000000000000000000000000000000000000000000000000011000000000000000000000000000000000000000000000000000000000000000000000000000000000000000000000000000000000011000000000000000000000000000000000000000000000000000000000000000000000000000000000000
0000000000000000000000000000000000000000000000000000000000000001100000000000000000000000000000000000000000000000000000000000000000000000000000000000000000000000000000000011110000000000000000000000000000000000000000000000000000000000000000000000000000000000
0000000000000000000000000000000000000000000000000000000000000001110000000000000000000000000000000000000000000000000000000000000000000000000000000000000000000000000000000000111000000000000000000000000000000000000000000000000000000000000000000000000000000000
0000000000000000000000000000000000000000000000000000000000000000111000000000000000000000000000000000000000000000000000000000000000000000000000000000000000000000000000000000001100000000000000000000000000000000000000000000000000000000000000000000000000000000
0000000000000000000000000000000000000000000000000000000000000000011111100000000100000000000000000000000000000000000000000000000000000000000000000000000000000000000000000000001100000000000000000000000000000000000000000000000000000000000000000000000000000000
0000000000000000000000000000000000000000000000000000000000000000000111111111111111000000000000000000000000000000000000000000000000000000000000000000000000000000000000000000000110000000000000000000000000000000000000000000000000000000000000000000000000000000
0000000000000000000000000000000000000000000000000000000000000000000000011111111111000000000000000000000000000000000000000000000000000000000000000000000000000000000000000000000110000000000000000000000000000000000000000000000000000000000000000000000000000000
0000000000000000000000000000000000000000000000000000000000000000000000000000000000000000000000000000000000000000000000000000000000000000000000000000000000000000000000000000000011000000000000000000000000000000000000000000000000000000000000000000000000000000
0000000000000000000000000000000000000000000000000000000000000000000000000000000000000000000000000000000000000000000000000000000000000000000000000000000000000000000000000000000011000000000000000000000000000000000000000000000000000000000000000000000000000000
0000000000000000000000000000000000000000000000000000000000000000000000000000000000000000000000000000000000000000000000000000000000000000000000000000000000000000000000000000000011000000000000000000000000000000000000000000000000000000000000000000000000000000
0000000000000000000000000000000000000000000000000000000000000000000000000000000000000000000000000000000000000000000000000000000000000000000000000000000000000000000000000000000011000000000000000000000000000000000000000000000000000000000000000000000000000000
0000000000000000000000000000000000000000000000000000000000000000000000000000000000000000000000000000000000000000000000000000000000000000000000000000000000000000000000000000000011000000000000000000000000000000000000000000000000000000000000000000000000000000
0000000000000000000000000000000000000000000000000000000000000000000000000000000000000000000000000000000000000000000000000000000000000000000000000000000000000000000000000000000011000000000000000000000000000000000000000000000000000000000000000000000000000000
0000000000000000000000000000000000000000000000000000000000000000000000000000000000000000000000000000000000000000000000000000000000000000000000000000000000000000000000000000000001100000000000000000000000000000000000000000000000000000000000000000000000000000
0000000000000000000000000000000000000000000000000000000000000000000000000000000000000000000000000000000000000000000000000000000000000000000000000000000000000000000000000000000001110000000000000000000000000000000000000000000000000000000000000000000000000000
0000000000000000000000000000000000000000000000000000000000000000000000000000000000000000000000000000000000000000000000000000000000000000000000000000000000000000000000000000000000111100000000000000000000000000000000000000000000000000000000000000000000000000
0000000000000000000000000000000000000000000000000000000000000000000000000000000000000000000000000000000000000000000000000000000000000000000000000000000000000000000000000000000000011111111111110111000000000000000000000000000000000000000000000000000000000000
0000000000000000000000000000000000000000000000000000000000000000000000000000000000000000000000000000000000000000000000000000000000000000000000000000000000000000000000000000000000000011111111111111111000000000000000000000000000000000000000000000000000000000
0000000000000000000000000000000000000000000000000000000000000000000000000000000000000000000000000000000000000000000000000000000000000000000000000000000000000000000000000000000000000000000000001100111110000000000000000000000000000000000000000000000000000000
0000000000000000000000000000000000000000000000000000000000000000000000000000000000000000000000000000000000000000000000000000000000000000000000000000000000000000000000000000000000000000000000000000000111100000000000000000000000000000000000000000000000000000
0000000000000000000000000000000000000000000000000000000000000000000000000000000000000000000000000000000000000000000000000000000000000000000000000000000000000000000000000000000000000000000000000000000001110000000000000000000000000000000000000000000000000000
1111100000000000000000000000000000000000000000000000000000000000000000000000000000000000000000000000000000000000000000000000000000000000000000000000000000000000000000000000000000000000000000000000000000011000000111111100000000000000000000000000000000000000
1111111000000000000000000000000000000000000000000000000000000000000000000000000000000000000000000000000000000000000000000000000000000000000000000000000000000000000000000000000000000000000000000000000000001111111111111000000000000000000000000000000000000000
0000011000000000000000000000000000000000000000000000000000000000000000000000000000000000000000000000000000000000000000000000000000000000000000000000000000000000000000000000000000000000000000000000000000001111111100000000000000000000000000000000000000000000
0000001100000000000000000000000000000000000000000000000000000000000000000000000000000000000000000000000000000000000000000000000000000000000000000000000000000000000000000000000000000000000000000000000000000011100000000000000000000000000000000000000000000000
0000001110000000000000000000000000000000000000000000000000000000000000000000000000000000000000000000000000010000000000000000000000000000000000000000000000000000000000000000000000000000000000000000000000000000000000000000000000000000000000000000000000000000
0000000110000000000000000000000000000000000000000000000000000000000000000000000000000000000000000000000000110000000000000000000000000000000000000000000000000000000000000000000000000000000000000000000000000000000000000000000000000000000000000000000000000000
0000000110000000000000000000000000000000000000000000000000000000000000000000000000000000000000000000000000110000000000000000000000000000000000000000000000000000000000000000000000000000000000000000000000000000000000000000000000000000000000000000000000000000
0000000011000000000000000000000000000000000000000000000000000000000000000000000000000000000000000000000001110000000000000000000000000000000000000000000000000000000000000000000000000000000000000000000000000000000000000000000000000000000000000000000000000000
0000000011100000000000000000000000000000000000000000000000000000000000000000000000000000000000000000000001100000000000000000000000000000000000000000000000000000000000000000000000000000000000000000000000000000000000000000000000000000000000000000000000000000
0000000001110000000000000000000000000000110000000000000000000000000000000000000000000000000000000000000001100000000000000000000000000000000000000000000000000000000000000000000000000000000000000000000000000000000000000000000000000000000000000000000000000000
0000000000111000000000011111111110001111110000000000000000000000000000000000000000000000000000000000000001100000000000000000000000000000000000000000000000000000000000000000000000000000000000000000000000000000000000000000000000000000000000000000000000000000
0000000000011110000001111111111111111111000000000000000000000000000000000000000000000000000000000000000001100000000000000000000000000000000000000000000000000000000000000000000000000000000000000000000000000000000000000000000000000000000000000000000000000000
0000000000001111111111110000000001111000000000000000000000000000000000000000000000000000000000000000000001100000000000000000000000000000000000000000000000000000000000000000000000000000000000000000000000000000000000000000000000000000000000000000000000000000
0000000000000001111110000000000000000000000000000000000000000000000000000000000000000000000000000000000001100000000000000000000000000000000000000000000000000000000000000000000000000000000000000000000000000000000000000000000000000000000000000000000000000000
0000000000000000000000000000000000000000000000000000000000000000000000000000000000000000000000000000000011000000000000000000000000000000000000000000000000000000000000000000000000000000000000000000000000000000000000000000000000000000000000000000000000000000
0000000000000000000000000000000000000000000000000000000000000000000000000000000000000000000000000000000011000000000000000000000000000000000000000000000000000000000000000000000000000000000000000000000000000000000000000000000000000000000000000000000000000000
0000000000000000000000000000000000000000000000000000000000000000000000000000000000000000000000000000000111000000000000000000000000000000000000000000000000000000000000000000000000000000000000000000000000000000000000000000000000000000000000000000000000000000
0000000000000000000000000000000000000000000000000000000000000000000000000000000000000000000000000000000110000000000000000000000000000000000000000000000000000000000000000000000000000000000000000000000000000000000000000000000000000000000000000000000000000000
0000000000000000000000000000000000000000000000000000000000000000000000000000000000000000000000000000001100000000000000000000000000000000000000000000000000000000000000000000000000000000000000000000000000000000000000000000000000000000000000000000000000000000
0000000000000000000000000000000000000000000000000000000000000000000000000000000000000000000000000000001100000000000000000000000000000000000000000000000000000000000000000000000000000000000000000000000000000000000000000000000000000000000000000000000000000000
0000000000000000000000000000000000000000000000000000000000000000000000000000000000000000000000000000011000000000000000000000000000000000000000000000000000000000000000000000000000000000000000000000000000000000000000000000000000000000000000000000000000000000
0000000000000000000000000000000000000000000000000000000000000000000000000000000000000000000000000000011000000000000000000000000000000000000000000000000000000000000000000000000000000000000000000000000000000000000000000000000000000000000000000000000000000000
0000000000000000000000000000000000000000000000000000000000001111111111111000000000000000000000000000001100000000000000000000000000000000000000000000000000000000000000000000000000000000000000000000000000000000000000000000000000000000000000000000000000000000
0000000000000000000000000000000000000000000000000000000000111111111111111111111110000000000000000000001110000000000000000000000000000000000000000000000000000000000000000000000000000000000000000000000000000000000000000000000000000000000000000000000000000111
0000000000000000000000000000000000000000000000000001111111110000000000000111111110000000000000000000000110000000000000000000000000000000000000000000111000000000000000000000000000000000000000000000000000000000000000000000000000000000000000000000000000111111
0000000000000000000000000000000000000000000000000011111111000000000000000000000000000000000000000000000011000000000000000000000000000000000000000001110000000000000000000000000000000000000000000000000000000000000000000000000000000000000000000000000011111000
0000000000000000000000000000000000000000000000000111000000000000000000000000000000000000000000000000000011000000000000000000000000000000000000000111100000000000000000000000000000000000000000000000000000000000000000000000000000000000000000000000000111100000
0000000000000000000000000000000000000000000000001110000000000000000000000000000000000000000000000000000011100000000000000000000000000000000000011111000000000000000000000000000000000000000000000000000000000000000000000000000000000000000000000000001110000000
0000000000000000000000000000000000000000000000111100000000000000000000000000000000000000000000000000000001100000000000000000111111110000000000111100000000000000000000000000000000000000000000000000000000000000000000000000000000000000000000000000111100000000
0000000000000000000000000000000000000000000000110000000000000000000000000000000000000000000000000000000000110000000000000111111111111110000011110000000000000000000000000000000000000000000000000000000000000000000000000000000000000000000000000001110000000000
0000000000000000000000000000000000000000000000110000000000000000000000000000000000000000000000000000000000111000000000111111000000001111111111000000000000000000000000000000000000000000000000000000000000000000000000000000000000000000000000000011100000000000
0000000000000000000000000000000000000000000001110000000000000000000000000000000000000000000000000000000000011000111111111000000000000011111100000000000000000000000000000000000000000000000000000000000000000000000000000000000000000000000000000111000000000000
0000000000000000000000000000000000000000000001100000000000000000000000000000000000000000000000000000000000011101111111000000000000000000000000000000000000000000000000000000000000000000011000000000000000000000000000000000000000000000000000011110000000000000
0000000000000000000000000000000000000000000001100000000000000000000000000000000000000000000000000000000000001111110000000000000000000000000000000000000000000000000000000000000000000000011000000000000000000000000000000000000000000000000011111100000000000000
0000000000000000000000000000000000000000000011100000000000000000000000000000000000000000000000000000000000000111000000000000000000000000000000000000000000000000000000000000000000000000111000000000000000000000000000000000000000000000000111100000000000000000
0000000000000000000000000000000000000000000111000000000000000000000000000000000000000000000000000000000000000011000000000000000000000000000000000000000000000000000000000000000000000000110000000000000000000000000000000000000000000000000110000000000000000000
0000000000000000000000000000000000000000011110000000000000000000000000000000000000000000000000000000000000000011000000000000000000000000000000000000000000000000000000000000000000000000110000000000000000000000000000000000000000000000000110000000000000000000
0000000000000000000000000000000000000000111100000000000000000000000000000000000000000000000000000000000000000011000000000000000000000000000000000000000000000000000000000000000000000000110000000000000000000000000000000000000000000000001100000000000000000000
0000000000000000000000000000000000000001110000000000000000000000000000000000000000000000000000000000000000000011000000000000000000000000000000000000000000000000000000000000000000000000110000000000000000000000000000000000000000000000001110000000000000000000
0000000000000000000000000000000000000111100000000000000000000000000000000000000000000000000000000000000000000011000000000000000000000000000000000000000000000000000000000000000000000000110000000000000000000000000000000000000000000000001100000000000000000000
0000000000000000000000000000000000001111000000000000000000000000000000000000000000000000000000000000000000000111000000000000000000000000000000000000000000000000000000000000000000000001100000000001100000011000000000000000000000000000001110000000000000000000
0000000000000000000000000000000000111100000000000000000000000000000000000000000000000000000000000000000000000110000000000000000000000000000000000000000000000000000000000000000000000011100000000011100000111000000000000000000000000000000110000000000000000000
0000000000000000000000000000000000110000000000000000000000000000000000000000000000000000000000000000000000000011000000000000000000000000000000000000000000000000000000000000000000000111000000000111000001110000000000000000000000000000000011000000000000000000
0000000000000000000000000000000001100000000000000000000000000000000000000000000000000000000000000000000000000011000000000000000000000000000000000000000000000000000000000000000000011110000000000110000011100000000000000000000000000000000011110000000000000000
0000000000000000000000000000000111100000000000000000000000000000000000000000000000000000000000000000000000000111000000000000000000000000000000000000000000000000000000000000000001111000000000001100000110000000000000000000000000000000000111111000000000000000
0000000000000000000000000000001110000000000000000000000000000000000000000000000000000000000000000000000000000110000000000000000000000000000000000000000000000000000000000000000011100000000000001111011110000000000000000000000000000000011110011111100000000000
0000000000000000000000000000111100000000000000000000000000000000000000000000000000000000000000000000000000000110000000000000000000000000000000000000000000000000000000000000000111000000000000001111111000000000000000000000000000000000111000000111111100000111
0000000000000000000000000001110000000000000000000000000000000000000000000000000000000000000000000000000000001110000000000000000000000000000000000000000000000000000000000000000110000000000000011110110000000000000000000000000000000000110000000000011111111111
0000000000000000000000000011100000000000000000000000000000000000000000000000000000000000000000000000000000001100000000000000000000000000000000000000000000000000000000000000001100000000000000111000000000000000000000000000000000000001100000000000000011111100
0000000000000000000011111111000000000000000000000000000000000000000000000000000000000000000000000000000000001100000000000000000000000000000000000000000000000000000000000000001100000000000001110000000000000000000000000000000000000011100000000000000000000000
1000000000000000000111111100000000000000000000000000000000000000000000000000000000000000000000000000000000001100000000000001111000000000000000000000000000000000000000000000011000000000000111100000000000000000000000000000000000000111000000000000000000000000
1110000000000111111110000000000000000000000000000000000000000000000000000000000000000000000000000000000000011000000000000011111100000000000000000000000000000000000000000001111000000000001110000000000000000000000000000000000000001110000000000000000000000000
1111100000001111111100000000000000000000000000000000000000000000000000000000000000000000000000000000000000111000000000000111001110000000000000000000000000000000000000000011111110000000011100000000000000000000000000000000000000111100000000000000000000000000
0011111100011100000000000000000000000000000000000000000000000000000000000000000000000000000000000000000001110000000000011110001110000000000000000000000000000000000000000111111111110011111000000000000000000000000011000000000011111000000000000000000000000000
0000111111111000000000000000000000000000000000000000000000000000000000000000000000000000000000000000000001100000110001111100001110000000000000000000000000000000000000011110000011111111100000000000000000000000011111111100000111110000000000000000000000000000
0000000011100000000000000000000000000000000000000000000000000000000000000000000000000000000000000000000011000001111101110000001100000000000000000000000000000000000000111000000000001100000000000000000000000000111100111110011110000000000000000000000000000000
0000000000000000000000000000000000000000000000000000000000000000000000000000000000000000000000000000000111001111111111100000001100000000000000000000000000000000000001110000000000000000000000000000000000000011110000000111111100000000000000000000000000000000
0000000000000000000000000000000000000000000000000000000000000000000000000000000000000000000000000000000111111110000111000000001100000000000000000000000000000000000011100000000000000000000000000000000000001111000000000001110000000000000000000000000000000000
0000000000000000000000000000000000000000000000000000000000000000000000000000000000000000000000000000011111111000000000000000000110000000000000000000000000000000000111000000000000000000000000000000000000011110000000000000000000000000000000000000000000000000
0000000000000000000000000000000000000000000000000000000000000000000000000000000000000000000000000000111111000000000000000000000011100000000000000000000000000000000110000000000000000000000000000000000001111000000000000000000000000000000000000000000000000000
1000000000000000000000000000000000000000000000000000000000000000000000000000000000000000000000000001110000000000000000000000000001110000000000000000000000000000000110000000000000000000000000000000000011100000000000000000000000000000000000000000000000000000
1100000000000000000000000000000000000000000000000000000000000000000000000000000000000000000000000011100000000000000000000000000000111000000000000000000000000000000110000000000000000000000000000000000011000000000000000000000000000000000000000000000000000000
1110000000000000000000000000000000000000000000000000000000000000000000000000000000000000000000000111000000000000000000000000000000011000000000000000000000000000000110000000000000000000000000000000000110000000000000000000000000000000000000000000000000000000
0111100000000000000000000000000000000000000000000000000000000000000000000000000000000000000000000110000000000000000000000000000000011000000000000000000000000000001100000000000000000000000000000000001110000000000000000000000000000000000000000000000000000000
0001111100000000000000000000000000000000000000000000000000000000000000000000000000000000000000000110000000000000000000000000000000111000000000000000000000000000001100000000000000000000000000000011111100000000000000000000000000000000000000000000000000000000
0000011110000000000000000000000000000000000000000000000000000000000000000000000000000000000000000110000000000000000000000000000001110000000000000001110000000000001100000000000000000000000000011111111000000000000000000000000000000000000000000000000000000000
0000000110000000000000000000000000000000000000000000000000000000000000000000000000000000000000000110000000000000000000000000000011100000000000000011111111100000001100000000000000000000000001111100000000000000000000000000000000000000000000000000000000000000
0000000000000000000000000000000000000000000000000000000000000000000000000000000000000000000000000110000000000000000000000000000011000000000000000111111111111111111111110000000000000000000011110000000000000000000000000000000000000000000000000000000000000000
0000000000000000000000000000000000000000000000000000000000000000000000000000000000000000000000000110000000000000000000000000000001100000000001111110000000111111111111110000000000000000001111000000000000000000000000000000000000000000000000000000000000000000
0000000000000000000000000000000000000000000000000000000000000000000000000000000000000000000000000110000000000000000000000000000001111000000111111000000000001000000000011000000000000000111100000000000000000000000000000000000000000000000000000000000000000000
0000000000000000000000000000000000000000000000000000000000000000000000000000000000000000000000000110000000000000000000000000000000011000001111000000000000000000000000011000000000000011110000000000000000000000000000000000000000000000000000000000000000000000
0000000000000000000000000000000000000000000000000000000000000000000000000000000000000000000000000110000000000000000000000000000000001111111100000000000000000000000000011000000000011111000000000000000000000000000000000000000000000000000000000000000000000000
0000000000000000000000000000000000000000000000000000000000000000000000000000000000000000000000001110000000000000000000000000000000001111111000000000000000000000000000011000000001111110000000000000000000000000000000000000000000000000000000000000000000000000
0000000000000000000000000000000000000000000000000000000000000000000000000000000000000000000000011100000000000000000000000000000000000000000000000000000000000000000000111000001111100000000000000000000000000000000000000000000000000000000000000000000000000000
0000000000000000000000000000000000000000000000000000000000000000000000000000000000000110000000011000000000000000000000000000000000000000000000000000000000000000000001110001111111000000000000000000000000000000000000000000000011000000000000000000000000000000
0000000000000000000000000000000000000000000000000000000000000000000000000110000000001111100001111000000000000000000000000000000000000000000000000000000000000000000001110111110000000000000000000000000000000000000000000000011111100000000000000000000000000000
0000000000000000000000000000000000000000000000000000000000000000000000001111100000011101100001110000000000000000000000000000000000000000000000000000000000000000000000111110000000000000000000000000000000000000000000000111111101111000000000000000000000000000
0000000000000000000000000000000000000000000000000000000000000000000000011111111100111001110011100000000000000000000000000000000000000000000000000000000000000000000000011110000000000000000000000000000000000000000000001111100000111111000000000000000000000000
0000000000000000000000000000000000000000000000000000000000000000000000111000111111110000110011000000000000000000000000000000000000000000000000000000000000000000000000000110000000000000000000000000000000000000000000011100000000001111100000000000111000000000
0000000000000000000000000000000000000000000000000000000000000000000011110000000111000000011011000000000000000000000000000000000000000000000000000000000000000000000000000011000000000001111000000000000000000000000000111000000000000001100000000011111111000000
0000000000000000000000000000000000000000000000000000000000000000000111000000000000000000001111000000000000000000000000000000000000000000000000000000000000000000000000000011000000000011111100000000000000000000000000110000000000000001110000001111000111110000
0000000000000000000000000000000000000000000000000000000000000000001110000000000000000000000110000000000000000000000000000000000000000000000000000000000000000000000000000001100000011111001110000000000000000000000001100000000000000000110000111110000001111000
0000000000000000000000000000000000000000000000000000000000000000001110000000000000000000000000000000000000000000000000000000000000000000000000000000000000000000000000000001100000111100000110000000000000000000000011100000000000000000111111110000000000011000
0000000000000000000000000000000000000000000000000000000000000000000110100000000000000000000000000000000000000000000000000000000000000000000000000000000000000000000000000001110011110000000011100000000000000000000011000000000000000000001111100000000000000000
0000000000000000000000000000000000000000000000000000000000000000000111111000000000000000000000000000000000000000000000000000000000000000000000000000000000000000000000000000111111000000000001110000000000000000000110000000000000000000000000000000000000000000
0000000000000000000000000000000000000000000000000000000000000000011111111100000000000000000000000000000000000000000000000000000000000000000000000000000000000000000000000000011100000000000000111000000000000000001110000000000000000000000000000000000000000000
0000000000000000000000000000000000000000000000000000000000000011111100001111000000000000000000000000000000000000000000000000000000000000000000000000000000000000000000000000000000000000000000001100000000000000011100000000000000000000000000000000000000000000
0000000000000000000000000000000000000000000000000000000000000111100000000111110000000000000000000000000000000000000000000000000000000000000000000000000000000000000000000000000000000000000000000110000000000000111000000000000000000000000000000000000000000000
0000000000000000000000000000000000000000000000000000000000001110000000000001111000000000000000000000000000000000000000000000000000000000000000000000000000000000000000000000000000000000000000000110000000000011110000000000000000000000000000000000000000000000
0000000000000000000000000000000000000000000000000000000000001100000000000000011110000000000000000000000000000000000000000000000000000000000000000000000000000000000000000000000000000000000000000011110000001111100000000000000000000000000000000000000000000000
0000000000000000000000000000000000000000000000000000000000011000000000000000000111000000000000000000000000000000000000000000000000000000000000000000000000000000000000000000000000000000000000000001111000011100000000000000000000000000000000000000000000000000
0000000000000000000000000000000000000000000000000000000000111000000000000000000011110000000000000000000000000000000000000000000000000000000000000000000000000000000000000000000000000000000000000000011111111000000000000000000000000000000000000000000000000000
0000000000000000000000000000000000000000000000000000000001110000000000000000000000111000000000000000000000000000000000000000000000000000000000000000000000000000000000000000000000000000000000000000001111110000000000000000000000000000000000000000000000000000
0000000000000000000000000000000000000000000000000000000011100000000000000000000000011100000000000000000000000000000000000000000000000000000000000000000000000000000000000000000000000000000000000000000010000000000000000000000000000000000000000000000000000000
0000000000000000000000000000000000000000000000000000000111000000000000000000000000001110000000000000000000000000000000000000000000000000000000000000000000000000000000000000000000000000000000000000000000000000000000000000000000000000000000000000000000000000
0000000000000000000000000000000000000000000000000000001110000000000000000000000000000111111000000000000000000000000000000000000000000000000000000000000000000000000000000000000000000000000000000000000000000000000000000000000000000000000000000000000000000000
0000000000000000000000000000000000000000000000000000001100000000000000000000000000000011111100000000000000000000000000000000000000000000000000000000000000000000000000000000000000000000000000000000000000000000000000000000000000000000000000000000000000000000
0000000000000000000000000000000000000000000000000000011000000000000000000000000000000000011111111100000000000000000000000000000000000000000000000000000000000000000000000000000000000001100000000000000000000000000000000000000000000000000000000000000000000000
0000000000000000000000000000000000000000000000000000011000000000000000000000000000000000011111111111000000000000000000000000000000000000000000000000000000000000000000000000000000001111110000000000000000000000000000000000000000000000000000000000000000000000
0000000000000000000000000000000000000000000000000000111000000000000000000000000000000000011000000011100000000000000000000000000000000000000000000000000000000000000000000000000001111110111000000000000000000000000000000000000000000000000000000000000000000000
0000000000000000000000000000000000000000000000000011110000000000000000000000000000000000011100000001110000111111000000000000000000000000000000000000000000000000000000000000000011110000011000000000000000000000000000000000000000000000000000000000000000000000
1111111110000000000000000000000000000000111100000111000000000000000000000000000000000000001100000000111001111111110000000000000000000000000000000000000000000000000000000000000111000000011000000000000000000000000000000000000000000000000000000000000000000000
1111111111111000000000000000000000000011111111111110000000000000000000000000000000000000001100000000011111100001111111000000000000000000000000000000000000000000000000000000001110000000011100000000000000000000000000000000000000000000000000000000000000000000
0000000011111111111111111110000000001111000111111000000000000000000000000000000000000000000110000000001110000000001111100000000000000000000000000000000000000000000000000000011100000000001100000000000000000000000000000000000000000000000000000000000000000000
0000000000000111111111111111111111111100000000000000000000000000000000000000000000000000000110000000000000000000000000000000000000000000000000000000000000000000000000000000111000000000001100000000000000000000000000000000000000000000000000000000000000000000
0000000000000000000000000001111111110000000000000000000000000000000000000000000000000000000011000000000000000000000000000000000000000000000000000000000000000000000000000000110000000000001111100000000000000000000000000000000000000000000000000000000000000000
0000000000000000000000000000000000000000000000000000000000000000000000000000000000000000000011000000000000000000000000000000000000000000000000000000000000000000000000000001110000000000000011110000000000000000000000000000000000000000000000000000000000000000
0000000000000000000000000000000000000000000000000000000000000000000000000000000000000000000011000000000000000000000000000000000000000000000000000000000000000000000000000111100000000000000000111000001111111111111000000000000111000000000000000000000000000000
0000000000000000000000000000000000000000000000000000000000000000000000000000000000000000000011000000000000000000000000000000000000000000000000000000000000000000000000001110000000000000000000011111111111111111111111000011111110000000000000000000000000000001
0000000000000000000000000000000000000000000000000000000000000000000000000000000000000000000011000000000000000000000000000000000000000000000000000000000000000000000000001100000000000000000000000111111000000000000111111111111000000000000000000000000000000011
0000000000000000000000000000000000000000000000000000000000000000000000000000000000000000000011000000000000000000000000000000000000000000000000000000000000000000000000011100000000000000000000000000000000000000000001111110000000000000000000000000000000000111
0000000000000000000000000000000000000000000000000000000000000000000000000000000000000000000011000000000000000000000000000000000000000000000000000000000000000000000000111000000000000000000000000000000000000000000000000000000000000000000000000000000000001100
0000000000000000000000000000000000000000000000000000000000000000000000000000000000000000000011000000000000000000000000000000000000000000000000000000000000000000000001110000000000000000000000000000000000000000000000000000000000000000000000000000000000011100
0000000000000000000000000000000000000000000000000000000000000000000000000000000000000000000001000000000000000000000000000000000000000000000000000000000000000000000001100000000000000000000000000000000000000000000000000000000000000000000000000000000000111000
0000000000000000000000000000000000000000000000000000000000000000000000000000000000000000000000000000000000000000000000000000000000000000000000000000000000000000000011100000000000000000000000000000000000000000000000000000000000000000000000000000011111110000
0000000000000000000000000000000000000000000000000000000000000000000000000000000000000000000000000000000000000000000000000000000000000000000000000000000000000000000111000000000000000000000000000000000000000000000000000000000000000000000000000000111111000000
0000000000000000000000000000000000000000000000000000000000000000000000000000000000000000000000000000000000000000000000000000000000000000000000000000000000000000001111000000000000000000000000000000000000000000000000000000000000000000000000000011110000000000
0000000000000000000000000000000000000000000000000000000000000000000000000000000000000000000000000000000000000000000000000000000000000000000000000000000000000000011100000000000000000000000000000000000000000000000000000000000000000000000000000011000000000000
0000000000000000000000000000000000000000000000000000000000000000000000000000000000000000000000000000000000000000000000000000000000000000000000000000000000000000011000000000000000000000000000000000000000000000000000000000000000000000000000000111000000000000
0000000000000000000000000000000000000000000000000000000000000000000000000000000000000000000000000000000000000000000000000000000000000000000000000000000000000000011000000000000000000000000000000000000000000000000000000000000000000000000000000110000000000000
0000000000000000000000000000000000000000000000000000000000000000000000000000000000000000000000000000000000000000000000000000000000000000000000000000000000000000111000000000000000000000000000000000000000000000000000000000000000000000000000001110000000000000
0000000000000000000000000000000000000000000000000000000000000000000000000000000000000000000000000000000000000000000000000000000000000000000000000000000011110000110000000000000000000000000000000000000000000000000000000000000000000000000000111100000000000000
0000000000000000000000000000000000000000000000000000000000000000000000000000000000000000000000000000000000000000000000000000000000000000000000000000000111111000110000000000000000000000000000000000000000000000000000000000000000000000000011111000000000000000
0000000000000000000000000000000000000000000000000000000000000000000000000000000000000000000000000000000000000000000000000000000000000000000000000000000110001100110000000000000000000000000000000000000000000000000000000000000000000000011111100000000000000000
0000000000000000000000000000000000000000000000000000000000000000000000000000000000000000000000000000000000000000000000000000000000000000000000000000001110000111100000000000000000000000000000000000000000000000000000000000000000000111111110000000000000000000
0000000000000000000000000000000000000000000000000000000000000000000000000000000000000000000000000000000000000000000000000000000000000000000000000000001100000011100000000000000000000000000000000000000000000000000000000000000000001111100000000000000000000000
0000000000000000000000000000000000000000000000000000000000000000000000000000000000000000000000000000000000000000000000000000000000000000000000000000011100000000000000000000000000000000000000000000000000000000000000000000000000001100000000000000000000000000
0000000000000000000000000000000000000000000000000000000000000000000000000000000000000000000000000000000000000000000000000000000000000000000000000000111000000000000000000000000000000000000000000000000000000000000000000000000000001100000000000000000000001100
0000000000000000000000000000000000000000000000000000000000000000000000000000000000000000000000000000000000000000000000000000000000000000000000000001110000000000000000000000000000000000000000000000000000000000000000000000000000001100000000000000000001111111
0000000000000000000000000000000000000000000000000000000000000000000000000000000000000000000000000000000000000000000000000000000000000000000000000001100000000000000000000000000000000000000000000000000000000000000000000000000000001100000000000000000111111111
0000000000000000000000000000000000000000000000000000000000000000000000000000000000000000000000000000000000000000000000000000000000000000000000000011100000000000000000000000000000000000000000000000000000000000000000000000000000011100000000000000011111000000
0000000000000000000000000000000000000000000000000000000000000000000000000000000000000000000000000000000000000000000000000000000000000000001111101111000000000000000000000000000000000000000000000000000000000000000000000000000000011000000000000000111100000000
0000000000000000000000000000000000000000000000000000000000000000000000000000000000000000000000000000000000000000000000000000000000000111111111111111000000000000000000000000000000000000000000000000000000000000000000000000000000110000000000000011110000000000
0000000000000000000000000000000000000000000000000000000000000000000000000000000000000000000000000000000000000000000000000000000000001111111000111100000000000000000000000000000000000000000000000000000000000000000000000000000001110000000000001111000000000000
0000000000000000000000000000000000000000000000000000000000000000000000000000000000000000000000000000000000000000000000000000000000001100000000000000000000000000000000000000000000000000000000000000000000000000000000000000000011100000000000011100000000000000
0000000000000000000000000000000000000000000000000000000000000000000000000000000000000000000000000000000000000000000000000000000000001100000000000000000000000000000000000000000000000000000000000000000000000000000000000000001111000000000000111000000000000000
0000000000000000000000000000000000000000000000000000000000000000000000000000000000000000000000000000000000000000000000000000000000001100000000000000000000000000000000000000000000000000000000000000000000000000000000000000011110000000000011110000000000000000
0000000000000000000000000000000000000000000000000000000000000000000000000000000000000000000000000000000000000000000000000000000000011000000000000000000000000000000000000000000000000000000000000000000000000000000000000000111000000000000111000000000000000000
0000000000000000000000000000000000000000000000000000000000000000000000000000000000000000000000000000000000000000000000000000000000011000000000000000000000000000000000000000000000000000000000000000000000000000000000000001110000000000001110000000000000000000
0000000000000000000000000000000000000000000000000000000000000000000000000000000000000000000000000000000000000000000000000000000000011000000000000000000000000000000000000000000000000000000000000000000000000000000000000011100000000000011100000000000000000000
0000000000000000000000000000000000000000000000000000000000000000000000000000000000000000000000000000000000000000000000000000000000111000000000000000000000000000000000000000000000000000000000000000000000000000000000000011000000000000111000000000000000000000
0000000000000000000000000000000000000000000000000000000000000000000000000000000000000000000000000000000000000000000000000000000000110000000000000000000000000000000000000000000000000000000000000000000000000000000000000111000000000000110000000000000000000000
0000000000000000000000000000000000000000000000000000000000000000000000000000000000000000000000000000000000000000000000000000000000110000000000000000000000000000000000000000000000000000000000000000000000000000000000000110000000000001100000000000000000000000
0000000000000000000000000000000000000000000000000000000000000000000000000000000000000000000000000000000000000000000000000000000000110000000000000000000000000000000000000000000000000000000000000000000000000000000000000110000000000001100000000000000000000000
0000000000000000000000000000000000000000000000000000000000000000000000000000000000000000000000000000000000000000000000000000000001100000000000000000000000000000000000000000000000000000000000000000000000000000000000000110000000000001100000000000000000000000
0000000000000000000000000000000000000000000000000000000000000000000000000000000000000000000000000000000000000000000000000000000011100000000000000000000000000000000000000000000000000000000000000000000000000000000000000110000000000011000000000000000000000000
0000000000000000000000000000000000000000000000000000000000000000000000000000000000000000000000000000000000000000000000000000000111000000000000000000000000000000000000000000000000000000000000000000000000000000000000001110000000000011000000000000000111000000
0000000000000000000000000000000000000000000000000000000000000000000000000000000000000000000000000000000000000000000000000000000110000000000000000000000000000000000000000000000000000000000000000000000000000000000000001100000000000011000000000000011111000000
0000000000000000000000000000000000000000000000000000000000000000000000000000000000000000000000000000000000000000000000000000000110000000000000000000000000000000000000000000000000000000000000000000000000011110000000011100000000000001100000000001111000000000
0000000000000000000000000000000000000000000000000000000000000000000000000000000000000000000000000000000000000000000000000000000110000000000000000000000000000000000000000000000000000000000000000000000001111111100000111000000000000001100000000111110000000000
0000000000000000000000000000000000000000000000000000000000000000000000000000000000000000000000000000000000000000000000000000111110000000000000000000000000000000000000000000000000000000000000000000000111100011111111110000000000000000110000011111000000000000
1111110000000000000000000000000000000000000000000000000000000000000000000000000000000000000000000000000000000000000000000001111100000000000000000000000000000000000000000000000000000000000000000000111110000000111111000000000000000000110000111100000000000000
1111111000000000000000000000000000000000000000000000000000000000000000000000000000000000000000000000000000000000000000000011100000000000000000000000000000000000000000000000000000000000000000000001111100000000000000000000000000000000110001110000000000000000
0000000000000000000000000000000000000000000000000000000000000000000000000000000000000000000000000000000000000000000000001111000000000000000000000000000000000000000000000000000000000000000000000011100000000000000000000000000000000001111111100000000000000000
0000000000000000000000000000000000000000000000000000000000000000000000000000000000000000000000000000000000000000000000111110000000000000000000000000000000000000000000000000000000000000000000111111000000000000000000000000000000000011111111000000000000000000
0000000000000000000001111000000000000000000000000000000000000000000000000000000000000000000000000000000000000000000001111000000000000000000000000000000000000000000000000000000000011110000011111111000000000000000000000000000000000111100000000000000000000000
0000000000000000000011111100000011111100000000000000000000000000000000000000000000000000000000000000000011111100000001100000000000000000000000000000000000000111110000000000000000111111111111001100000000000000000000000000000000001110000000000000000000000000
0000000000000000000111001111111111111000000000000000000000000000000000000000000000000000000000000000000111111110000011000000000000000000000000000000000000001111111000000000000001110011111110000000000000000000000000000000000000011100000000000000000000000000
0000000000000000001110000111111100000000000000000000000000000000000000000000000000000000000000000000000110000111000011000000000000000000000000000000000000011000011100000000000011100000111000000000000000000000000000000000000001111000000000000000000000000000
0000000000000000001100000000000000000000000000000000000000000000000000000000000000000000000000000000001110000011000011100000000000000000000000000000000000011000001100000000000111000000011000000000000000000000000000000000000111110000000000000000000000000000
0000000000000000001100000000000000000000000000000000000000000000000000000000000000000000000000000000011100000001100001100000000000000000000000000000000000011000000110000000011110000000011100000000000000000000000000000000001110000000000000000000000000000000
0000000000000000001100000000000000000000000000000000000000000000000000000000000000000000000000000000111000000001110011100000000000000000000000000000000000011100000110000011111100000000001100000000000000000000000000000000111100000000000000000000000000000000
0000000000000000011000000000000000000000000000000000000000000000000000000000000000000000000000000000110000000000110011000000000000000000000000000000000000001110000111101111100000000000001110000000000000000000000000000001111000000000000000000000000000000000
0000000000011110111000000000000000000000000000000000000000000000000000000000000000000000000000000001100000000000110011000000000000000000000000000000000000000110000011111110000000000000000110000000000000000000000000000111100000000000000000000000111000000000
0000000011111111110000000000000000000000000000000000000000000000000000000000000000000000000000000001100000000000011111000000000000000000000000000000000000000110000000010000000000000000000111000000000000000000000000001110000000000000000000000001111000000000
0000000111110011100000000000000000000000000000000000000000000000000000000000000000000000000000000011100000000000011110000000000000000000000000000000000000000011000000000000000000000000000011000000000000000000000000111100000000000000000000000111100000000000
0000011110000000000000000000000000000000000000000000000000000000000000000000000000000000000000000011000000000000000000000000000000000000000000000000000000000011000000000000000000000000000001100000000000000000000001111000000000000000000000001110000000000000
0000111100000000000000000000000000000000000000000000000000000000000000000000000000000000000000000111000000000000000000000000000000000000000000000000000000000011000000000000000000000000000001111000000000000000000111100000000000000000000000011100000000000000
1111110000000000000000000000000000000000000000000000000000000000000000000000000000000000000000000110000000000000000000000000000000000000000000000000000000000011000000000000000000000000000000011111111111100000111110000000000000000000000000111000000000000000
1111000000000000000000000000000000000000000000000000000000000000000000000000000000000000000000000110000000000000000000000000000000000000000000000000000000000110000000000000000000000000000000001111111111111111111100000000000000000000000011110000000000000000
0100000000000000000000000000000000000000000000000000000000000000000000000000000000000000000000000110000000000000000000000000000000000000000000000000000000000110000000000000000000000000000000000000000000011111111000000000000000000000000011100000000000000000
0000000000000000000000000000000000000000000000000000000000000000000000000000000000000000000000001110000000000000000000000000000000000000000000000000000000000110000000000000000000000000000000000000000000000000011100000000000000000001110111000000000000000000
0000000000000000000000000000000000000000000000000000000000000000000000000000000000000000000000001100000000000000000000000000000000000000000000000000000000000110000000000000000000000000000000000000000000000000001111000000000000001111111110000000000000000000
0000000000000000000000000000000000000000000000000000000000000000000000000000000000000000000000001100000000000000000000000000000000000000000000000000000000000110000000000000000000000000000000000000000000000000000011100000000000011110011100000000000000000000
0000000000000000000000000000000000000000000000000000000000000000000000000000000000000000000000001100000000000000000000000000000000000000000000000000000000000011000000000000000000000000000000000000000000000000000001110000000000011000001110000000000000000000
0000000000000000000000000000000000000000000000000000000000000000000000000000000000000000000000001100000000000000000000000000000000000000000000000000000000000111000000000000000000000000000000000000000000000000000000110000000000110000000111000000000000000001
1000000000000000000000000000000000000000000000000000000000000000000000000000000000000000000000001100000000000000000000000000000000000000000000000011111000011110000000000000000000000000000000000000000000000000000000111000000001110000000011000000000000000001
1110000000000000000000000000000000000000000000000000000000000000000000000000000000000000000000011000000000000000000000000000000000000000000011111111111111111000000000000000000000011100000000000000000000000000000000011100000111100000000001100000000000000011
1111100000000000000000000000000000000000000000000000000000000000000000000000000000000000000000011000000000000000000000000000000000000000000111111110000111110000000000000000000000111110000000000000000000000000000000001111111111000000000001110000000000011111
1011111100000000000000000000000000000000000000000000000000000000000000000000000000000000000000111000000000000000000000000000000000000000000110000000000000000000000000000000000001110110000000000000000000000000000000000011111000000000000000110000000001111100
1000111110000000000000000000000000000000000000000000000000000000000000000000000000000000000001110000000000000000000000000000000000000000000111000000000000000000000000000000000001100111000000000000000000000000000000000000000000000000000000111000000011110000
0000000110000000000000000000000000000000000000000000000000000000000000000000000000000000000001100000000000000000000000000000000000000000000011000000000000000000000000000000000011100011000000000000000000000000000000000000000000000000000000011000001111000000
0000000011100011100000000000000000000000000000000000000000000000000000000000000000000000000001100000000000000000000000000000000000000000000011100000000000000000000000000000000011000011100000000000000000000000000000000000000000000000000000011100111100000000
0000000001111111100000000000000000000000000000000000000000000000000000000000000000000000000011100000000000000000000000000000000000000000000001100000000000000000000000000000000111000001110000000000000000000000000000000000000000000000000000001111111000000000
0000000000111111100000000000000000000000000000000000000000000000000000000000000000000000000011000000000000000000000000000000001110000000000001100000000000000000000000000000001110000000111100000000000000000000000000000000000000000000000000000011000000000000
0000000000110000110000000000000000000000000000000000000000000000000000000000000000000000000011000000000000000000000000000000011111000000000011100000000000000000000000000000001100000000001111000000000000000000000000000000000000000000000000000000000000000000
