0000000000000000000000000000000000000000000000000000000000000000000000000000000000000000000000000000000000000000000000000000000000000000000000000011100000000000000001100000000000000000000000000000000011000000000000000000000000000000000000111000000000000000
0000000000000000000000000000000000000000000000000000000000000000000000000000000000000000000000000000000000000000000000000000000000000000000000000001111100000000000000110000000000000000000000000000000011000000000000000000000000000000000000011000000000000000
0000000000000000000000000000000000000000000000000000000000000000000000000000000000000000000000000000000000000000000000000000000000000000000000000000111111000000000000110000000000000000000000000000000011000000000000000000000000000000000000011100000000000000
0000000000000000000000000000000000000000000000000000000000000000000000000000000000000000000000000000000000000000000000000000000000000000000000000000000111100000000000110000000000000000000000000000000011000000000000000000000000000000000000001100000000000000
0000000000000000000000000000000000000000000000000000000000000000000000000000000000000000000000000000000000000000000000000000000000000000000000000000000001111000000000110000000000000000000000000000000001100000000000000000000000000000000000000110000000000000
0000000000000000000000000000000000000000000000000000000000000000000000000000000000000000000000000000000000000000000000000000000000000000000000000000000000011110000000011000000000000000000000000000000001100000000000000000000000000000000000000111000000000000
0000000000000000000000000000000000000000000000000000000000000000000000000000000000000000000000000000000000000000000000000000000000000000000000000000000000001111100000011000000000000000000000000000000001100000000000000000000000000000000000000011000000000000
0000000000000000000000000000000000000000000000000000000000000000000000000000000000000000000000000000000000000000000000000000000000000000000000000000000000000011110000011000000000000000000000000000000001100000000000000000000000000000000000000011000000000000
0000000000000000000000000000000000000000000000000000000000000000000000000000000000000000000000000000000000000000000000000000000000000000000000000000000000000000111000111100000000000000000000000000000001100000000000000000000000000000000000000011000000000000
0000000000000000000000000000000000000000000000000000000000000000000000000000000000000000000000000000000000000000000000000000000000000000000000000000000000000000011001111110000000000000000000000000000001100000000000000000000000000000000000000001100000000000
0000000000000000000000000000000000000000000000000000000000000000000000000000000000000000000000000000000000000000000000000000000000000000000000000000000000000000001101100110000000000000000000000000000000110000000000000000000000000000000000000001100000000000
0000000000000000000000000000000000000000000000000000000000000000000000000000000000000000000000000000000000000000000000000000000000000000000000000000000000000000001111100111000000000000000000000000000000110000000000000000000000000000000000000000110000000000
0000000000000000000000000000000000000000000000000000000000000000000000000000000000000000000000000000000000000000000000000000000000000000000000000000000000000000000111100011110000000000000000000000000000110000000000000000000000000000000000000000111000000000
0000000000000000000000000000000000000000000000000000000000000000000000000000000000000000000000000000000000000000000000000000000000000000000000000000000000000000000001110001111100000000000000000000000000011000000000000000000000000000000000000000011000000000
0000000000000000000000000000000000000000000000000000000000000000000000000000000000000000000000000000000000000000000000000000000000000000000000000000000000000000000001111000011111000000000000000000000000011000000000000000000000000000000000000000001100000000
0000000000000000000000000000000000000000000000000000000000000000000000000000000000000000000000000000000000000000000000000000000000000000000000000000000000000000000111111000000011111100000000000000000000011000000000000000000000000000000000000000001100000000
0000000000000000000000000000000000000000000000000000000000000000000000000000000000000000000000000000000000000000000000000000000000000000000000000000000000000000011111111100000000111111111100000000000000011000000000000000000000000000000000000000001110000000
0000000000000000000000000000000000000000000000000000000000000000000000000000000000000000000000000000000000000000000000000000000000000000000000000000000000000000111000001110000000000011111111000000000000011000000000000000000000000000000000000000000111000000
0000000000000000000000000000000000000000000000000000000000000000000000000000000000000000000000000000000000000000000000000000000000000000000000000000000000000001110000000110000000000000000111100000000000011000000000000000000000000000000000000000000011000000
0000000000000000000000000000000000000000000000000000000000000000000000000000000000000000000000000000000000000000000000000000000000000000000000000000000000000001100000000111000000000000000001111000000000011000000000000000000000000000000000000000000011100000
0000000000000000000000000000000000000000000000000000000000000000000000000000000000000000000000000000000000000000000000000000000000000000000000000000000000000001100000000011000000000000000000011100000000001100000000000000000000000000000000000000000001110000
0000000000000000000000000000000000000000000000000000000000000000000000000000000000000000000000000000000000000000000000000000000000000000000000000000000000000011000000000011000000000000000000001110000000001100000000000000000000000000000000000000000000111000
0000000000000000000000000000000000000000000000000000000000000000000000000000000000000000000000000000000000000000000000000000000000000000000000000000000000000011000000000011100000000000000000000110000000001100000000000000000000000000000000000000000000011000
0000000000000000000000000000000000000000000000000000000000000000000000000000000000000000000000000000000000000000000000000000000000000000000000000000000000000111000000000001111100000000000000000011000000001100000000000000000000000000000000000000000000001100
0000000000000000000000000000000000000000000000000000000000000000000000000000000000000000000000000000000000000000000000000000000000000000000000000000000000000110000000000000111111100000000000000011100000001100000000000000000000000000000000000000000000001110
0000000000000000000000000000000000000000000000000000000000000000000000000000000000000000000000000000000000000000000000000000000000000000000000000000001100001110000000000000000011111000000000000001111000001100000000000000000000000000000000000000000000000111
0000000000000000000000000000000000000000000000000000000000000000000000000000000000000000000000000000000000000000000000000000000000000000000000000000111111111100000000000000000000011000000000000000011100001100000000000000000000000000000000000000000000000001
0000000000000000000000000000000000000000000000000000000000000000000000000000000000000000000000000000000000000000000000000000000000000000000000000001110011111000000000000000000000001100000000000000001110011000000000000000000000000000000000000000000000000001
0000000000000000000000000000000000000000000000000000000000000000000000000000000000000000000000000000000000000000000000000000000000000000000000000011100000000000000000000000000000000110000000000000000111111000000000000000000000000000000000000000000000000000
0000000000000000000000000000000000000000000000000000000000000000000000000000000000000000000000000000000000000000000000000000000000000000000000001111000000000000000000000000000000000011000000000000000011111000000000000000000000000000000000000000000000000000
0000000000000000000000000000000000000000000000000000000000000000000000000000000000000000000000000000000000000000000000000000000000000000000000001100000000000000000000000000000000000001110000000000000000110000000000000000000000000000000000000000000000000000
0000000000000000000000000000000000000000000000000000000000000000000000000000000000000000000000000000000000000000000000000000000000000000000000001100000000000000000000000000000000000000111100000000000000110000000000000000000000000000000000000000000000000000
0000000000000000000000000000000000000000000000000000000000000000000000000000000000000000000000000000000000000000000000000000000000000000000000011000000000000000000000000000000000000000011111000000000000110000000000000000000000000000000000000000000000000000
0000000000000000000000000000000000000000000000000000000000000000000000000000000000000000000000000000000000000000000000000000000000000000000000011000000000000000000000000000000000000000000111100000000000110000000000000000000000000000000000000000000000000000
0000000000000000000000000000000000000000000000000000000000000000000000000000000000000000000000000000000000000000000000000000000000000000000000111000000000000000000000000000000000000000000001110000000000110000000000000000000000000000000000000000000000000000
0000000000000000000000000000000000000000000000000000000000000000000000000000000000000000000000000000000000000000000000000000000000000000000001110000000000000000000000000000000000000000000000111111110001100000000000000000000000000000000000000000000000000000
0000000000000000000000000000000000000000000000000000000000000000000000000000000000000000000000000000000000000000000000000000000000000000111111100000000000000000000000000000000000000000000000011111111011100000000000000000000000000000000000000000000000000000
0000000000000000000000000000000000000000000000000000000000000000000000000000000000000000000000000000000000000000000000000000000000000011111111000000000000000000000000000000000000000000000000000000011111000000000000000000000000000000000000000000000000000000
0000000000000000000000000000000000000000000000000000000000000000000000000000000000000000000000000000000000000000000000000000000000000111000000000000000000000000000000000000000000000000000000000000001111000000000000000000000000000000000110000000000000000000
0000000000000000000000000000000000000000000000000000000000000000000000000000000000000000000000000000000000000000000000000000000000011110000000000000000000000000000000000000000000000000000000000000000110000000000000000000000000000001111111110000000000000000
0000000000000000000000000000000000000000000000000000000000000000000000000000000000000000000000000000000000000000000000000000000011111100000000000000000000000000000000000000000000000000000000000000000111000000000000000000000000011111111001111000000000000000
0000000000000000000000000000000000000000000000000000000000000000000000000000000000000000000000000000000000000000000000000000000111100000000000000000000000000000000000000000000000000000000000000000000011110000000000000000000000111110000000011110111111110000
0000000000000000000000000000000000000000000000000000000000000000000000000000000000000000000000000000000000000000000000000000000000000000000000000000000000000000000000000000000000000000000000000000000001111111000000000000000000110000000001001111111111111110
0000000000000000000000000000000000000000000000000000000000000000000000000000000000000000000000000000000000000000000000000000000000000000000000000000000000000000000000000000000000000000000000000000000000001111110000000000000001111110011111111111100000001111
0000000000000000000000000000000000000000000000000000000000000000000000000000000000000000000000000000000000000000000000000000000000000000000000000000000000000000000000000000000000000000000000000000000000000001111100000000000011111111111111111111100000000011
0000000000000000000000000000000000000000000000000000000000000000000000000000000000000000000000000000000000000000000000000000000000000000000000000000000000000000000000000000000000000000000000000000000000000000011111000000000111000011110000000001111000000001
0000000000000000000000000000000000000000000000000000000000000000000000000000000000000000000000000000000000000000000000000000000000000000000000000000000000000000000000000000000000000000000000000000000000000000000111111000011110000000000000000000011100000000
0000000000000000000000000000000000000000000000000000000000000000000000000000000000000000000000000000000000000000000000000000000000000000000000000000000000000000000000000000000000000000000000000000000000000000000000111111111100000000000000000000001110000000
0000000000000000000000000000000000000000000000000000000000000000000000000000000000000000000000000000000000000000000000000000000000000000000000000000000000000000000000000000000000000000000000000000000000000000000000000111110000000000000000000000000110000000
0000000000000000000000000000000000000000000000000000000000000000000000000000000000000000000000000000000000000000000000000000000000000000000000000000000000000000000000000000000000000000000000000000000000000000000000000000000000000000000000000000000011000000
0000000000000000000000000000000000000000000000000000000000000000000000000000000000000000000000000000000000000000000000000000000000000000000000000000000000000000000000000000000000000000000000000000000000000000000000000000000000000000000000000000000011100000
0000000000000000000000000000000000000000000000000000000000000000000000000000000000000000000000000000000000000000000000000000000000000000000000000000000000000000000000000000000000000000000000000000000000000000000000000000000000000000000000000000000001110000
0000000000000000000000000000000000000000000000000000000000000000000000000000000000000000000000000000000000000000000000000000000000000000000000000000000000000000000000000000000000000000000000000000000000000000000000000000000000000000000000000000000000111000
0000000000000000000000000000000000000000000000000000000000000000000000000000000000000000000000000000000000000000000000000000000000000000000000000000000000000000000000000000000000000000000000000000000000000000000000000000000000000000000000000000000000011100
0000000000000000000000000000000000000000000000000000000000000000000000000000000000000000000000000000000000000000000000000000000000000000000000000000000000000000000000000000000000000000000000000000000000000000000000000000000000000000000000000000000000001100
0000000000000000000000000000000000000000000000000000000000000000000000000000000000000000000000000000000000000000000000000000000000000000000000000000000000000000000000000000000000000000000000000000000000000000000000000000000000000000000000000000000000000111
0000000000000000000000000000000000000000000000000000000000000000000000000000000000000000000000000000000000000000000000000000000000000000000000000000000000000000000000000000000000000000000000000000000000000000000000000000000000000000000000000000000000001111
0000000000000000000000000000000000000000000000000000000000000000000000000000000000000000000000000000000000000000000000000000000000000000000000000000000000000000000000000000000000000000000000000000000000000000000000000000000000000000000000000000000000111111
0000000000000000000000000000000000000000000000000000000000000000000000000000000000000000000000000000000000000000000000000000000000000000000000000000000000000000000000000000000000000000000000000000000000000000000000000000000000000000000000000000000001110000
0000000000000000000000000000000000000000000000000000000000000000000000000000000000000000000000000000000000000000000000000000000000000000000000000000000000000000000000000000000000000000000000000000000000000000000000000000000000000000000000000000000011100000
0000000000000000000000000000000000000000000000000000000000000000000000000000000000000000000000000000000000000000000000000000000000000000000000000000000000000000000000000000000000000000000000000000000000000000000000000000000000000000000000000000000111000000
0000000000000000000000000000000000000000000000000000000000000000000000000000000000000000000000000000000000000000000000000000000000000000000000000000000000000000000000000000000000000000000000000000000000000000000000000000000000000000000000000000011110000000
0000000000000000000000000000000000000000000000000000000000000000000000000000000000000000000000000000000000000000000000000000000000000000000000000000000000000000000000000000000000000000000000000000000000000000000000000000000000000000000000000011111100000000
0000000000000000000000000000000000000000000000000000000000000000000000000000000000000000000000000000000000000000000000000000000000000000000000000000000000000000000000000000000000000000000000000000000000000000000000000000000000000000000000011111100000000000
0000000000000000000000000000000000000000000000000000000000000000000000000000000000000000000000000000000000000000000000000000000000000000000000000000000000000000000000000000000000000000000000000000000000000000000000000000000000000000000011111100000000000000
0000000000000000000000000000000000000000000000000000000000000000000000000000000000000000000000000000000000000000000000000000000000000000000000000000000000000000000000000000000000000000000000000000000000000000000000000000000000000000011111100000000000000000
0000000000000000000000000000000000000000000000000000000000000000000000000000000000000000000000000000000000000000000000000000000000000000000000000000000000000000000000000000000000000000000000000000000000000000000000000000000000000011111100000000000000000000
0000000000000000000000000000000000000000000000000000000000000000000000000000000000000000000000000000000000000000000000000000000000000000000000000000000000000000000000000000000000000000000000000000000000000000000000000000000000001111100000000000000000000000
0000000000000000000000000000000000000000000000000000000000000000000000000000000000000000000000000000000000000000000000000000000000000000000000000000000000000000000000000000000000000000000000000000000000000000000000000000000000111110000000000000000000000000
0000000000000000000000000000000000000000000000000000000000000110000000000000000000000000000000000000000000000000000000000000000000000000000000000000000000000000000000000000000000000000000000000000000000000000000000000000000111110000000000000000000000000000
0000000000000000000000000000000000000000000000000000000000000110000000000000000000000000000000000000000000000000000000000000000000000000000000000000000000000000000000000000000000000000000000000000000000000000000000000000111111000000000000000000000000000000
0000000000000000000000000000000000000000000000000000000000000110000000000000000000000000000000000000000000000000000000000000000000000000000000000000000000000000000000000000000000000000000000000000000000000000000000000111111000000000000000000000000000000000
0000000000000000000000000000000000000000000000000000000000000111000000000000000000000000000000000000000000000000000000000000000000000000000000000000000000000000000000000000000000000000000000000000000000000000000000111111100000000000000000000000000000000000
0000000000000000000000000000000000000000000000000000000000000011100011110000000000000000000000000000000000000000000000000000000000000000000000000000000000000000000000000000000000000000000000000000000000000000001111111000000000000000000000000000000000000000
0000000000000000000000000000000000000000000000000000000000000001111111111100000000000000000000000000000000000000000000000000000000000000000000000000000000000000000000000000000000000000000000000000000000000001111111000000000000000000000000000000000000000000
0000000000000000000000000000000000000000000000000000000000000000111110011110000000000000000000000000000000000000000000000000000000000000000000000000000000000000000000000000000000000000000000000000000000000111111000000000000000001110000000000000000000000111
0000000000000000000000000000000000000000000000000000000000000000000000000111110000000000000000000000000000000000000000000000000000000000000000000000000000000000000000000000000000000000000000000000000000111111000000000000001000111111100000000000000000011111
0000000000000000000000000000000000000000000000000000000000000000000000000001111111100000000000000000000000000000000000000000000000000000000000000000000000000000000000000000000000000000000000000000000011111000000000000001111111111011111111111100000001111101
0000000000000000000000000000000000000000000000000000000000000000000000000000011111111111100000000000000000000000000000000000000000000000000000000000000000000000000000000000000000011110000000000000000111100000000000001111111111100000011111111111000011100011
0000000000000000000000000000000000000000000000000000000000000000000000000000000000111111111000000000000000000000000000000000000000000000000000000000000000000000000000000000001111111111000000000000011110000000000011111110111100000000000000000111100011000011
0000000000000000000000000000000000000000000000000000000000000000000000000000000000000000111100000000000000000000000000000000000000000000000000000000000000000111110000000000011111100011100000000001111000000000001111110001111000000000000000000001110110000110
0000000000000000000000000000000000000000000000000000000000000000000000000000000000000000001110000000000000000000000000000000000011100000000000000000000000111111111000000000111000000001100000000111110000000000011100000011100000000000000000000000111110001110
0000000000000000000000000000000000000000000000000000000000000000000000000000000000000000000111100000000000000000000000000000111111111111000000000000000111111000011111000011110000000000110000000110000000000000111000001111000000000000000000000000011110011100
0000000000000000000000000000000000000000000000000000000000000000000000000000000000000000000011111000000000000000000000000011111100011111110011111111111111000000000111111111000000000000111000000110000000000011110000111100000000000000000000000000000000111000
0000000000000000000000000000000000000000000000000000000000000000000000000000000000000000000000111100000000000000000000000111100000000001111111111111111000000000000000111110000000000000011110000110000000001111000011110000000000000000000000000000000000110000
0000000000000000000000000000000000000000000000000000000000000000000000000000000000000000000000001110000000000000000000001110000000000000001110000011100000000000000000000000000000000000001111000011000000111100000111000000000000000000000000000000000000110000
0000000000000000000000000000000000000000000000000000000000000000000000000000000000000000000000000111000000000000000000111100000001100000000000001111000000000000000000000000000000000000000011101111000011110000000110000000000000000000000000000000000001100000
0000000000000000000000000000000000000000000000000000000000000000000000000000000000000000000000000001110000000000000000110000000011111100111111111110000000000000000000000000000000000000000001111110000011100000001110000000000000000000000000000000000001100000
0000000000000000000000000000000000000000000000000000000000000000000000000000000000000000000000000000111111110000000011110000001111111111111111110000000000000000000000000000000000000000000000111000000110000000111100000000000000000000000000000000000011100000
0000000000000000000000000000000000000000000000000000000000000000000000000000000000000000000000000000011111111111111111000000011110000111000000000000000000000000000000000000000000000000000000011000000110000001110000000000000000000000000000000000001111000000
0000000000000000000000000000000000000000000000000000000000000000000000000000000000000000000000000000000000001111111110000000111000000000000000000000000000000000000000000000000000000000000000011100001100000001100000000000000000000000000000000000011110000000
0000000000000000000000000000000000000000000000000000000000000000000000000000000000000000000000000000000000000000000000000000110000000000000000000000000000000000000000000000000000000000000000011000001100000011000000000000000000000000000000000000111000000000
0000000000000000000000000000000000000000000000000000000000000000000000000000000000000000000000000000000000000000000000001111110000000000000000000000000000000000000000000000000000000000000000011100001100000110000000000000000000000000000000000001110000000000
0000000000000000000000000000000000000000000000000000000000000000000000000000000000000000000000000000000000000000011111111111100000000000000000000000000000000000000000000000000000000000000000001111011000001100000000000000000000000000000000000001100000000000
0000000000000000000000000000000000000000000000000000000000000000000000000000000000000000000000000000000000111111111111110000000000000000000000000000000000000000000000000000000000000000000000000011011000011000000000000000000000000000000000000011100000000000
0000000000000000000000000000000000000000000000000000000000000000000000000000000000000000000000000000000001111111110000000000000000000000000000000000000000000000000000000000000000000000000000000111111001110000000000000000000000000000000000000011000000000000
0000000000000000000000000000000000000000000000000000000000000000000000000000000000000000000000000000000001100000000000000000000000000000000000000000000000000000000000000000000000000000000000011110110011100000000000000000011000000000000000000110000000000000
0000000000000000000000000000000000000000000000000000000000000000000000000000000000000000000000000000000011100000000000000000000000000000000000000000000000000000000000000000000000000000000000111001111111000000000000000000111000000000000000001110000000000000
1111111000000000000000000000000000000000000000000000000000000000000000000000000000000000000000000000011111000000000000000000000000000000000000000000000000000000000000000000000000000001111111110011111110000000000000000000011000000000000000001100000000000000
1111111100000000000000000000000000000000000000000000000000000000000000000000000001111111110111100001111100000000000000000000000000000000000000000000000000000000000000000000000000001111111111100011111000000000000000000000011000000000000000001100000000000000
0000001111100000000000000000000000000000000000000000000000000000000000000000000111111111111111111111100000000000000000000000000000000000000000000000000000000000000000000000000000011110000010000111100000000000000000000000011100000000000000011100000000000000
0000000111100000000000000000000000000000000000000000000000000000000000000000001111000000001100111110000000000000000000000000000000000000000000000000000000000000000000000000000000111000000000001111000000000000000000000000011110000000000000111000000000000000
0000000001110000000000000000000000000000000000000000000000000000000000000000011100000000000000000000000000000000000000000000000000000000000000000000000000000000000000000000000001110000000000011110000000000000000000000011111110000001111111110000000000000000
0000000000111100000000000000000000000000000000000000000000000000000000000011111000000000000000000000000000000000000000000000000000000000000000000000000000000000000000000000000001100000000000011100000000000000000000000111111100000011111111100000000000000000
0000000000011111000000000000000000000000000000000000000000000000000011111111110000000000000000000000000000000000000000000000000000000000000000000000000000000000000000000000000001100000000001111000000000000000000000001110100000011111000000000000000000000000
0000000000000011100000000000000000000000000000000000000000000000000001111100000000000000000000000000000000000000000000000000000000000000000000000000000000000000000000000000000001100000000011100000000000000000000000011110000001111110000000000000000000000000
0000000000000001110000000000000000000000000000000000000000000000000000000000000000000000000000000000000000000000000000000000000000000000000000000000000000000000000000000000000001100000000111000000000000000000000000011000000011111000000000000000000000000000
0000000000000000111000000000000000000000000000000000000000000000000000000000000000000000000000000000000000000000000000000000000000000000000000000000000000000000000000000000000011000000001110000000000000000000000000011000000011000000000000000000000000000000
0000000000000000011000000000000000000000000000000000000000000000000000000000000000000000000000000000000000000000000000000000000000000000000000000000000000000000000000000000001111000000011100000000000000000000000000110000000011000000000000000000000000000000
0000000000000000011000000000000000000000000000000000000000000000000000000000000000000000000000000000000000000000000000000000000000000000000000000000000000000000000000000000111110000000111000000000000000000000000000110000000011000000000000000000000000000000
0000000000000000011100000000000000000000000000000000000000000000000000000000000000000000000000000000000000000000000000000000000000000000000000000000000000000000000000000011111000000001110000000000000000000000000000110000000111000000000000000000000000000000
0000000000000000001100000000000000000000000000000000000000000000000000000000000000000000000000000000000000000000000000000000000000000000000000000000000000000000000000011111111000000011100000000000000000000000000000110000000111000000000000000000000000000000
0000000000000000000110000000000000000000000000000000000000000000000000000000000000000000000000000000000000000000000000000000000000000000000000000000000000000000000000111111111110000111000000000000000000000000000001100000000011100000000000000000000000000000
0000000000000000000110000000000000000000000000000000000000000000000000000000000000000000000000000000000000001000000000000000000000000000000000000000000000000000000001110111000111000110000000000000000000000000000011100000000001111100000000000000000000000000
0000000000000000000011000000000000000000000000000000000000000000000000000000000000000000000000000000000001111111000000000000000000000000000000000000000000000000000011101110000011001100000000000000000000000000000111000000000000011111000000000000000000000000
0000000000000000000011100000000000000000000000000001111100000000000000000000000000000000000000000000000011110110000000000000000000000000000000000000000000000000000011011100000011111100000000000000000000000000001110000000000000000011111000000000000000000000
0000000000000000000001111110000000000000000000000111111110000000000000000000000000000000000000001111111111000000000000000000000000000000000000000000000000000000000111111000000001110000000000000000000000000000001100000000000000000000111100000000000000000000
0000000000000000000000011111100000000000000000001110000111000000000000000000000000000011110000011111111110000000000000000000000000000000000000000000000000000000011111110000000000000000000000000000000000000000011000000000000000000000011110000000000000000000
0000000000000000000000000011100011110000000000011100000011100000000000000000111111111111111111111000000000000000000000000000000000000000000000000000000000000000111111000000000000000000000000000000000000000000111000000000000000000000000110000000000000000000
0000000000000000000000000001111111111111110000111000000001111000000000000011111111111110011111110000000000000000000000000000000000000000000000000000000000000011111110000000000000000000000000000000000000000001110000000000000000000000001100000000000000000000
0000000000000000000000000000111110001111111111110000000000011100000000001111100000000000000011111111000000000000000000000000000000000000001110000000000000011111100000000000000000000000000000000000000000000001100000000000000000000000001100000000000000000000
0000000000000000000000000000000000000000011111100000000000011111111111111100000000000000000000111111111000111111110000000000000000000001111111111111111111111110000000000000000000000000000000000000000000000001100000000000000000000000001100000000000000000000
0000000000000000000000000000000000000000000000000000000000001111111111111000000000000000000000000000111111111111111111000000000000001111110001111111111111100000000000000000000000000000000000000000000000000001100000000000000000000000001100000000000000000000
0000000000000000000000000000000000000000000000000000000000000111110000000000000000000000000000000000001111000000001111111110000000111110000000000000001110000000000000000000000000000000000000000000000000000001111111000000000000000000011000000000000000000000
0000000000000000000000000000000000000000000000000000000000000011000000000000000000000000000000000000000000000000000001111111111111111000000000000000001100000000000000000000000000000000000000000000000000000000111111100000000000000000011000000000000000000000
0000000000000000000000000000000000000000000000000000000000000001100000000000000000000000000000000000000000000000000000000001111111000000000000000000111100000000000000000000000000000000000000000000000000000000000011100000000000000000011000000000000000000000
0000000000000000000000000000000000000000000000000000000000000001111100000000000000000000000000000000000000000000000000000000001110000000000000000001110000000000000000000000000000000000000000000000000000000000011111000000000000000000110000000000000000000000
0000000000000000000000000000000000000000000000000000000000000000011100000000000000000000000000000000000000000000000000000000001100000000000001111111100000000000000000000000000000000000000000000000000000000011111100000000000000000001110000000000000000000000
0000000000000000000000000000000000000000000000000000000000000000011100000000000000000000000000000000000000000000000000000000011100000000000011111111100000000000000000000000000000000000000000000000000000011111100000000000000000000011100000000000000000000000
0000000000000000000000000000000000000000000000000000000000000001111100000000000000000000000000000000000000000000000000000000111000000000000111000000000000000000000000000000000000000000000000000000000001111111100000000000000000001111000000000000000000000000
0000000000000000000000000000000000000000000000000000000000000001110000000000000000000000000000000000000000000000000000000000110000000000001110000000000000000000000000000000000000000000000000000000000011100001110000000000000001111100000000000000000000000000
0000000000000000000000000000000000000000000000000000000000000001100000000000000000000000000000000000000000000000000000000001100000000000001100000000000000000000000000000000000000000000000000000000000111000000110000000001111111110000000000000000000000000000
0000000000000000000000000000000000000000000000000000000000000011100000000000000000000000000000000000000000000000000000000011100000000000111100000000000000000000000000000000000000000000000000000000000110000000011000000011111110000000000000000000000000000000
0000000000000000000000000000000000000000000000000000000000011111000000000000000000000000000000000000000000000000000000000110000000000001111100000000000000000000000000000000000000000000000000000000001100000000011100000111000000000000000000000000000000000000
0000000000000000000000000000000000000000000000000000000000011100000000000000000000000000000000000000000000000000000000001110000000000011100000000000000000000000000000000000000000000000000000000000011100000000001110011110000000000000000000000000000000000000
0000000000000000000000000000000000000000000000000000000000011000000000000000000000000000000000000000000000000000000000011100000000000011000000000000000000000000000000000000000000000000000000000000111000001111000111111100000000000000000000000000000000000000
0000000000000000000000000000000000000000000000000000000000110000000000000000000000000000000000000000000000000000000000011000000000000111000000000000000000000000000000000000000000000000000000000001110000011111101111110000000000000000000000000000000000000000
0000000000000000000000000000000000000000000000000000000000110000000000000000000000000000000000000000000000000000000000110000000000000111100000000000000000000000000000000000000000000000000000000011110001111001111110000000000000000000000000000000000000000000
0000000000000000000000000000000000000000000000000000000000111000000000000000000000000000000000000000000000000000000000110000000000000011110000000000000000000000000000000000000000000000000000000111111011100001111000000000000000000000000000000000000000000000
0000000000000000000000000000000000000000000000000000000000011000000000000000000000000000000000000000000000000000000001110000000000000000110000000000000000000000000000000000000000000000000000011100011111000011100000000000000000000000000000000000000000000000
0000000000000000000000000000000000000000000000000000000000011000000000000000000000000000000000000000000000000000000011100000000000000001110000000000000000000000000000000000000000000000000001111000001100000111000000000000000000000000000000000000000000000000
0000000000000000000000000000000000000000000000000000000000011000000000000000000000000000000000000000000000000000011111000000000000000001100000000000000000000000000000000000000000000001111111110000000000001110000000000000000000000000000000000000000000000000
0000000000000000000000000000000000000000000000000000000000011000000000000000000000000000000000000000000000000001111100000000000000000011100000000000000000000000000000000000000000000111111110000000000000001100000000000000000000000000000000000000000000000000
0000000000000000000000000000000000000000000000000000000000011000000000000000000000000000000000000000000000001111110000000000000000111111000000000000000000000000000000000000000111111111000000000000000000011000000000000000000000000000000000000000000000000000
0000000000000000000000000000000000000000000000000000000000001100000000000000000000000000000000001100000111111111000000000000000000111111000000000000000000000000000000000000011111111100000000000000000000110000000000000000000000000000000000000000000000000000
0000000000000000000000000000000000000000000000000000000000011000000000000000000000000000000011111111111111110000000000000000000001110000000000000000000000000000000000000001111110000000000000000000000001110000000000000000000000000000000000000000000000000000
0000000000000000000000000000000000000000000000000000000000111000000000000000000000000000011111111111111000000000000000000000000000110000000000000000000000000000000000001111101100000000000000000000000001100000000000000000000000000000000000000000000000000000
0000000000000000000000000000000000000000000000000000000011111000000000000000000011111001111100000000000000000000000000000000000000110000000000000000000000000000000000011111011100000000000000000000000011000000000000000000000000000000000000000000000000000000
0000000000000000000000000000000000000000000000000000000111000000000000000011111111111111110000000000000000000000000000000000000000110000000000000000000000000000000000111001111000000000000000000000000011000000000000000000000000000000000000000000000000000000
0000000000000000000000000000000000000000000000000000011110000000000000000111111110001111000000000000000000000000000000000000000001110000000000000000000000000000000001110111110000000000000000000000000011000000000000000000000000000000000000000000000000000000
0000000000000000000000000000000000000000000000000000011000000000000000001110000000000000000000000000000000000000000000000000000111110000000000000000000000000000000011101111000000000000000000000000000011000000000000000000000000000000000000000000000000000000
0000000000000000000000000000000000000000000000000000011000000000000000111100000000000000000000000000000000000000000000000000000111000000000000000000000000000000000111011100000000000000000000000000001111000000000000000000000000000000000000000000000000000000
0000000000000000000000000000000000000000000000000000110000000000000001111000000000000000000000000000000000000000000000000000001110000000000000000000000000000000001111111000000000000000000000000000011100000000000000000000000000000000000000000000000000000000
0000000000000000000000000000000000000000000000000000110000000000000001100000000000000000000000000000000000000000000000000000001100000000000000000000000000011111111111100000000000000000000000000000111000000000000000000000000000000000000000000000000000000000
0000000000000000000000000000000000000000000000000000110000000000000001100000000000000000000000000000000000000000000000000000011100000000000000000000000000111111111100000000000000000000000000000001110000000000000000000000000000000000000000000000000000000000
0000000000000000000000000000000000000000000000000000110000000000000001100000000000000000000000000000000000000000000000000000011000000000000000000000000011110000000000000000000000000000000000000111100000000000000000000000000000000000000000000000000000000000
0000000000000000000000000000000000000000000000000000110000000000000001100000000000000000000000000000000000000000000000000000001100000000000000000000001111000000000000000000000000000000000000011110000000000000000000000000000000000000000000000000000000000000
0000000000000000000111000000000000000000000000000001110000000000000001100000000000000000000000000000000000000000000000000000001100000000000000000000111100000000000000000000000000000000000000011000000000000000000000000000000000000000000000000000000000000000
0000000000000000011111110000000000000000000000000001100000000000000001100000000000000000000000000000000000000000000000000000001100000000000000000011110000000000000000000000000000000000000000110000000000000000000000000000000000000000000000000000000000000000
0000000000000001111001110000000000000000000000000001100000000000000011100000000000000000000000000000000000000000000000000000001100000000000000001111000000000000000000000000000000000000000001110000000000000000000000000000000000000000000000000000000000000000
0000000000000011110000011110000000000000000000000001100000000000000111000000000000000000000000000000000000000000000000000000001100000000000000111100000000000000000000000000000000000000000111100000000000000000000000000000000000000000000000000000000000000000
0000000000001111000000011111100000000000000000000001100000000000001110000000000000000000000000000000000000000000000000000000011000000000000001110000000000000000000000000000000000000000001110000000000000000000000000000000000000000000000000000000000000000000
1111100000011100000000000001110000000000000000000001100000000000011100000000000000000000000000000000000000000000000000001100111000000000000000000000000000000000000000000000000000000000001100000000000000000000000000000000000000000000000000000000000000000000
1111111111111000000000000000111000000000000000000000110000000000011000000000000000000000000000000000000000000000000000011111110000000000000000000000000000000000000000000000000000000000001100000000000000000000000000000000000000000000000000000000000000000000
0000011111110000000000000000011110000000000000000000110000000000011000000000000000000000000000000000000000000000000000111011100000000000000000000000000000000000000000000000000000000000011000000000000000000000000000000000000000000000000000000000000000000000
0000000001000000000000000000000111000000000000000000111000000000011100000000000000000000000000000000000000000000000000110000000000000000000000000000000000000000000000000000000000000000111000000000000000000000000000000000000000000000000000000111111110000000
0000000000000000000000000000000011100000000000000000011000000000011000000000000000000000000000000000000000111100000001100000000000000000000000000000000000000000000000000000000000000000111000000000000000000000000000000000000000000000000001111111111111000000
0000000000000000000000000000000001110000000000000000011100000000011000000000000000000000000000000000000001111111111111100000000000000000000000000000000000000000000000000000000000000000011000000000000000000000000000000000000000000000011111111000000011100000
0000000000000000000000000000000000111110000000000000001100000000111000000000000000000000000000000000000011100111111111000000000000000000000000000000000000000000000000000000000000000000011000000000000000000000000000000000000000001111111110000000000001100000
0000000000000000000000000000000000001110000000000000001110000001110000000000000000000000000000000000000011000000000000000000000000000000000000000000000000000000000000000000000000000000011000000000000000000000000000000000000011111111100000000000000001100000
0000000000000000000000000000000000000111000000000000000110011111111111111000000000000000000000000000000011000000000000000000000000000000000000000000000000000000000000000000000000000000011000000000000000000000000000000000000011111000000000000000000011000000
0000000000000000000000000000000000000011110000000000000111111111111111111100000000000000000000000000000011000000000000000000000000000000000000000000000000000000000000000000000000000000011000000000000000000000000000000000000000000000000000000000000011000000
0000000000000000000000000000000000000000111000000000000001110001110000001100000000000000000000000000000011111000000000000000000000000000000000000000000000000000000000000000000000000000111000000000000000000000000000000000000000000000000000000000000011110000
0000000000000000000000000000000000000000011000000000000011100111100000000110000000000000000000000000000011111110000000000000000000000000000000000000000000000000000000000000000000000001110000000000000000000000000000000000000000000000000000000000000001111111
0000000000000000000000000000000000000000011100011111110011111111000000000000000000000000000000000000000000011110000000000000000000000000000000000000000000000000000000000000000000000011100000000000000000000000000000000000000000000000000000000000000000001111
0000000000000000000000000000000000000000001111111111111111111100000000000000000000000000000000000000000000111110000000000000000000000000000000000000000000000000000000000000000000000111000000000000000000000000000000000000000000000000000000000000000000000000
0000000000000000000000000000000000000000000111100000001110000000000000000000000000000000000000000000000000110000000000000000000000000000000000000000000000000000000000000000000000000110000000000000000000000000000000000000000000000000000000000000000000000000
0000000000000000000000000000000000000000000000000000000000000000000000000000000000000000000000000000011000110000000000000000000000000000000000000000000000000000000000000000000000000110000000000000000000000000000000000000000000000000000000000000000000000000
0000000000000000000000000000000000000000000000000000000000000000000000000000000000000000000000000000111111110000000000000000000000000000000000000000000000000000000000000000000000001110000000000000000000000000000000000000000000000000000000000000000000000000
0000000000000000000000000000000000000000000000000000000000000000000000000000000000000000000000000001110111100000000000000000000000000000000000000000000000000000000000000000000001111100000000000000000000000000000000000000000000000000000000000000000000000000
0000000000000000000000000000000000000000000000000000000000000000000000000000000000000000000000001111100011100000000000000000000000000000000000000000000000000000000000000000000111111000000000000000000000000000000000000000000000000000000000000000000000000000
0000000000000000000000000000000000000000000000000000000000000000000000000000000000000000000000011110000000000000000000000000000000000000000000000000000000000000000000000000111110000000000000000000000000000000000000000000000000000000000000000000000000000000
0000000000000000000000000000000000000000000000000000000000000000000000000000000000000000000011111000000000000000000000000000000000000000000000000000000000000000000000000011111000000000000000000000000000000000000000000000000000000000000000000000000000000000
0000000000000000000000000000000000000000000000000000000000000000000000000000000000000000000111100000000000000000000000000000000000000000000000000000000000000000000000001111000000000000000000000000000000000000000000000000000000000000000000000000001111110000
0000000000000000000000000000000000000000000000000000000000001110000000000000000000000000001110000000000000000000000000000000000000000000000000000000000000000000000000011110000000000000000000000000000000000000000000000000000000000000000000000000111111111000
0000000000000000000000000000000000000000000000000000000000001111000000000000000000000001111100000000000000000000000000000000000000000000000000000000000000000000000000011000000000000000000000000000000000000000000000000000000000000000000000000001111000011100
0000000000000000000000000000000000000000000000000000000000001111111110000000000000000111111000000000000000000000000000000000000000000000000000000000000000000000000001111000000000000000000000000000000000000000000000000000000000000000000000000011100000001100
0000000000000000000000000000000000000000000000000000000000111101111111000000000000011110000000000000000000000000000000000000000000000000000000000000000000000000000111110000000000000000000000000000000000000000000000000000000000000000000000000011000000000111
0000000000000000000000000000000000000000000000000000000000111000000011000000000000111100000000000000000000000000000000000000000000000000000000000000000000000000001110000000000000000000000000000000000000000000000000000000000000000000000000000011000000000111
0000000000000000000000000000000000000000000000000000000001100000000001100000000111110000000000000000000000000000000000000000000000000000000000000000000000000000111100000000000000000000000000000000000000000000000000000000000000000000000000000110000000000001
0000000000000000000000000000000000000000000000000000000001110000000001110001111111100000000000000000000000000000000000000000000000000000000000000000000001110011111000000000000000000000000000000000000000000000000000000000000000000000011111111110000000000000
0000000000000000000000000000000000000000000000000000000000110000000000111011111100000000000000000000000000000000000000000000000000000000000000000000001111111111100000000000000000000000000000000000000000000000000000000000000000001111111111111100000000000000
0000000000000000000000000000000000000000000000000000000000111000000000011111000000000000000000000000000000000000000000000000000000000000000000000000011110011110000000000000000000000000000000000000000000000000000000000000100011111111100000000000000000000000
0000000000000000000000000000000000000000000000000000000000111100000000001110000000000000000000000000000000000000000000000000000000000000000000000000111000000000000000000000000000000000000000000000000000000000000000000011111111110000000000000000000000000000
0000000000000000000000000000000000000000000000000000000000111100000000000000000000000000000000000000000000000000000000000000000000000000000000000001110000000000000000000000000000000000000000000000000000000000000000000111111110000000000000000000000000000000
0000000000000000000000000000000000000000000000000000000001111000000000000000000000000000000000000000000000000000000000000000000000000000000000000011100000000000000000000000000000000000000000000000000000000000001100000110000100000000000000000000000000000000
0000000000000000000000000000000000000000000000000000000111100000000000000000000000000000000000000000000000000000000000000000000000000000000000000111000000000000000000000000000000000000000110000000000000000001111110001100000000000000000000000000000000000000
0000000000000000000000000000000000000000000000000011111111000000000000000000000000000000000000000000000000000000000000000000000000000000000000000110000000000000000000000000000000000000011111111110000000000111110111011100000000000000000000000000000000000000
0000000000000000000000000000000000000000000000111111111100000000000000000000000000000000000000000000000000000000000000000000000000000000000000001100000000000000000000000000000000000000111001111111100011111111000011111000000000000000000000000000000000000000
0000000000000000000000000000000000000000000011111100000000000000000000000000000000000000000000000000000000000000000000000000000000000000000000011100000000000000000000000000000000001111110000000011111111111000000000110000000000000000000000000000000000000000
0000000000000000000000000000000000000000000111000000000000000000000000000000000000000000000000000000000000000000000000000000000000000000000001111000000000000000000000000000011111111111100000000000011100000000000000000000000000000000000000000000000000000000
0000000000000000000000000000000000000000000110000000000000000000000000000000000000000000000000000000000000000000000000000000000011110000000111110000000000000000000000000001111111110000000000000000000000000000000000000000000000000000000000000000000000000000
0000000000000000000000000000000000000000000110000000000000000000000000000000000000000000000000000000000000000000000000000000000111111110011110000000000000000000000000000001100000000000000000000000000000000000000000000000000000000000000000000000000000000000
0000000000000000000000000000000000000000000110000000000000000000000000000000000000000000000000000000000000000000000000000000011111111111111000000000000000000000000000000001100000000000000000000000000000000000000000000000000000000000000000000000000000000000
0000000000000000000000000000000000000000000111000000000000000000000000000000000000000000000000000000000000000000000001100001111111000001100000000000000000000000000000000001100000000000000000000000000000000000000000000000000000000000000000000000000000000000
0000000000000000000000000000000000000000000011000000000000000000000000000000000000000000000000000000000000001111111111111111110110000000000000000000000000000000000000000001100000000000000000000000000000000000000000000000000000000000000000000000000000000000
0000000000000000000000000000000000000000001111000000000000000000000000000000000000000000000000000000111111111111111110111111111110000000000000000000000000000000000000000111000000000000000000000000000000000000000000000000000000000000000000000000000000000000
0000000000000000000000000000000000000000011110000000000000000000000000000000000000000000000001011111111111110011000000000111111100000000000000000000000000000000000000011110000000000000000000000000000000000000000000000000000000000000000000000000000000000000
0000000000000000011111000000000000000000111000000000000000000000000000000000000000000000111111111111000000000000000000001111110000000000000000000000000000000000000011111100000000000000000000000000000000111111111111110000000000000000000000000000000000000000
0000000000000000111111100000000000000001110000000000000000000000000000000000000000000001111111100000000000000000000000111100000000000000000000000000000000000000001111100000000000000000000000000000000001111111111111111100000000000000000000000000000000000000
0000000000000001110001111110111100000001100000000000000000000000000000000000000000000000000000000000000000000000000011110000000000000000000000000000000000000000011110000000000000000000000000000000000001100000000000001111000000000000000000000000000000000000
0000000000000011100000111111111110000001100000000000000000000000000000000000000000000000000000000000000000000000001111000000000000000000000000000000000000011100111000000000000000000000000000000000000011000000111111111111111111111111100000000000000000000000
0000000000000011000000010001000110000001100000000000000000000000000000000000000000000000000000000000000000000000111100000000000000000000000000000000000000111111110000000000000000000000000000000000000111000011111111111111111111111111110000000000000000000000
0000000000000110000000000000000111111001100000000000000000000000000000000000000000000000000000000000000000000011111000000000000000000000000000000000000001110011100000000000000000000000000000000000001110000111000000000111100000000000111000000000000000000000
0000000000001110000000000000000011111111100000000000000000000000000000000000000000000000000000000000000000001111100000000000000000000000000000000000000011100000000000000000000000000000000000000000111100001110000000000001110000000000011100000000000000000000
0000000000001100000000000000000011100111000000000000000000000000000000000000000000000000000000000000000000111110000000000000000000000000000000000000000111000000000000000000000000000000000000000011111000111000000000000000111100000000000111000000000000000000
0000000000011100000000000000000000000000000000000000000000000000000000000000000000000000000000000000000011111000000000000000000000000000000000000000001110000000000000000000000000000000000000001111100001110000000000000000001110000000000011100000000000000000
0000000001111000000000000000000000000000000000000000000000000000000000000000000000000000000000000000001111100000000000000000000000000000000000000000001100000000000000000000000000000000000000111110000111100000000000000000000111000000000001110000000000000000
0000000011100000000000000000000000000000000000000000000000000000000000000000000000000000000000000000011110000000000000000000000000000000000000000000011100000000000000000000000000000000000111110001111110000000000000000000000011100000000000111000000000000000
0000000111000000000000000000000000000000000000000000000000000000000000000000000000000000000000000001111000000000000000000000000000000000000000000000111000000000000000000000000000000000011111001111111000000000000000000000000001110000000000011100000000000000
0000001110000000000000000000000000000000000000000000000000000000000000000000000000000000000000000111100000000000000000000000000000000000000000000001110000000000000000000000000000000001111101111110000000000000000000000000000000111000000000001110000000000000
0000011000000000000000000000000000000000000000000000000000000000000000000000000000000000000000011110000000000000000000000000000000000000000000000011100000000000000000000000000000001111100111110000000000000000000000000000000000011110000000000111000000000000
0001111000000000000000000000000000000000000000000000000000000000000000000000000000000000000001111100000000000000000000000000000000000000000000000111000000000000000000000000000000111110011111000000000000000000000000000000000000000111000000000011110000000000
1111110000000000000000000000000000000000000000000000000000000000000000000000000000000000000011110000000000000000000000000000000000000000000000011110000000000000000000000000000111111000111100000000000000000000000000000000000000000011100000000000111100000000
1110000000000000000000000000000000000000000000000000000000000000000000000000000000000000001111000000000000000000000000000000000000000000000011111000000000000000000000000000011111000011110000000000000000000000000000000000000000000001111000000000011111110000
0000000000000000000000000000000000000000000000000000000000000000000000000000000000000000111100000000000000000000000000000000000000000000011111110000000000000000000000000011111100001111000000000000000000000000000000000000000000000000111100000000000011111000
0000000000000000000000000000000000000000000000000000000000000000000000000000000000000011110000000000000000000000000000000000000000000011111100000000000000000000000000001111100001111100000000000000000000000000000000000000000000000000001110000000000000011111
0000000000000000000000000000000000000000000000000000000000000000000000011111111111111111000000000000000000000000000000000000000000011111100000000000000000000000000001111110000111110000000000000000000000000000000000000000000000000000000111000000000000000111
0000000000000000000000000000000000000000000000000000000001111111111111111111111111111100000000000000000000000000000000000000000000111110000000000000000000000000000111110000011110000000000000000000000000000000000000000000000000000000000011100000000000000000
0000000000000000000000000000000000000000000000000000001111111111111111100000000000000000000000000000000000000000000000000000000001110000000000000000000000000000111111000001111100000000000000000000000000000000000000000000000000000000000001110000000000000000
0000000000000000000000000000000000000000000000000001111111000000000000000000000000000000000000000000000000000000000000000000011111100000000000000000000000000011111000000111110000000000000000000000000000000000000000000000000000000000000000111000000000000000
0000000000000000000000000000000000000000000000001111110000000000000000000000000000000000000000000000000000000000000000000001111111000000000000000000000000011111100000011111000000000000000000000000000000000000000000000000000000000000000000011100000000000000
0000000000000000000000000000000000000000000011111110000000000000000000000000000000000000000000000000000000000000000000001111100000000000000000000000000000111100000001111100000000000000000000000000000000000000000000000000000000000000000000001110000000000000
0000000000000000000000000000000000000000011111110000000000000000000000000000000000000000000000000000000000000000000000111110000000000000000000000000000000110000001111110000000000000000000000000000000000000000000000000000000000000000000000000111000000000000
0000000000000000000000000000000000000011111110000000000000000000000000000000000000000000000000000000000000000000001111110000000000000000000000000000000001110001111110000000000000000000000000000000000000000000000000000000000000000000000000000011100000000000
0000000000000000000000000000000000011111110000000000000000000000000000000000000000000000000000000000000000000001111111000000000000000000000000000000000001100111110000000000000000000000000000000000000000000000000000000000000000000000000000000001111000000000
0000000000000000000000000000000011111110000000000000000000000000000000000000000000011111111100000000000001111111111000000000000000000000000000000000000011111111000000000000000000000000000000000000000000000000000000000000000000000000000000000000111111000000
0000000000000000000000000000001111110000000000000000000000000000000000000000000000011111111111100000111111111111000000000000000000000111111111111111111111111000000000000000000000000000000000000000000000000000000000000000000000000000000000000000000111111110
0000000000000000000000000001111110000000000000000000000000000000000000000000000000111000000011111111111110000000000000000000000001111111111111111111111110000000000000000000000000000000000000000000000000000000000000000000000000000000000000000000000000111111
0000000000000000000000000111110000000000000000000000000000000000000000000000111110110000000000011111100000000000000000000000001111111000000000000000000000000000000000000000000000000000000000000000000000000000000000000000000000000000000000000000000000000001
0000000000000000000000000110000000000000000000000000000100000000000000001111111111110000000000000000000000000000000000000011111110000000000000000000000000000000000000000000000000000000000000000000000000000000000000000000000000000000000000000000000000000000
0000000000000000000000001110000000000000000000000000011111000000011111111111000001100000000000000000000000000000000000011111110000000000000000000000000000000000000000000000000000000000000000000000000000000000000000000000000000000000000000000000000000000000
0000000000000000000011111100000000000000000000001111111011111111111111110000000000000000000000000000000000000000000001111110000000000000000000000000000000000000000000000000000000000000000000000000000000000000000000000000000000000000000000000000000000000000
0000000000000000011111110000000000000001111111111111100000111111100000000000000000000000000000000000000000000000011111110000000000000000000000000000000000000000000000000000000000000000000000000000000000000000000000000000000000000000000000000000000000000000
0000000000000111111100000000000000011111111111110000000000000000000000000000000000000000000000000000001111111111111110000000000000000000000000000000000000000000000000000000000000000000000000000000000000000000000000000000000000000000000000000000000000000000
0000011111111111111111111111110001111110000000000000000000000000000000000000111111111111111111111111111111111111100000000000000000000000000000000000000000000000000000000000000000000000000000000000000000000000000000000000000000000000000000000000000000000000
1111111111111111111111111111111111110000000000000000000000000000000001111111111111111111111111111111111111111000000000000000000000000000000000000000000000000000000000000000000000000000000000000000000000000000000000000000000000000000000000000000000000000000
1111100000011111000000000000011111000000000000000000000000000000011111111111000000000000000000000000001111100000000000000000000000000000000000000000000000000000000000000000000000000000000000000000000000000000000000000000000000000000000000000000000000000000
1111111111111100000000000000000111111111111110000000001111111111111111000000000000000000000000000000011000000000000000000000000000000000000000000000000000000000000000000000000000000000000000000000000000000000000000000000000000000000000000000000000000000000
0001111111110000000000000000000000111111111111111111111111111111100000000000000000000000000000000000110000000000000000000000000000000000000000000000000000000000000000000000000000000000000000000000000000000000000000000000000000000000000000000000000000000000
0000000000000000000000000000000000000000000001111111110000000110000000000000000000000000000000000001100000000000000000000000000000000000000000000000000000000000000000000000000000000000000000000000000000000000000000000000000000000000000000000000000000000000
0000000000000000000000000000000000000000000000000000000000000110000000000000000000000000000000000001100000000000000000000000000000000000000000000000000000000000000000000000000000000000000000000000000000000000000000000000000000000000000000000000000000000000
0000000000000000000000000000000000000000000000000000000000001100000000000000000000000000000000000001100000000000000000000000000000000000000000000000000000000000000000000000000000000000000000000000000000000000000000000000000000000000000000000000000000000000
0000000000000000000000000000000000000000000000000000000000001100000000000000000000000000000000000001100000000000000000000000000000000000000000000000000000000000000000000000000000000000000000000000000000000000000000000000000000000000000000000000000000000000
0000000000000000000000000000000000000000000000000000000000001100000000000000000000000000000000000001100000000000000000000000000000000000000000000000000000000000000000000000000000000000000000000000000000000000000000000000000000000000000000000000000000000000
0000000000000000000000000000000000000000000000000000000000011100000000000000000000000000000000000001100000000000000000000000000000000000000000000000000000000000000000000000000000000000000000000000000000000000000000000000000000000000000000000000000000000000
