0000111100000000000000000000000000000000000110000000000000000000000000000000000000000000000000000000000000000000111000000001111100000000000000000000000000000000000000000000000000000000000000000000000000000000000000000000000000000000000000111000000000000000
0011110000000000000000000000000000000000000110000000000000000000000000000000000000000000000000000000000000000000011100000111110000000000000000000000000000000000000000000000000000000000000000000000000000000000000000000000000000000000000000110000000000000000
1111000000000000000000000000000000000000000110000000000000000000000000000000000000000000000000000000000000000000001111111111000000000000000000000000000000000000000000000000000000000000000000000000000000000000000000000000000000000000000000110000000000000000
1100000000000000000000000000000000000000000111000000000000000000000000000000000000000000000000000000000000000000000011111100000000000000000000000000000000000000000000000000000000000000000000000000000000000000000000000000000000000000000000110000000000000000
0000000000000000000000000000000000000000000011000000000000000000000000000000000000000000000000000000000000000000000001110000000000000000000000000000000000000000000000000000000000000000000000000000000000000000000000000000000000000000000000110000000000000000
0000000000000000000000000000000000000000000011100000000000000000000000000000000000000000000000000000000000000000000000111100111000000000000000000000000000000000000000000000000000000000000000000000000000000000000000000000000000000000000000110000000000000000
0000000000000000000000000000000000000000000001100000000000000000000000000000000000000000000000000000000000000000000000011111111100000000000000000000000000000000000000000000000000000000000000000000000000000000000000000000000000000000000000110000000000000000
0000000000000000000000000000000000000000000001100000000000000000000000000000000000000000000000000000000000000000000000000011101110000000000000000000000000000000000000000000000000000000000000000000000000000000000000000000000000000000000000100000000000000000
0000000000000000000000000000000000000000000000110000000000000000000000000000000000000000000000000000000000000000000000000000000111000000000000000000000000000000000000000000000000000000000000000000000000000000000000000000000000000000000000000000000000000000
0000000000000000000000000000000000000000000000110000000000000000000000000000000000000000000000000000000000000000000000000000000011111000000000000000000000000000000000000000000000000000000000000000000000000000000000000000000000000000000000000000000000000000
0000000000000000000000000000000000000000000000110000000000000000000000000000000000000000000000000000000000000000000000000000000000111000000000000000000000000000000000000000000000000000000000000000000000000000000000000000000000000000000000000000000000000000
0000000000000000000000000000000000000000000000110000000000000000000000000000000000000000000000000000000000000000000000000000000000011000000000000000000000000000000000000000000000000000000000000000000000000000000000000000000000000000000000000000000000000000
0000000000000000000000000000000000000000000000110000000000000000000000000000000000000000000000000000000000000000000000000000000000011000000000000000000000000000000000000000000000000000000000000000000000000000000000000000000000000000000000000000000000000000
0000000000000000000000000000000000000000000000011000000000000000000000000000000000000000000000000000000000000000000000000000000000011100000000000000000000000000000000000000000000000000000000000000000000000000000000000000000000000000000000000000000000000000
0000000000000000000000000000000000000000000000011000000000000000000000000000000000000000000000000000000000000000000000000000000000001110000000000000000000000000000000000000000000000000000000000000000000000000000000000000000000000000000000000000000000000000
0000000000000000000000000000000000000000000000011000000000000000000000000000000000000000000000000000000000000000000000000000000000000111000000000000000000000000000000000000000000000000000000000000000000000000000000000000000000000000000000000000000000000000
0000000000000000000000000000000000000000000000011000000000000000000000000000000000000000000000000000000000000000000000000000000000000011100000000000000000000000000000000000000000000000000000000000000000000000000000000000000000000000000000000000000000000000
0000000000000000000000000000000000000000000000011000000000000000000000000000000000000000000000000000000000000000000000000000000000000001100000000000000000000000000000000000000000000000000000000000000000000000000000000000000000000000000000000000000000000000
0000000000000000000000000000000000000000000000011000000000000000000000000000000000000000000000000000000000000000000000000000000000000000111100000000000000000000000000000000000000000000000000000000000000000000000000000000000000000000000000000000000000000000
0000000000000000000000000000000000000000000000011000000000000000000000000000000000000000000000000000000000000000000000000000000000000000111110000000000000000000000000000000000000000000000000000000000000000000000000000000000000000000000000000000000000000000
0000000000000000000000000000000000000000000000001100000000000000000000000000000000000000000000000000000000000000000000000000000000000000000111000000000000000000000000000000000000000000000000000000000000000000000000000000000000000000000000000000000000000000
0000000000000000000000000000000000000000000000001100000000000000000000000000000000000000000000000000000000000000000000000000000000000000000011000000000000000000000000000000000000000000000000000000000000000000000000000000000000000000000000000000000000000000
0000000000000000000000000000000000000000000000001100000000000000000000000000000000000000000000000000000000000000000000000000000000000000000011100000000000000000000000000000000000000000000000000000000000000000000000000000000000000000000000000000000000000000
0000000000000000000000000000000000000000000000001100000000000000000000000000000000000000000000000000000000000000000000000000000000000000000001110000000000000000000000000000000000000000000000000000000000000000000000000000000000000000000000000000000000000000
0000000000000000000000000000000000000000000000001100000000000000000000000000000000000000000000000000000000000000000000000000000000000000000000111100000000000000000000000000000000000000000000000000000000000000000000000000000000000000000000000000000000000000
0000000000000000000000000000000000000000000000001100000000000000000000000000000000000000000000000000000000000000000000000000000000000000000000011111000000000000000000000000000000000000000000000000000000000000000000000000000000000000000000000000000000000000
0000000000000000000000000000000000000000000000001100000000000000000000000000000000000000000000000000000000000000000000000000000000000000000000000111100000000000000000000000000000000000000000000000000000000000000000000000000000000000000000000000000000000000
0000000000000000000000000000000000000000000000000110000000000000000000000000000000000000000000000000000000000000000000000000000000000000000000000001100000000000000000000000000000000000000000000000000000000000000000000000000000000000000000000000000000000000
0000000000000000000000000000000000000000000000000110000000000000000000000000000000000000000000000000000000000000000000000000000000000000000000000000110000000000000000000000000000000000000000000000000000000000000000000000000000000000000000000000000000000000
0000000000000000000000000000000000000000000000000110000000000000000000000000000000000000000000000000000000000000000000000000000000000000000000000000111000000000000000000000000000000000000000000000000000000000000000000000000000000000000000000000000000000000
0000000000000000000000000000000000000000000000000110000000000000000000000000000000000000000000000000000000000000000000000000000000000000000000000000011100000000000000000000000000000000000000000000000000000000000000000000000000000000000000000000000000000000
0000000000000000000000000000000000000000000000001110000000000000000000000000000000000000000000000000000000000000000000000000000000000000000000000000001111100000000000000000000000000000000000000000000000000000000000000000000000000000000000000000000000000000
0000000000000000000000000000000000000000000000001100000000000000000000000000000000000000000000000000000000000000000000000000000000000000000000000000000011111110000000000000000000000000000000000000000000000000000000000000000000000000000000000000000000000000
0000000000000000000000000000111111111110000000011100000000000000000000000000000000000000000000000000000000000000000000000000000000000000000000000000000000111111000000000000000000000000000000000000000000000000000000000000000000000000000000000000000000000000
0000000000000000000000000011111111111111111111111000000000000000000000000000000000000000000000000000000000000000000000000000000000000000000000000000000000000011100000000000000000000000000000000000000000000000000000000000000000000000000000000000000000000000
0000000000000011111100001111100000000011111111111000000000000000000000000000000000000000000000000000000000000000000000000000000000000000000000000000000000000001111111100000000000000000000000000000000000000000000000000000000000000000000000000000000000000000
0000000000000111111111111110000000000000000000110000000000000000000000000000000000000000000000000000000000000000000000000000000000000000000000000000000000000000111111111000000000000000000000000000000000000000000000000000000000000000000000000000000000000000
0000000000000110000111110000000000000000000000110000000000000000000000000000000000000000000000000000000000000000000000000000000000000000000000000000000000000000000000111111000000000000000000000000000000000000000000000000000000000000000000000000000000000000
0000000000000100000000000000000000000000000000110000000000000000000000000000000000000000000000000000000000000000000000000000000000000000000000000000000000000000000000001111100000000000000000000000000000000000000000000000000000000000000000000000000000000000
0000000000000000000000000000000000000000000000110000000000000000000000000000000000000000000000000000000000000000000000000000000000000000000000000000000000000000000000000001111100000000000000000000000000000000000000000000000000000000000000000000000000000000
0000000000000000000000000000000000000000000000011000000000000000000000000000000000000000000000000000000000000000000000000000000000000000000000000000000000000000000000000000011111001110000000000000000000000000000000000000000000000000000000000000000000000000
0000000000000000000000000000000000000000000000011000000000000000000000000000000000000000000000000000000000000000000000000000000000000000000000000000000000000000000000000000000111111111111000000000000000000000000000000000000000000000000000000000000000000000
0000000000000000000000000000000000000000000000011100000000000000000000000000000000000000000000000000000000000000000000000000000000000000000000000000000000000000000000000000000000111001111100000000000000000000000000000000000000000000000000000000000000000000
0000000000000000000000000000000000000000000000001100000000000000000000000000000000000000000000000000000000000000000000000000000000000000000000000000000000000000000000000000000000000000000110000000000000000000000000000000000000000000000000000000000000000000
0000000000000000000000000000000000000000000000001110000000000000000000000000000000000000000000000000000000000000000000000000000000000000000000000000000000000000000000000000000000000000000000000000000000000000000000000000000000000000000000000000000000000000
0000000000000000000000000000000000000000000000001110000000000000000000000000000000000000000000000000000000000000000000000000000000000000000000000000000000000000000000000000000000000000000000000000000000000000000000000000000000000000000000000000000000000000
0000000000000000000000000000000000000000000111111111000000000000000000000000000000000000000000000000000000000000000000000000000000000000000000000000000000000000000000000000000000000000000000000000000000000000000000000000000000000000000000000000000000000000
0000000000000000000000000000000000000000111111110011000000000000000000000000000000000000000000000000000000000000000000000000000000000000000000000000000000000000000000000000000000000000000000000000000000000000000000000000000000000000000000000000000000000000
0000000000000000000000000000000000000001111000000011000000000000000000000000000000000000000000000000000000000000000000000000000000000000000000000000000000000000000000000000000000000000000000000000000000000000000000000000000000000000000000000000000000000000
0000000000000000000000000000000000000111100000000011000000000000000000000000000000000000000000000000000000000000000000000000000000000000000000000000000000000000000000000000000000000000000000000000000000000000000000000000000000000000000000000000000000000000
0000000000000000000000000000000000001110000000000011100000000000000000000000000000000000000000000000000000000000000000000000000000000000000000000000000000000000000000000000000000000000000000000000000000000000000000000000000000000000000000000000000000000000
0000000000000000000000110000000000001100000000000001100000000000000000000000000000000000000000000000000000000000000000000000000000000000000000000000000000000000000000000000000000000000000000000000000000000000000000000000000000000000000000000000000000000000
0000000000000000000000011100000000011000000000000000110000000000000000000000000000000000000000000000000000000000000000000000000000000000000000000000000000000000000000000000000000000000000000000000000000000000000000000000000000000000000000000000000000000000
0000000000000000000000001111001111111000000000000000110000000000000000000000000000000000000000000000000000000000000000000000000000000000000000000000000000000000000000000000000000000000000000000000000000000000000000000000000000000000000000000000000000000000
0000000000000000000000000111111111110000000000000000111000000000000000000000000000000000000000000000000000000000000000000000000000000000000000000000000000000000000000000000000000000000000000000000000000000000000000000000000000000000000000000000000000000000
0000000000000000000000000011110000000000000000000000011000000000000000000000000000000000000000000000000000000000000000000000000000000000000000000000000000000000000000000000000000000000000000000000000000000000000000000000000000000000000000000000000000000000
0000000000000000000000000000000000000000000000000000011000000000000000000000000000000000000000000000000000000000000000000000000000000000000000000000000000000000000000000000000000000000000000000000000000000000000000000000000000000000000000000000000000000000
0000000000000000000000000000000000000000000000000000110000000000000000000000000000000000000000000000000000000000000000000000000000000000000000000000000000000000000000000000000000000000000000000000000000000000000000000000000000000000000000000000000000000000
0000000000000000000000000000000000000000000000000000110000000000000000000000000000000000000000000000000000000000000000000000000000000000000000000000000000000000000000000000000000000000000000000000000000000000000000000000000000000000000000000000000000000000
0000000000000000000000000000000000000000000000011110110000000000000000000000000000000000000000000000000000000000000000000000000000000000000000000000000000000000000000000000000000000000000000000000000000000000000000000000000000000000000000000000000000000000
0000000000000000000000000000000000000000000001111111110000000000000000000000000000000000000000000000000000000000000000000000000000000000000000000000000000000000000000000000000000000000000000000000000000000000000000000000000000000000000000000000000000000000
0000000000000000000000000000000000001111111111100011110000000000000000000000000000000000000000000000000000000000000000000000000000000000000000000000000000000000000000000000000000000000000000000000000000000000000000000000000000000000000000000000000000000000
0000000000000000000000000000001111111111111111000000110000000000000000000000000000000000000000000000000000000000000000000000000000000000000000000000000000000000000000000000000000000000000000000000000000000000000000000000000000000000000000000000000000000000
0000000000000000000000000011111111110000000000000000110000000000000000000000000000000000000000000000000000000000000000000000000000000000000000000000000000000000000000000000000000000000000000000000000000000000000000000000000000000000000000000000000000000000
0000000000000000000000000111110000000000000000000000110000000000000000000000000000000000000000000000000000000000000000000000000000000000000000000000000000000000000000000000000000000000000000000000000000000000000000000000000000000000000000000000000000000000
0000000000000000000000001110000000000000000000000000110000000000000000000000000000000000000000000000000000000000000000000000000000000000000000000000000000000000000000000000000000000000000000000000000000000000000000000000000000000000000000000000000000000000
0000000000000000000000011100000000000000000000000000110000000000000000000000000000000000000000000000000000000000000000000000000000000000000000000000000000000000000000000000000000000000000000000000000000000000000000000000000000000000000000000000000000000000
0000000000000000000000111000000000000000000000000000110000000000000000000000000000000000000000000000000000000000000000000000000011111111000000000000000000000000000000000000000000000000000000000000000000000000000000000000000000000000000000000000000000000000
0000000000000000000001110000000000000000000000000001110000000000000000000000000000000000000000000000000000000000000000000000000111111111110000000000000000000000000000000000000000000000000000000000000000000000000000000000000000000000000000000000000000000000
0000000000000000000001100000000000000000000000000001110000000000000000000000000000000000000000000000000000000000000000000000001110000000111111111000000000000000000000000000000000000000000000000000000000000000000000000000000000000000000000000000000000000000
0000000000000000000001100000000000000000000000000011110000000000000000000000000000000000000000000000000000000000000000000000011100000000011111111111000000000000000000000000000000000000000000000000000000000000000000000000000000000000000000000000000000000000
0000000000000000001111100000000000000000000000000011110000000000000000000000000000000000000000000000000000000000000000000001111000000000000000001111110000000000000000000000000000000000000000000000000000000000000000000000000000000000000000000000000000000000
0000000000000000011111000000000000000000000000000111110000000000000000000000000000000000000000000000000000000000000000000011110000000000000000000001111100000000000000000000000000000000000000000000000000000000000000000000000000000000000000000000000000000000
1000000000000000110000000000000000000000000000000110110000000000000000000000000000000000000000000000000000000000000000000011000000000000000000000000011111100000000000000000000000000000000000000000000000000000000000000000000000000000000000000000000000000000
1000000000000001110000000000000000000000000000001100110000000000000000000000000000000000000000000000000000000000000000001111000000000000000000000000000011111111110000000000000000000000000000000000000000000000000000000000000000000000000000000000000000000110
1100000000000001100000000000000000000000000000001100110000000000000000000000000000000000000000000000000000000000000000011100000000000000000000000000000000011111111000000000000000000000000000000000000000000000000000000000000000000000000000000000000000111110
1100000000000001100000000000000000000000000000011000110000000000000000000000000000000000000000000000000000000000000000111100000000000000000000000000000000000000010000000000000000000000000000000000000000000000000000000000000000000000000000000000000001111000
0110000000000001100000000000000000000000000000011001100000000000000000000000000000000000000000000000000000000000000001111111000000000000000000000000000000000000000000000000000000000000000000000000000000000000000000000000000000000000000000000000000111100000
0111100000000001100000000000000000000000000000110001100000000000000000000000000000000000000000000000000000000000000111111111100000000000000000000000000000000000000000000000000000000000000000000000000000000000000000000000000000000000000000000000001110000000
0001110000000001100000000000000000000000000001110011100000000000000000000000000000000000000000000000000000000011111110000001110000000000000000000000000000000000000000000000000000000000000000000000000000000000000000000000000000000000000000000000011100000000
0000111100000001100000000000000000000000000001100011000000000000000000000000000000000000000000000000000000001111111100000000111000000000000000000000000000000000000000000000000000000000000000000000000000000000000000000000000000000000000000000111111000000000
0000001110000001100000000000000000000000000011100011000000000000000000000000000000000000000000000000000100111110011100000000011110000000000000000000000000000000000000000000000000000000000000000000000000000000000000000000000000000000000000001111100000000000
0000000111100001100000000000000000000000000011000110000000000000000000000000000000000000000010000000111111111000001100000000000111000000000000000000000000000000000000000000000000000000000000000000000000000000000000000000000000000000000000001100000000000000
0000000001111011000000000000000000000000000111000110000000000000000000000000000000000000000111111111111011100000001100000000000011110000000000000000000000000000000000000000000000000000000000000000000000000000000000000000000000000000000000001100000000000000
0000000000011111000000000000000000000000000110000110000000000000000000000000000000000000001111111111000000000000001110001100000001111100000000000000000000000000000000000000000000000000000000000000000000000000000000000000000000000000000000011000000000000000
0000000000001111110000000000000000000000001110001110000000000000000000000000000000000001111100000000000000000000000111111111000000001111011111100000000000000000000000000000000000000000000000000000000000000000000000000000000000000000000000011000000000000000
0000000000001111111100000000000000000000011100001110000000000000000000000000000000000111111000000000000000000000000011110011100000000011111111111110000000000000000000000000000000000000000000000000000000000000000000000000000000000000000000111000000000000000
0000000000001100011111100000000000000000111000001111000000000000000010001111111000111110000000000000000000000000000000000001110000000000110000011111111000000000000000000000000000000000000000000000000000000000000000000000000000000000000000110000000000000000
0000000000011000000011111000000000000001110000001111100000111111011111111111111111111000000000000000000000000000000000000000110000000000000000000001111100000000000000000000000000000000000000000000000000000000000000000000000000000000000001110000000000000000
0000000000111000000000011111000000000111100000001101111111111111111111110000001111000000000000000000000000000000000000000000011000000000000000000000001111100000000000000000000000000000000000000000000000000000000000000000000000000000000001100000000000000000
0000000000110000000000000111111110001110000000011000011111000011100000000000000000000000000000000000000000000000000000000000011100000000000000000000000011110000000000000000000000000000000000000000000000000000000000000000000000000000000011100000000000000000
0000000001110000000000000000111111111100000000011000000000000011100000000000000000000000000000000000000000000000000000000000001100000000000000000000000000111110000000000000000000000000000000000000000000000000000000000000000000000000000011000000000000000000
0000000001100000000000000000000001111000000000011000000000000000000000000000000000000000000000000000000000000000000000000000001110000000000000000000000000001111100000000000000000000000000000000000000000000000000000000000000000000000000111000000000000000000
0000000011100000000000000000000011110000000000011000000000000000000000000000000000000000000000000000000000000000000000000000000110000000000000000000000000000001000000000000000000000000000000000000000000000000000000000000000000000000000110000000000000000000
0000000011000000000000000000000111000000000000110000000000000000000000000000000000000000000000000000000000000000000000000000000111000000000000000000000000000000000000000000000000000000000000000000000000000000000000000000000000000000001110000000000000000000
0000000011000000000000000000001110000000000000110000000000000000000000000000000000000000000000000000000000000000000000000000000011000000000000000000000000000000000000000000000000000000000000000000000000000000000000000000000000000000011100000000000000000000
0000000011000000000000000000011100000000000001110000000000000000000000000000000000000000000000000000000000000000000000000000000011000000000000000000000000000000000000000000000000000000000000000000000000000000000000000000000000000000011000000000000000000000
0000000011000000000000000000110000000000000001100000000000000000000000000000000000000000000000000000000000000000000000000000000011000000000000000000000000000000000000000000000000000000000000000000000000000000000000000000000000000000111000000000000000000000
0000000111000000000000000001110000000000000011000000000000000000000000000000000000000000000000000000000000000000000000000000000001100000000000000000000000000000000000000000000000000000000000000000000000000000000000000000000000000000110000000000000000000000
0000001110000000000000000001100000000000000011000000000000000000000000000000000000000000000000000000000000000000000000000000000001100000000000000000000000000000000000000000000000000000000000000000000000000000000000000000000000000000110000000000000000000000
0000011100000000000000000011000000000000000011000000000000000000000000000000000000000000000000000000000000000000000000000000000001100000000000000000000000000000000000000000000000000000000000000000000000000000000000000000000000000000110000000000000000000000
0011111000000000000000000111000000000000000111000000000000000000000000000000000000000000000000000000000000000000000000000000000001110000000000000000000000000000000000000000000000000000000000000000000000000000000000000000000000000000110000000000000000000000
1111100000000000000000000110000000000000000110000000000000000000000000000000000000000000000000000000000000000000000000000000000000111000000000000000000000000000000000000000000000000000000000000000000000000000000000000000000000000000110000000000000000000000
1100000000000000000000001100000000000000000110000000000000000000000000000000000000000000000000000000000000000000000000000000000000011000000000000000000000000000000000000000000000000000000000000000000000000000000000000000000000000001100000000000000000000000
0000000000000000000000011100000000000000000110000000000000000000000000000000000000000000000000000000000000000000000000000000000000011000000000000000000000000000000000000000000000000000000000000000000000000000000000000000000000000001100000000000000000000000
0000000000000000000000011000000000000000000110000000000000000000000000000000000000000000000000000000000000000000000000000000000000000000000000000000000000000000000000000000000000000000000000000000000000000000000000000000000000000011100000000000000000000000
0000000000000000000000110000000000000000000111000000000000000000000000000000000000000000000000000000000000000000000000000000000000000000000000000000000000000000000000000000000000000000000000000000000000000000000000000000000000000011000000000000000000000000
0000000000000000000001110000000000000000000011000000000000000000000000000000000000000000000000000000000000000000000000000000000000000000000000000000000000000000000000000000000000000000000000000000000000000000000000000000000000000011000000000000000000000000
0000000000000000000011100000000000000000000011000000000000000000000000000000000000000000000000000000000000000000000000000000000000000000000000000000000000000000000000000000000000000000000000000000000000000000000000000000000000000111000000000000000000000000
0000000000000000000111000000000000000000000001100000000000000000000000000000000000000000000000000000000000000000000000000000000000000000000000000000000000000000000000000000000000000000000000000000000000000000000000000000000000000110000000000000000000000000
0000000000000000001110000000000000000000000001100000000000000000000000000000000000000000000000000000000000000000000000000000000000000000000000000000000000000000000000000000000000000000000000000000000000000000000000000000000000001110000000000000000000000000
0000000000000001111100000000000000000000000001100000000000000000000000000000000000000000000000000000000000000000000000000000000000000000000000000000000000000000000000000000000000000000000000000000000000000000000000000000000000001100000000000000000000000000
0000001111111111110000000000000000000000000001110000000000000000000000000000000000000000000000000000000000000000000000000000000000000000000000000000000000000000000000000000000000000000000000000000000000000000000000000000000000001100000000000000000000000000
0111111111111111000000000000000000000000000000110000000000000000000000000000000000000000000000000000000000000000000000000000000000000000000000000000000000000000000000000000000000000000000000000000000000000000000000000000000000011100000000000000000000000000
1111110000001100000000000000000000000000000000011000000000000000000000000000000000000000000000000000000000000000000000000000000000000000000000000000000000000000000000000000000000000000000000000000000000000000000000000000000000011000000000000000000000000000
1000000000001100000000000000000000000000000000011100000000000000000000000000000000000000000000000000000000000000000000000000000000000000000000000000000000000000000000000000000000000000000000000000000000000000000000000000000000011000000000000000000000000000
0000000000001110000000000000000000000000000000001110000000000000000000000000000000000000000000000000000000000000000000000000000000000000000000000000000000000000000000000000000000000000000000000000000000000000000000000000000000110000000000000000000000000000
0000000000000111000000000000000000000000000000000111000000000000000000000000000000000000000000000000000000000000000000000000000000000000000000000000000000000000000000000000000000000000000000000000000000000000000000000000000001110000000000000000000000000000
0000000000000011000000000000000000000000000000000011000000000000000000000000000000000000000000000000000000000000000000000000000000000000000000000000000000000000000000000000000000000000000000000000000000000000000000000000000001100000000000000000000000000000
0000000000000011100000000000000000000000000000000011100000000000000000000000000000000000000000000000000000000000000000000000000000000000000000000000000000000000000000000000000000000000000000000000000000000000000000000000000011100000000000000000000000000000
0000000000000001100000000000000000000000000000000001100000000000000000000000000000000000000000000000000000000000000000000000000000000000000000000000000000000000000000000000000000000000000000000000000000000000000000000000000011000000000000000000000000000000
0000000000000001110000000000000000000000000000000000110000000000000000000000000000000000000000000000000000000000000000000000000000000000000000000000000000000000000000000000000000000000000000000000000000000000000000000000000110000000000000000000000000000000
0000000000000000111100000000000000000000000000000000111000000000000000000000000000000000000000000000000000000000000000000000000000000000000000000000000000000000000000000000000000000000000000000000000000000000000000000000001100000000000000000000000000000000
0000000000000000001100000000000000000000000000000000011000000000000000000000000000000000000000000000000000000000000000000000000000000000000000000000000000000000000000000000000000000000000000000000000000000000000000000000001100000000000000000000000000000000
0000000000000000001100000000000000000000000000000000011100000000000000000000000000000000000000000000000000000000000000000000000000000000000000000000000000000000000000000000000000000000000000000011000000000000110000000000001100000000000000000000000000000000
0000000000000000001100000000000000000000000000000000001100000000000000000000000000000000000000000000000000000000000000000000000000000000000000000000000000000000000000000000000000000000000000000011100000000000111110000000001100000000000000000000000000000000
0000000000000000001100000000000000000000000000000000000110000000000000000000000000000000000000000000000000000000000000000000000000000000000000000000000000000000000000000000000000000000000000000001111000000000001111000000001100000000000000000000000000000000
0000000000000000000110000000000000000000000000000000000111000000000000000000000000000000000000000000000000000000000000000000000000000000000000000000000000000000000000000000000000000000000000000000011100000000000011100000001100000000000000000000000000000000
0000000000000000000110000000000000000000000000000000000011100000000000000000000000000000000000000000000000000000000000000000000000000000000000000000000000000000000000000000000000000000000000000000001110000000000001110000001100000000000000000000000000000000
0000000000000000001100000000000000000000000000000000000001110000000000000000000000000000000000000000000000000000000000000000000000000000000000000000000000000000000000000000000000000000000000000000000111000000000000011000011100000000000000000000000000000000
0000000000000000001100000000000000000000000000000000000000111000000000000000000000000000000000000000000000000000000000000000000000000000000000000000000000000000000000000000000000000000000000000000000011100000000000011000011000111000000000000000000000000000
0000000000000000001100000000000000000000000000000000000000011100000000000000000000000000000000000000000000000000000000000000000000000000000000000000000000000000000000000000000000000000000000000000000001110000000000011000111111111100000000000000000000000000
0000000000000000001100000000000000000000000000000000000000001110000000000000000000000000000000000000000110000000000000000000000000000000000000000000000000000000000000000000000000000000000000000000000000110000000000011111111111000110000000000000000000000000
0000000000000000001100000000000000000000000000000000000000000111000000000000000000000000000000000000000110000000000000000000000000000000000000000000000000000000000000000000000000000000000000000000000000011000000000011111111000000111000000000000000000000000
0000000000000000001100000000000000000000000000000000000000000011100000000000000000000000000000000000001100000000000000000000000000000000000000000000000000000000000000011000000000000000000000000000000000011100000000001100000000000011111000000000000000000000
0000000000000000011000000000000000000000000000000000000000000011100000000000000000000000000000000000001100000000000000000000000000000000000000000000000000000000000000011000000000000000000000000000000000001100000000001100000000000001111110000000000000000000
0000000000000000011000000000000000000000000000000000000000000111110000000000000000000000000000000000001100000000000000000000000000000000000000000000000000000000000000001100000000000000000000000000000000000110000000011100000000000000000111111100000000000000
0000000000000000011000000000000000000000000000000000000000011110110000000000000000000000000000000000011000000000000000000000000000000000000000000000000000000000000000001111000000000000000000000000000000000111000000011000000000000000000001111111100000000000
0000000000000000011000000000000000000000000000000000000000111000110000000000000000000000000000000000011000000000000000000000000000000000000000000000000000000000000000000111100000000000000000000000000000000011100001111000000000000000000000000011111000000000
0000000000000000011000000000000000000000000000000000000001110000110000000000000000000000000000000000110000000000000000000000000000000000000000000000000000000000000000000001111000000000000000000000000000000001111111110000000000000000000000000000111110011100
0000000000000000000000000000000000000000000000000000000111100000110000000000000000000000000000000001110000000000000000000000000000000000000000000000000000000000000000000000111111111100000000000000000000000000011111000000000000000000000000000000000111111111
0000000000000000000000000000000000000000000000000000001110000001110000000000000000000000000000000011100000000000000000000000000000000000000000000000000000000000000000000000000111111111000000000000000000000000011000000000000000000000000000000000000001100011
0000000000000000000000000000000000000000000000000000011100000001110000000000000000000000000000001111000000000000000000000000000000000000000000000000000000000000000000000000000000000111110000000000000000000000011000000000000000000000000000000000000000000000
0000000000000000000000000000000000000000000000000001111000000000111100000000000000000000000000011100000000000000000000000000000000000000000000000000000000000000000000000000000000000000111000000000000100000000011000000000000000000000000000000000000000000000
0000000000000000000000000000000000000000000000000011100000000000111110000000000000000000000001111000000000000000000000000000000000000000000000000000000000000000000000000000000000000000011100000000011111110000111000000000000000000000000000000000000000000000
0000000000000000000000000000000000000000000000001111000000000000110111000000000000000000000011100000000000000000000000000000000000000000000000000000000000000000000000000000000000000000000111000000111011111111110000000000000000000000000000000000000000000000
0000000000000000000000000000000000000000000000011110000000000000011011110000000000000000000111000000000000000000000000000000000000000000000000000000000000000000000000000000000000000000000011100000110000001111000000000000000000000000000000000000000000000000
0000000000000000000000000000000000000000000001111000000000000000011101111100000000000000001110000000000000000000000000000000000000000000000000000000000000000000000000000000000000000000000001100001110000000000000000000000000000000000000000000000000000000000
0000000000000000000000000000000000000000000111100000000000000000001100011110000000000000011100000000000000000000000000000000000000000000000000000000000000000000000000000000000000000000000000110001100000000000000000000000000000000000000000000000000000000000
0000000000000000000000000000000000000000011110000000000000000000000110000111100000000000111000000000000000000000000000000000000000000000000000000000000000000000000000000000000000000000000000110001100000000000000000000000000000000000000000000000000000000000
0000000000000000000000000000000000000001111100000000000000000000000011000001111100000001110000000000000000000000000000000000000000000000000000000000000000000000000000000000000000000000000000110011000000000000000000000000000000000000000000000000000000000000
0000000000000000000000000000000000011111110000000000000000000000000011100000011111100011100000000000000000000000000000000000000000000000000000000000000000000000000000000000000000000000000000111111000000000000000000000000000000000000000000000000000000000000
0000000000000000000000000000000001111110000000000000000000000000000001110000000111111111000000000000000000000000000000000000000000000000000000000000000000000000000000000000000000000000000011111100000000000000000000000000000000000000000000000000000000000000
0000000000000000000000000000000001110000000000000000000000000000000000110000000000111111000000000000000000000000000000000110000000000000000000000000000000000000000000000000000000000000001111110000000000000000000000000000000000000000000000000000000000000000
0000000000000000000000000000000000000000000000000000000000000000000000110000000000111111110000000000000000000000000000000110000000000000000000000000000000000000000000000000000000000000001100000000000000000000000000000000000000000000000000000000000000000000
0000000000000000000000000000000000000000000000000000000000000000000000110000000000001111111000000000000000000000000000000110000000000000000000000000000000000000000000000000000000000000011000000000000000000000000000000000000000000000000000000000000000000000
0000000000000000000000000000000000000000000000000000000000000000000000110000000000001111111100000000000000000000000000001110000000000000000000000000000000000000000000000000000000000000011000000000000000000000000000000000000000000000000000000000000000000000
0000000000000000000000000000000000000000000000000000000000000000000001100000000000000111111100000000000000000000000000001100000000000000000000000000000000000000000000000000000000000000111000000000000000000000000000000000000000000000000000000000000000000000
0000000000000000000000000000000000000000000000000000000000000000000011100000000000000011111100000000000000000000000000001100000000000000000000000000000000000000000000000000000000001111110000000000000000000000000000000000000000000000000000000000000000000000
0000000000000000000000000000000000000000000000000000000000000000000011000000000000000001111110000000000000000000000000001100000000000000000000000000000000000000000000000000000000011111100000000000000000000000000000000000000000000000000000000000000000000000
0000000000000000000000000000000000000000000000000000000000000000000011000000000000000000111110000000000000000000000000011100000000000000000000000000000000000000000000000000000000111000000000000000000000000000000000000000000000000000000000000000000000000000
0000000000000000000000000000000000000000000000000000000000000000000011000000000000000000011111000000000000000000000000111000000000000000000000000000000000000000000000000000000000110000000000000000000000000000000000000000000000000000000000000000000000000000
0000000000000000000000000000000000000000000000000000000000000000000001100000000000000000001111000000000000000000000001110000000000000000000000000000000000000000000000000000000000011000000000000000000000000000000000000000000000000000000000000000000000000000
0000000000000000000000000000000000000000000000000000000000000000000001100000000000000000001111000000000000000000000001100000000000000000000000000000000000000000000000000000000000011000000000000000000000000000000000000000000000000000000000000000000000000000
0000000000000000000000000000000000000000000000000000000000000000000001100000000000000000000111000000000000000000000011000000000000000000000000000000000000000000000000000000000000011100000000000000000000000000000000000000000000000000000000000000000000000000
0000000000000000000000000000000000000000000000000000000000000000000001100000000000000000000111000000000000000000000111000000000000000000000000000000000000000000000000000000000000001100000000000000000000000000000000000000000000000000000000000000000000000000
0000000000000000000000000000000000000000000000000000000000000000000011100000000000000000000111000000000000000000001110000000000000000000000000000000000000000000000000000000000000001110000000000000000000000000000000000000000000000000000000000000000000000000
0000000000000000000000000000000000000000000000000000000000000000000111000000000000000000000111000000000000000000001100000000000000000000000000000000000000000000000000000000000000000110000000000000000000000000000000000000000000000000000000000000000000000000
0000000000000000000000000000000000000000000000000000000000000000001110000000000000000000000011000000000000000000001100000000000000000000000000100000000000000000000000000000000000000110000000000000000000000000000000000000000000000000000000000000000000000000
0000000000000000000000000000000000000000000000000000000000000000011100000000000000000000000011000000000000000000111000000000000000000000000001100000000000000000000000000000000000000111000000000000000000000000000000000000000000000000000000000000000000000000
0000000000000000000000000000000000000000000000000000000000000000011000000000000000000000000011000000000000000001110000000000000000000000000001100000000000000000000000000000000000000110000000000000000000000000000000000000000000000000000000000000000000000000
0000000000000000000000000000000000000000000000000000000000000000111000000000000000000000000011000000000000000011000000000000000000000000000001100000000000000000000000000000000000001110000000000000000000000000000000000000000000000000000000000000000000000000
0000000000000000000000000000000000000000000000000000000000000000011000000000000000000000000011000000000000000111000000000000000000000000000001100000000000000000000000000000000000001100000000000000000000000000000000000000000000000000000000000000000000000000
0000000000000000000000000000000000000000000000000000000000000000011000000000000000000000000001100000000000000110000000000000000000000000000001100000000000000000000000000000000000111100000000000000000000000000000000000000000000000000000000000000000000000000
0000000000000000000000000000000000000000000000000000000000000000111000000000000000000000000001100000000000001110000000000000000000000000000001100000000000000000000000000001111111110000000000000000000000000000000000000000000000000000000000000000000000000000
0000000000000000000000000000000000000000000000000000000000000011110000000000000000000000000001100111111100011100000000000000000000000000000011100000000000000000000000000011111111100000000000000000000000000000000000000000000000000000000000000000000000000000
0000000000000000000000000000000000000000000000000000000000000011100000000000000000000000000001111111111111111000000000000000000000000000000111000000000000000000000000000011000000000000000000000000000000000000000000000000000000000000000000000000000000000000
0000000000000000000000000000000000000000000000000000000000000110000000000000000000000000000001111000000011110000000000000000000000000000001110000000000000000000000000000011000000000000000000000000000000000000000000000000000000000000000000000000000000000000
0000000000000000000000000000000000000000000000000000000000000110000000000000000000000000000000110000000001111000000000000000000000000000001100000000000000000000000000000011000000000000000000000000000000000000000000000000000000000000000000000000000000000000
0000000000000000000000000000000000000000000000000000000000001100000000000000000000000000000000110000000000011000000000000000000000000000011000000000000000000000000000000011000000000000000000000000000000000000000000000000000000000000000000000000000000000000
0000000000000000000000000000000000000000000000000000000000001100000000000000000000000000000000111000000000001100000000000000000000000000111000000000000000000000000000000011100000000000000000000000000000000000000000000000000000000000000000000000000000000000
0000000000000000000000000000000000000000000000000000000000111000000000000000000000000000000000011000000000001110000000000000000000000001110000000000000000000000000000000001100000000000000000000000000000000000000000000000000000000000000000000000000000000000
0000000000000000000000000000000000000000000000000000011111110000000000000000000000000000000000011000000000000111000000000000000000000011100000000000000000000000000000000001100000000000000000000000000000000000000000000000000000000000000000000000000000000000
0000000000000000000000000000000000000000000000000000111111100000000000000000000000000000000000001100000000000011100000000000000000000111000000000000000000000000000000000001100000000000000000000001111111111111000000000000000000000000000000000000000000000000
0000000000000000000000000000000000000000000000000000110010000000000000000000000000000000000000001110000000000001100000000000000000001110000000000000000000000000000000000001100000000000000000000011111111111111111111111000000000000000000000000000000000000000
0000000000000000000000000000000000000000000000000000110000000000000000000000000000000000000000000110000000000000111000000000000000001100000000000000000000000000000000000011100000000000000011011111000000000000111111111111000000000000000000000000000000000000
0000000000000000000000000000000000000000000000000001110000000000000000000000000000000000000000000011000000000000011100000000000000011000000000000000000000000000000000000011000000000001111111111100000000000000000000000111111111111111111111111100000000000000
0000000000000000000000000000000000000000000000000001100000000000000000000000000000000000000000000011100000000000001111000000000000111000000000000000000000000000000000001111000001111111111110110000000000000000000000000001111111111111111111111000000000000000
0000000000000000000000000000000000000000000000000001100000000000000000000000000000000000000000000001110000000000000011100000000011110000000000000000000000000000000000011100001111111111000000000000000000000000000000000000000000000000000000000000000000000000
0000000000000000000000000000000000000000000000000011000000000000000000000000000000000000000000000000111000000000000001111000001111100000000000000000000000000000000001111111111110000000000000000000000000000000000000000000000000000000000000000000000000000000
0000000000000000000000000000000000000000000000000011100000000000000000000000000000000000000000000000011000000000000000011100111110000000000000000000000000000000000011111111110000000000000000000000000000000000000000000000000000000000000000000000000000000000
0000000000000000000000000000000000000000000000000001100000000000000000000000000000000000000000000000001100000000000000001111111000000000000000000000000000000000000011111101100000000000000000000000000000000000000000000000000000000000000000000000000000000000
0000000000010000000000000000000000000000000000000001100000000000000000000000000000000000000000000000000110000000000000000011100000000000000000000000000000000000000111100000000000000000000000000000000000000000000000000000000000000000000000000000000000000000
0000000000011000000000000000000000000000000000000001100000000000000000000000000000000000000000000000000111000000000000000011111000000000000000000000000000000000000011100000000000000000000000000000000000000000000000000000000000000000000000000000000000000000
0000000000011000000000000000000000000000000000000001100000000000000000000000000000000000000000000000000011100000000000000000111100000000000000000001111100000000111111000000000000000000000000000000000000000000000000000000000000000000000000000000000000000000
0000000000011000000000000000000000000000000000000001100000000000000000000000000000000000000000000000000001110000000000000000001110000000000000000111111110000011111110000000000000000000000000000000000000000000000000000000000000000000000000000000000000000000
0000000000011000000000000000000000000000000000000011000000000000000000000000000000000000000000000000000000111110000000000000000111000000000000011110000111111111100000000000000000000000000000000000000000000000000000000000000000000000000000000000000000000000
0000000000011100000000000000000000000000000000000111000000000000000000000000000000000000000000000000000000001111100000000000000011110000000011111000000011111100000000000000000000000000000000000000000000000000000000000000000000000000000000000000000000000000
0000000000001100000000000000000000000000000000001110000000000000000000000000000000000000000000000000000000000001110000000000000000111111111111110000000000100000000000000000000000000000000000000000000000000000000000000000000000000000000000000000000000000000
0000000000001100000000000000000000000000000000001100000000000000000000000000000000000000000000000000000000000001111100000000000000001111111100000000000000000000000000000000000000000000000000000000000000000000000000000000000000000000000000000000000000000000
0000000000001100000000000000000000000000000000001110111000000000000000000000000000000000000000000000000000000001101111000000000000000000000000000000000000000000000000000000000000000000000000000000000000000000000000000000000000000000000000000000000000000000
0000000000001100000000000000000000000000000000000111111100000001000000000000000000000000000000000000000000000001110111100000000000000000000000000000000000000000000000000000000000000000000000000000000000000000000000000000000000000000000000000000000000000000
0000000000001100000000000000000000000000000000000111111101111111111000000000000000000000000000000000000000000000111001111000000000000000000000000000000000000000000000000000000000000000000000000000000000000000000000000000000000000000000000000000000000000000
0000000000000110000000000000000000000000000000011111001111111111111000000000000000000000000000000000000000000000011110011110000000000000000000000000000000000000000000000000000000000000000000000000000000000000000000000000000000000000000000000000000000000000
0000000000000110000000000000000000000000000000111110001111000000001100000000000000000000000000000000000000000000001111000111100000000000000000000000000000000000000000000000000000000000000000000000000000000000000000000000000000000000000000000000000000000000
0000000000000011000000000000000000000000000000110000000000000000001100000000000000000000000000000000000000000000000011110001110000000000000000000000000000000000000000000000000000000000000000000000000000000000000000000000000000000000000000000000000000000000
0000000000000011000000000000000000000000000001110000000000000000001110000000000000000000000000000000000000000000000001111000111100000000000000000000000000000000000000000000000000000000000000000000000000000000000000000000000000000000000000000000000000000000
0000000000000011100000000000000000000000000011100000000000000000000110000000000000000000000000000000000000000000000000111000001110000000000000000000000000000000000000000000000000000000000000000000000000000000000000000000000000000000000000000000000000000000
0000000000000001100000000000000000000000000111000000000000000000000110000000000000000000000000000000000000000000000000110000000111000000000000000000000000000000000000000000000000000000000000000000000000000000000000000000000000000000000000000000000000000000
0000000000000001100000000000000000000000001110000000000000000000000110000000000000000000000000000000000000000000000001110000000011100000000000000000000000000000000000000000000000000000000000000000000000000000000000000000000000000000000100000000000000000000
0000000000000001100000000000000000000000011100000000000000000000001110000000000000000000000000000000000000000000000001100000000001110000000000000000000000000000000000000000000000000000000000000000000000000000000000000000000000000000001100000000000000000000
0000000000000001110000000000000000000000011000000000000000000000001100000000000000000000000000000000000000000000000011000000000000111000000000000000000000000000000000000000000000000000000000000000000000000000000000000000000000000000000110000000000000000000
0000000000000000110000000000000000000000011000000000000000000000001110000000000000000000000000000000000000000000000111000000000000011100000000000000000000000000000000000000000000000000000000000000000000000000000000000000000000000000000110000000000000000000
0000000000000000110000000000000000000001110000000000000000000000000111000000000000000000000000000000000000000000000110000000000000001110000000000000000000000000000000000000000000000000000000000000000000000000000000000000000000000000000111000000000000000000
0000000000000000111000000000000000000001100000000000000000000000000011000000000000000000000000000000000000000000000100000000000000001111000000000000000000000000000000000000000000000000000000000000000000000000000000000000000000000000000011000000000000000000
0000000000000000011000000000000000000011000000000000000000000000000011110000000000000000000000000000000000000000000000000000000000001111100000000000000000000000000000000000000000000000000000000000000000000000000000000000000000000000000011000000000000000000
0000000000000000011100000000000000000110000000000000000000000000000001111000000000000000000000000000000000000000000000000000000000001111110000000000000000000000000000000000000000000000000000000000000000000000000000000000000000000000000011000000000000000000
0000000000000000001110000000000000001100000000000000000000000000000000011000000000000000000000000000000000000000000000000000000000000110111000000000000000000000000000000000000000000000000000000000000000000000000000000000000000000000000011000000000000000000
0000000000000000000111000000000000011100000000000000000000000000000000011000000000000000000000000000000000000000000000000000000000001110011100000000000000000000000000000000000000000000000000000000000000000000000000000000000000000000000001100000000000000001
0000000000000000000011000000000000111000000000000000000000000000000000011000000000000000000000000000000000000000000000000000000000001100001110000000000000000000000000000000000000000000000000000000000000000000000000000000000000000000000001100000000000000011
0000000000000000000001100000000011110000000000000000000000000000000000110000000000000000000000000000000000000000000000000000000000011100000111100000000000000000000000000000000000000000000000000000000000000000000000000000000000000000000001100000000000001111
0000000000000000000001111100001111100000000000000000000000000000000000110000000000000000000000000000000000000000000000000000000000011000000001110000000000000000000000000000000000000000000000000000000000000000000000000000000000000000000011000000000000111110
0000000000000000000000111110011110000000000000000000000000000000000000111000000000000000000000000000000000000000000000000000000000110000000000111100000000000000000000000000000000001111000000000000000000000000000000000000000000000000000111000000000001111110
0000000000000000000000000111111000000000000000000000000000000000000000011110000000000000000000000000000000000000000000000000000000110000000000011110000000000000000000000000011111111111111111111000000000000000000000000000000000000000001110000000000111111100
0000000000000000000000000011100000000000000000000000000000000000000000000110000000000000000000000000000000000000000000000000000001100000000000000111100000000000000000011111111111110000111111111111110000000000000000000000000000000000011100000000011110111000
0000000000000000000000000000000000000000000000000000000000000000000000000011000000000000000000000000000000000000000000000000000011100000000000000001111100000000011111111111100000000000000000000111111110000000000000000000000000000000111000000011111001110000
0000000000000000000000000000000000000000000000000000000000000000000000000011000000000000000000000000000000000000000000000000000011000000000000000000011111111111111111100000000000000000000000000001111111110000000000000000000000000001110000011111100011100000
0000000000000000000000000000000000000000000000000000000000000000000000000011000000000000000000000000000000000000000000000000000111000000000000000000000111111111100000000000000000000000000000000001111111111111100000000000000000000001100001111110000111000000
0000000000000000000000000000000000000000000000000000000000000000000000000011000000000000000000000000000000000000000000000000000110000000000000000000000000001100000000000000000000000000000000000001111011011111111111110000000000000001100111100000001110000000
0000000000000000000000000000000000000000000000000000000000000000000000000011000000000000000000000000000000000000000000000000001110000000000000000000000000001100000000000000000000000000000000000000111001100000111111111100000011111111111110000000011100000000
0000000000000000000000000000000000000000000000000000000000000000000000000011111100000000000000000000000000000000000000000000001100000000000000000000000000001110000000000000000000000000000000000000111001110000000000001111111111111111111000000001111000000000
0000000000000000000000000000000000000000000000000000000000000000000000000011111110000000000000000000000000000000000000000000001100000000000000000000000000000110000000000000000000000000000000000000111000111100000000000111111110011110000000000111110000000000
0000000000000000000000000000000000000000000000000000000000000000000000000001100110000000000000000000000000000000000000000000001100000000000000000000000000000110000000000000000000000000000000000000110000011111000000000000001111111111111111111111000000000000
0000000000000000000000000000000000000000000000000000000000000000000000000000001110000000000000000000000000000000000000000000001100000000000000000000000000000111000000000000000000000000000000000000110000000111111111111111000011111111111111111100000000000000
0000000000000000000000000000000000000000000000000000000000000000000000000000001100000000000000000000000000000000000000000000001100000000000000000000000000000110000000000000000000000000000000000000110000000001111111111111100000000000000000000110000000000000
0000000000000000000000000000000000000000000000000000000000000000000000000000001110000000000000000000000000000000000000000000000110000000000000000000000000000011000000000000000000000000000000000001100000000000000000000001100000000000000000000110000000000000
0000000000000000000000000000000000000000000000000000000000000000000000000000000110000000000000000000000000000000000000000000000110000000000000000000000000000011000000000000000000000000000000000001100000000000000000000001100000000000000000000110000000000000
0000000000000000000000000000000000000000000000000000000000000000000000000000000011000000000000000000000000000000000000000000000110000000000000000000000000000011000000000000000000000000000000000001100000000000000000000001100000000000000000000110000000000000
0000000000000000000000000000000000000000000000000000000000000000000000000000000011100000000000000000000000000000000000000000000110000000000000000000000000000011000000000000000000000000000000000011000000000000000000000001100000000000000000000110000000000000
0000000000000000000000000000000000000000000000000000000000000000000000000000000001100000000000000000000000000000000000000000011100000000000000000000000000000011000000000000000000000000000000000011000000000000000000000001100000000000000000000110000000000000
0000000000000000000000000000000000000000000000000000000000000000000000000000000001110000000000000000000000000000000000000000111000000000000000000000000000000011000000000000000000000000000000000011000000000000000000000001100000000000000000000110000000000000
0000000000000000000000000000000000000000000000000000000000000000000000000000000000111100000000000000000000000000000000000001110000000000000000000000000000000011000000000000000000000000000000000011000000000000000000000001100000000000000000000110000000000000
0000000000000000000000000000000000000000000000000000000000000000000000000000000000011111000000000000000000000000000000000011100000000000000000000000000000000011000000000000000000000000000000000111000000000000000000000001100000000000000000000111000000000000
0000000000000000000000000000000000000000000000000000000000000000000000000000000000000011000000000000000000000000000000000111000000000000000000000000000000000011100000000000000000000000000000000110000000000000000000000000110000000000000000000011000000000000
1100000000000000000000000000000000000000000000000000000000000000000000000000000000000011000000000000000000000000000000001110000000000000000000000000000000000001100000000000000000000000000000000110000000000000000000000000110000000000000000000001100000000000
1110000000000000000000000000000000000000000000000000000000000000000000000000000000000110000000000000000000000000000000011100000000000000000000000000000000000001110000000000000000000000000000000110000000000000000000000000110000000000000000000001100000000000
0111111100000000000000000000000000000000000000000000000000000000000000000000000000001110000000000000000000000000000000110000000000000000000000000000000000000000110000000000000000000000000000000110000000000000000000000000011111111100000000000001100000000000
0001111110000000000000000000000000000000000000000000000000000000000000000000000000001100000000000000000000000000000001110000000000000000000000000000000000000000110000000000000000000000000000000111000000000000000000000000011111111100000000000001100000000000
0000000111000000000000000000000000000000000000000000000000000000000000000000000000001100000000000000000000000000000001100000000000000000000000000000000000000000011000000000000000000000000000000011000000000000000000000000000000001100000000000000110000000000
0000000011100000000000000000000000000000000000000000000000000000000000000000000000001100000000000000000000000000000001100000000000000000000000000000000000000000011000000000000000000000000000000011100000000000000000000000000000001100000000000000111110000000
0000000001100000000000000000000000000000000000000000000000000000000000000000000000000110000000000000000000000000000011000000000000000000000000000000000000000000011000000000000000000000000000000001110000000000000000000000000000001100000000000000001111000000
0000000000110000000000000000000000000000000000000000000000000000000000000000000000000110000000000000000000000000000011000000000000000000000000000000000000000000001100000000000000000000000000000000111000000000000000000000000000001100000000000000000011110000
0000000000110000000000000000000000000000000000000000000000000000000000000000000000000110000000000000000000000000000011000000000000000000000000000000000000000000001100000000000000000000000000000000011110000000000000000000000000001110000000000000000001111111
0000000001100000000000000000000000000000000000000000000000000000000000000000000000000110000000000000000000000000000011000000000000000000000000000000000000000000001100000000000000000000000000000000000111000000000000000000000000000111000000000000000000011111
0000000001100000000000000000000000000000000000000000000000000000000000000000000000000011000000000000000000000000000011000000000000000000000000000000000000000000001100000000000000000000000000000000000011100000000000000000000000000011110000000000000000000000
0000000001110011000000000000000000000000000000000000000000000000000000000000000000000011000000000000000000000000000110000000000000000000000000000000000000000000001100000000000000000000000000000000000001110000000000000000000000000000111000000000000000000000
