0000000000000000000000000000000000000000000000000000000000000000000000000000000000000000000000000000000000000000000000000000000000011000001100000000000000000000000000000000000000000110000000000000000000000000111000000000000000000000000000011100000000000000
0000000000000000000000000000000000000000000000000000000000000000000000000000000000000000000000000000000000000000000000001100000000011000001100000000000000000000000000000000000000000110000000000000000000000000011100000000000000000000000000111000000000000000
0000000000000000000000000000000000000000000000000000000000000000000000000000000000000000000000000000000000000000000000011110000000011000001100000000000000000000000000000000000000001110000000000000000000000000001100000000000000000000000000000000000000000000
0000000000000000000000000000000000000000000000000000000000000000000000000000000000000000000000000000000111111110000001111110000000011000001100000000000000000000000000000000000000001100000000000000000000000000000110000000000000000000000000000000000000000000
0000000000000000000000000000000000000000000000000000000000000000000000000000000000000000000000000000000111111111110111100011000000011000001100000000000000000000000000000000000000011000000000000000000000000000000011000000000000000000000000000000000000000000
0000000000000000000000000000000000000000000000000000000000000000000000000000000000000000000000000000000000000001111110000011000000011000001100000000000000000000000000000000000000111000000000000000000000000000000011100000000000000000000000000000000000000000
0000000000000000000000000000000000000000000000000000000000000000000000000000000000000000000000000000000000000000001100000011000000011000011100000000000000000000000000000000000000110000000000000000000000000000000001110000000000000000000000000000000000000000
0000000000000000000000000000000000000000000000000000000000000000000000000000000000000000000000000000000000000000000000000011000000011000011000000000000000000000000000000000000001100000000000000000000000000000000000111000000000000000000000000000000000000000
0000000000000000000000000000000000000000000000000000000000000000000000000000000000000000000000000000000000000000000000000001100000011000111000000000000000000000000011000000000011100000000000000000000000000000000000000000000000000000000000000000000000000000
0000000000000000000000000000000000000000000000000000000000000000000000000000000000000000000000000000000000100000000000000001100000011100110000000000000000000000000111111111001111000000000000000000000000000000000000000000000000000000000000000000000000000000
0000000000000000000000000000000000000000000000000000000000000000000000000000000000000000000000000000000011110000000000000000110000001101110000000000000000000000001110111111111110000000000000000000000000000000000000000000000000000000000000000000000000000000
0000000000000000000000000000000000000000000000000000000000000000000000000000000000000000000000000001111111111000000000000000110000001111100000000000000000000000011100000001110000000000000000000000000000000000000000000000000000000000000000000000000000000000
0000000000000000000000000000000000000000000000000000000000000000000000000000000000000000011000000111111100011000000000000000110000000111100000000000000000000000011000000000000000000000000000000000000000000000000000000000000000000000000000000000000000000000
0000000000000000000000000000000000000000000000000000000000000000000000000000000000000000011100001110000000011100000000000000110000000011110000000000000000000000011000000000000000000000000000000000000000000000000000000000000000000000000000000000000000000000
0000000000000000000000000000000000000000000000000000000000000000000000000000000000000000001111111100000000001100000000000000110000000000111000000000000000000000011100000000000000000000000000000000000000000000000000000000000000000000000000000000000000000000
0000000000000000000000000000000000000000000000000000000000000000000000000000000000000000000011111000000000001110000011111111110000000000110000000000000000000000001100000000000000000000000000000000000000000000000000000000000000000000000000000000000000000000
0000000000000000000000000000000000000000000000000000000000000000000000000000000000000000000000000000000000000111000111111111110000000000110000000000000000000000000110000000000000000000000000000000000000000000000000000000000000000000000000000000000000000000
0000000000000000000000000000000000000000000000000000000000000000000000000000000000000000000000000000000000000011111110000000111000000001100000000000000000000000000111000000000000000000000000000000000000000000000000000000000000000000000000000000000000000000
0000000000000000000000000000000000000000000000000000000000000000000000000000000000000000000000000000000000000000111000000000011000000001100000000000000000000000000011000000000000000000000000000000000000000000000000000000000000000000000000000000000000000000
0000000000000000000000000000000000000000000000000000000000000000000000000000000000000000000000000000000000000000000000000000001100000011000000000000000000000000000011100000000000000000000000000000000000000000000000000000000000000000000000000000000000000000
0000000000000000000000000000000000000000000000000000000000000000000000000000000000000000000000000000000000000000000000000000001100000011000000000000000000000000000001100000000000000000000000000000000000000000000000000000000000000000000000000000000000000000
0000000000000000000000000000000000000000000000000000000000000000000000000000000000000000000000000000000000000000000000000000001110000011000000000000000000000000000001110000000000000000000000000000000000000000000000000000000000000000000000000000000000000000
0000000000000000000000000000000000000000000000000000000000000000000000000000000000000000000000000000000000000000000000000000001111100110000000000000000000000000000000111000000000000000000000000000000000000000000000000000000000000000000000000000000000000000
0000000000000000000000000000000000000000000000000000000000000000000000000000000000000000000000000000000000000000000000000000011101110110000000000000000000000000000000011100000000000000000000000000000000000000000000000000000000000000000000000000000000000000
0000000000000000000000000000000000000000000000000000000000000000000000000000000000000000000000000000000000000000000000000000011000111110000000000000000000000000000000001110000000000000000000000000000000000000000000000000000000000000000000000000000000000000
0000000000000000000000000000000000000000000000000000000000000000000000000000000000000000000000000000000000000000000000000000111000011110000000000000000000000000000000000111000000000000000000000000000000000000000000000000000000000000000000000000000000000000
0000000000000000000000000000000000000000000000000000000000000000000000000000000000000000000000000000000000000000000000000000110000000111000000000000000000000000000000000011000000000000000000000000000000000000000000000000000000000000000000000000000000000000
0000000000000000000000000000000000000000000000000000000000000000000000000000000000000000000000000000000000000000000000000001100000000011000000000000000000000000000000000011000000000000000000000000000000000000000000000000000000000000000000000000000000000000
0000000000000000000000000000000000000000000000000000000000000000000000000000000000000000000000000000000000000000000000000001100000000011000000000000000000000000000000000001100000000000000000000000000000000000000000000000000000000000000000000000000000000000
0000000000000000000000000000000000000000000000000000000000000000000000000000000000000000000000000000000000000000000000000011000000000011000000000000000000000000000000000001100000000000000000000000000000000000000000000000000000000000000000000000000000000000
0000000000000000000000000000000000000000000000000000000000000000000000000000000000000000000000000000000000110000000000000111000000000011000000000000000000000000000000000000110000000000000000000000000000000000000000000000000000000000000000000000000000000000
0000000000000000000000000000000000000000000000000000000000000000000000000000000000000000000000000000000011111100000000000110000000000011000000000000000000000000000000000000111000000000000000000000000000000000000000000000000000000000000000000000000000000000
0000000000000000000000000000000000000000000000000000000000000000000000000000000000000000000000000000000111001110000000001100000000000011000000000000000000000000000000000000011000000000000000000000000000000000000000000000000000000000000000000000000000000000
0000000000000000000000000000000000000000000000000000000000000000000000000000000000000000000000000000011110000111100000011100000000000011000000000000000000000000000000000000011100000000000000000000000000000000000000000000000000000000000000000000000000000000
0000000000000000000000000000000000000000000000000000000000000000000000000000000000000000000000000000111000000001110000011000000000000011000000000000000000000000000000001111001100000000000000000000000000000000000000000000000000000000000000000000000000000000
0000000000000000000000000000000000000000000000000000000000000011000000000000000000000000000000000001110000000000111111110000000000000111000000000000000000000000000000111111101100000000000000000000000000000000000000000000000000000000000000000000000000000000
0000000000000000000000000000000000000000000000000000000000000001100000000000000000000000000000000011100000000000011111100000000000000110000000000000000000000000000001110001110110000001111100000000000000000000000000000000000000000000000000000000000000000000
0000000000000000000000000000000000000000000000000000000000000001110000000000000000000000000000000111000000000000000000000000000000000110000000000000000000000000000111100000110110000111111110000000000000000000000000000000000000000000000000000000000000000000
0000000000000000000000000000000000000000000000000000000000000000110000000000000000000000000011001110000000000000000000000000000000001100000000000000000000000000001110000000111110001110000111000000000000000000000000000000000000000000000000000000000000000000
0000000000000000000000000000000000000000000000000000000000000000111000000000000000000000000111111100000000000000000000000000000000001100000000000000000000000000111100000000011111111100000011000000000000000000000000000000000000000000000000000000000000000000
0000000000000000000000000100000000000000000000000000000000000000011100000000000000000011111110110000000000000000000000000000000000011100000000000000000000000001110000000000000111110000000001100000000000000000000000000000000000000000000000000000000000000000
0000000000000000000000000110000000000000000000000000000000000000001110000000000001111111111000000000000000000000000000000000000000011000000000000000000000001111100000000000000000000000000001100000000000000000000000000000000000000000000000000000000000000000
0000000000000000000000000111000000000000000000000000000000000000000110000000000011111110110000000000000000000000000000000000000000011000000000000111111111111110000000000000000000000000000000110000000000000000000000000000000000000000000000000000000000000000
0000000000000000000000000011100000000000000000000000000000000000000111000000000011000001100000000000000000000000000000000000000000011000000000111111111111111000000000000000000000000000000000110000000000000000000000000000000000000000000000000000000000000000
0000000000000000000000000000111000000000000000000000000000000000000011000000001110000011100000000000000000000000000000000000000000011000000011111000000000000000000000000000000000000000000000110000000000000000000000000000000000000000000000000000000000000000
0000000000000000000000000000011100000000000000000000000000000000000001100000011100000111000000000000000000000000000000000000000000011100001111100000000000000000000000000000000000000000000000110000000000000000000000000000000000000000000000000000000000000000
0000000000000000000000000000001110000000000000000000000000000000000001110000011000000110000000000000000000000000000000000000000000001111111110000000000000000000000000000000000000000000000000110000000000000000000000000000000000000000000000000000000000000000
0000000000000000000000000000000111000000000000000000000000000000000011111111111000001110000000000000000000000000000000000000000000000111111000000000000000000000000000000000000000000000000001110000000000000000000000000000000000000000000000000000000000000000
0000000000000000000000000000000011100000000000000000000000000000011111111111110000001100000000000000000000000000000000000000000000000000000000000000000000000000000000000000000000000000000111100000000000000000000000000000000000000000000000000000000000000000
0000000000000000000000000000000001110000000000000000000000000001111100000000000000001100000000000000000000000000000000000000000000000000000000000000000000000000000000000000000000000000001110000000000000000000000000000000000000000000000001100000000000000000
0000000000000000000000000000000000111000000000000000000111000111110000000000000000001100000000000000000000000000000000000000000000000000000000000000000000000000000000000000000000000000011100000000000000000000000000000000000000000000000011100000000000000000
0000000000000000000000000000000000011100000000000000000111111111000000000000000000001100000000000000000000000000000000000000000000000000000000000000000000000000000000000000000000000000111000000000000000000000000000000000000000000000000111100000000000000000
0000000000000000000000000000000000001110000000000000000001111000000000000000000000011100000000000000000000000000000000000000000000000000000000000000000000000000000000000000000000000011110000000000000000000000000000000000000000000000000110000000000000000000
0000000000000000000000000000000000000111000000000000000000000000000000000000000000011000000000000000000000000000000000000000000000000000000000000000000000000000000000000000000000000111000000000000000000000000000000000000000000000000000110000000000000000000
0000000000000000000000000000000000000011000000000000000000000000000000000000000000011000000000000000000000000000000000000000000000000000000000000000000000000000000000000000000000000110000000000000000000000000000000000000000000000000000110000000000000000000
0000000000000000000000000000000000000001110000000000000000000000000000000000000000011000000000000000000000000000000000000000000000000000000000000000000000000000000000000000000000000110000000000000000000000000000000000000000000000000000011000000000000000000
0000000000000000000000000000000000000001111000000000000000000000000000000000000000011000000000000000000000000000000000000000000000000000000000000000000000000000000000000000000000000110000000000000000000000000000000000000000000000000000110000000000000000000
0000000000000000000000000000000000000000011100000000000000000000000000000000000000011000000000000000000000000000000000000000000000000000000000000000000000000000000000000000000000000011000000000000000000000000000000000000000000000000000110000000000000000000
0000000000000000000000000000000000000000001100000000000000000000000000000000000000110000000000000000000000000000000000000000000000000000000000000000000000000000000000000000000000000011100000000000000000000000000000000000000000000000000110000000000000000000
0000000000000000000000000000000000000000011000000000000000000000000000000000000000110000000000000000000000000000000000000000000000000000000000000000000000000000000000000000000000000001110000000000000000000000000000000000000000000000000110000000000000000000
0000000000000000000000000000000000000000011000000000000000000000000000000000000000110000000000000000000000000000000000000000000000000000000000000000000000000000000000000000000000000000110000000000000000000000000000000000000000000000000011000000000000000000
0000000000000000000000000000000000000000011000000000000000000000000000000000000001100000000000000000000000000000000000000000000000000000000000000000000000000000000000000000000000000000011000000000000000000000000000000000000000000000000011000000000000000000
0000000000000000000000000000000000000000001100000000000000000000000000000000000001100000000000000000000000000000000000000000000000000000000000000000000000000000000000000000000000000000011100000000000000000000000000000000000000000000000011000000000000000000
0000000000000000000000000000000000000000001100000000000000000000000000000000000001000000000000000000000000000000000000000000000000000000000000000000000000000000000000000000000000000000001100000000000000000000000000000000000000000000000111000000000000000000
0000000000000000000000000000000000000000001100000000000000000000000000000000000000000000000000000000000000000000000000000000000000000000000000000000000000000000000000000000000000000000001110000000000000000000000000000000000000000000001110000000000000000000
0000000000000000000000000000000000000000001100000000000000000000000000000000000000000000000000000000000000000000000000000000000000000000000000000000000000000000000000000000000000000000000110000000000000000000000000000000000000000000001110000000000000000000
0000000000000000000000000000000000000000011000000000000000000000000000000000000000000000000000000000000000000000000000000000000000000000000000000000000000000000000000000000000000000000000111000000000000000000000000000000000000000000000110000000000000000000
0000000000000000000000000000000000000000011100000000000000000000000000000000000000000000000000000000000000000000000000000000000000000000000000000000000000000000000000000000000000000000000011000000000000000000000000000000000000000000000011000000000000000000
0000000000000000000000000000000000000000001110000000000000000000000000000000000000000000000000000000000000000000000000000000000000000000000000000000000000000000000000000000000000000111100011000000000000000000000000000000000000000000000011100000000000000000
0000000000001100000000000000000000000000000111100000000000000000000000000000000000000000000000000000000000000000000000000000000000000000000000000000000000000000000000000000000000001111110001100000000000000000000000000000000000000000000001100000000000000000
0000000000000110000000000000000000000000000001110000000000000000000000000000000000000000000000000000000000000000000000000000000000000000000000000000000000000000000000000000000000011100111001100000000000000000000000000000000000000000000001100000000000000000
0000000000000110000000000000000000000000000000110000000000000000000000000000000000000000000000000000000000000000000000000000000000000000000000000000000000000000000000000000000000111000011101110000000000000000000000000000000000000000000001100000000000000000
0000000000000011000000000000000000000000000000011000000000000000000000000000000001111111110000000000000000000000000000000000000000000000000000000000000000000000000000000000000001110000001110110000000000000000000000000000000000000000000001100000000000000000
0000000000000011000000000000000000000000000000011000000000000000000000000000000111111111111000000000000000000000000000000000000000000000000000000000000000000000000000000000000011100000000111111000000000000000000000000000000000000000000001100000000000000000
0000000000000011000000000000000000011000000000011000000000000000000000000000011111110000011100000000000000000000000000000000000000000000000000000000000000000000000000000000000011000000000011111100000000000000000000000000000000000000000011000000000000000000
0000000000000001100000000000000000111100000000001100000000000000000000000000111101100000001110000000000000000000000000000000000000000000000000000000000000000000000000000000000110000000000001111111000000000000000000000000000000000000000011000000000000000000
0000000000000001110000000001111111101100000000000110000000000000000000000001110011100000000110000000000000000000000000000000000000000000000000000000000000000000000000000000001110000000000011111111110000000111111110000000000000000000000111000000000000000000
0000000000000000111000000011111111101100000000000011000000000000000000000011100011000000000110000000000000000000001111100000000000000000000000000000000000000000000000000001111100000000000011011101111111111111111111000000000000000000000111000000000000000000
0000000000000000011000011111000000001100000000000011000000000000000000000111000011000000000110000000000000000001111111111111100000000000000000000000000000000000010011111111110000000000000011001110001111111000000001100000000000000000000011100000000000000000
0000000000000000001100111110000000001100000000000011000000000000000000001110000110000000000110000000000000001111110000011111111100000000000000000000000000000001111111111111000000000000001110000111001110000000000001110000000000000000000001110000000000000000
0000000000000000001111110000000000011000000000000111000000000000000000001100000110000000000110000000000001111110000000000000011111111000000000000000000000000111111100000000000000000000111100000011111000000000000000110000000000000000000000110000000000000000
0000000000000000000111100000000000011000000000001110000000000000000000011000000110000000000110000000000111110000000000000000000011111111110000000000000000011110011000000000000000000001111000000001111000000000000001100000000000000000000000110000000000000000
0000000000000000000000000000000000011000000000011100000000000000000000011000000110000000000110000000001111000000000000000000000000000111111111000000000000111000011000000000000000000001100000000000000000000000000001100000000000000000000000110000000000000000
0000000000000000000000000000000000111000000000111000000000000000000000110000000110000000000111000000111100000000000000000000000000000000001111111100000111110000011000000000000000000011000000000000000000000000000001100000000000000000000000111000000000000000
0000000000000000000000000000000000110000000000011000000000000000000000111000000110000000000011111111110000000000000000000000000000000000000000111111111111000000011000000000000000000011000000000000000000000000000001100000000000000000000000011100000000000001
0000000000000000000000000000000000111111111111111000000000000111100000011000000110000000000001111111000000000000000000000000000000000000000000000011111000000000011000000000000000000110000000000000000000000000000001100000000000000000000000001110000000000011
0000000000000000000000000000000001111111111111111100000000011111110000011100000110000000000000000000000000000000000000000000000000000000000000000000000000000000011000000000000000001110000000000000000000000000000001100000000000000000000000000110000000000111
0000000000000000000000000000000111111000000000011111000011111000110000001100000110000000000000000000000000000000000000000000000000000000000000000000000000000000011000000000000000001100000000000000000000000000000001100000000000111111000000000111000000011110
0000000000000000000000000000001110000000000000000111111111100000110000001100000110000000000000000000000000000000000000000000000000000000000000000000000000000000011000000000000000001100000000000000000000000000000001100000000001111111110000000011000000111100
0000000000000000000000000000111111000000000000000001111100000000110000001100000110000000000000000000000000000000000000000000000000000000000000000000000000000000011000000000000000001110000000000000000000000000000000110000000001100001111000000011000001110000
0000000000000000000000000001110011100000000000000000000000000000110000001100000110000000000000000000000000000000000000000000000000000000000000000000000000000000011000000000000000000111100000000000000000000000000000110000000011000000011100000011000011100000
0000000000000000000000000111100001100000000000000000000000000000110000011100000011000000000000000000000000000000000000000000000000000000000000000000000000000000111000000000000000000001110000000000000000000000000000111000000011000000001110000011000011000000
0000000000000000000000001111000001100000000000000000000000000000110000111000000011000000000000000000000000000000000000000000000000000000000000000000000000000000110000000000000000000000110000000000000000000000000000011100000011000000000110000001100011000000
0000000000000000110011111110000001100000000000000000000000000000110000110000000011000000000000000000000000000000000000000000000000000000000000000000000000000001110000000000000000000000011000000000000000000000000000001100000011000000000011000001110011000000
0000000000000001111111111110000001100000000000000000000000000000011001110000000110000000000000000000000000000000000000000000000000000000000000000000000000000001100000000000000000000000011000000000000000000000000000001110000011000000000011000000111111000000
0000000000000000011110000110000001100000000000000000000000000000011011100000000111000000000000000000000000000000000000000000000000000000000000000000000000000001100000000000000000000000011100000000000000000000000000000110000110000000000011100000111111000000
0000000000000000000000001100000001110000000000000000000000000000011111000000000111110000000000000000000000000000000000000000000000000000000000000000000000000011000000000000000000000000001100000000000000000000000000000011000110000000000001100000001110000000
0000000000000000000000001100000000110000000000000000000000000000001110000000000111111100000000000000000000000000000000000000000000000000000000000000000000000011000000000000000000000000001100000000000000000000000000000011100110000000000001110000000110000000
0000000000000000000000001100000000010000000000000000000000000000000000000000000110001110000000000000000000000000000000000000000000000000000000000000000000000011000000000000000000000000011100000000000000000000000000000001101100000000000000110000000110000000
0000000000000000000000001100000000000000000000000000000000000000000000000000000110000111000000000000000000000000000000000000000000000000000000000000000000000011000000000000000000000000011000000000000000000000000000000001111100000000000000110000000110000000
0000000000000000000000001100000000000000000000000000000000000000000000000000000110000011111110000000000000000000000000000000000000000000000000000000000000000011000000000000000000000000011000000000000000000000000000000001111000000000000000011000001100000000
0000000000000000000000000000000000000000000000000000000000000000000000000000000011000011111111100000000000000000000000000000000000000000000000000000000000000110000000000000000000000000001100000000000000000000000000000011100000000000000000011000001100000000
0000000000000000000000000000000000000000000000000000000000000000000000000000000011000000000001111000000000000000000000000000000000000000000000000000000000001110000000000000000000000000001100000000000000000000000000000111000000000000000000011100011100000000
0000000000000000000000000000000000000000000000000000000000000000000000000000000011000000000000011100000000000000000000000000000000000000000000000000000000011100000000000000000000000000001100000000000000000000000000001110000000000000000000001111111000000000
0000000000000000000000000000000000000000000000000000000000000000000000000000000011000000000000000000000000000000000000000000000000000000000000000000000000011000000000000000000000000000001100000000000000000000000000111100000000000000000000000111110000000000
0000000000000000000000000000000000000000000000000000000000000000000000000000000011100000000000000000000000000000000000000000000000000000000000000000000000011000000000000000000000000000001100000000000000000000000001110000000000000000000000000000000000000000
0000000000000000000000000000000000000000000000000000000000000000000000000000000001100000000000000000000000000000000000000000000000000000000000000000000000011100000000000000000000000000001110000000000000000000000001100000000000000000000000000000000000000000
0000000000000000000000000000000000000000000000000000000000000000000000000000000001100000000000000000000000000000000000000000000000000000000000000000000000111100000000000000000000000000000111000000000000000000000001100000000000000000000000000000000000000000
0000000000000000000000000000000000000000000000000000000000000000000000000000000000110000000000000000000000000000000000000000000000000000000000000000000000110110000000000000000000000000000011000000000000000000000001110000000000000000000000000000000000000000
0000000000000000000000000000000000000000000000000000000000000000000000000000000000110000000000000000000000000000000000000000000000000000000000000000000011100111000000000000000000000000000011100000000000000000000000110000000000000000000000000000000000000000
0000000000000000000000000000000000000000000000000000000000000000000000000000000000110000000000000000000000000000000000000000000000000000000000000000001111000011110000000000000000000000000001100000000000000000000000110000000000000000000000000000000000000000
0000000000000000000000000000000000000000000000000000000000000000000000000000000000011000000000000000000000000000000000000000000000000000000000000000011100000001110000000000000000000000000000110000000000000000000000110000000000000000000000000000000000000000
0000000000000000000000000000000000000000000000000000000000000000000000000000000000011000000000000000000000000000000000000000000000000000000000000000011000000000011100000000000000000000000000111000000000000000000000111000000000000000000000000000000000000000
0000000000000000000000000000000000000000000000000000000000000000000000000000000000011000000000000000000000000000000000000000000000000000000000000000011000000000001100000000000000000000000000011000000000000000000000011000000000000000000000000000000000000000
0000000000000000000000000000000000000000000000000000000000000000000000000000000000011000000000000000000000000000000000000000000000000000000000000000011000000000000110000000000000000000000000011110000000000000000000011000000000000000000000000000000000000000
0000000000000000000000000000000000000000000000000000000000000000000000000000000000011100000000000000000000000000000000000000000000000000000000000000011100000000000111000000000000000000000000001111000000000000000000001100000000000000000000000000000000000000
0000000000000000000000000000000000000000000000000000000000000000000000000000000000011110000000000000000000000000000000000000000000000000000000000000011100000000000011000000000000000000000000000011000000000000000000001100000000000000000000000000000000000000
0000000000000000000000000000000000000000000000000000000000000000000000000000000000111111000000000000000000000000000000000000000000000000000000000000011000000000000001100000000000000000000000000011000000000000000000001100000000000000000000000000000000000000
1000000000000000000000000000000000000000000000000000000000000000000000000000000001110011100000000000000000000000000000000000000000000000000000000000011000000000000001110000000000000000000000000001100000000000000000001100000000000000000000000000000000000000
1100000000000000000000000000000000000000000000000000000000000000000000000000000111100001100000000000000000000000000000000000000000000000000000000000011000000000000000110000000000000000000000000001110000000000000000011000000000000000000000000000000000000000
1111100000000000000000000000000000000000000000000000000000000000000000000000000110000000110000000000000000000000000000000000000000000000000000000000011000000000000000111000000000000000000000000000110000000000000000011000000000000000000000000000000000000000
0011111100000000000000000000000000000000000000000000000000000000000000000000001110000000111000000000000000000000000000000000000000000000000000000000111000000000000000011000000000000000000000000000111000000000000000011000000000000000000000000000000000000000
0000111111100000000000000000000000000000000000000000000000000000000000000011111100000000011110000000000000000000000000000000000000000000000000000001110000000000000000011000000000000000000000000000011100000000000000011000000000000000000000000000000000000000
0000000011100000000000000000000000000000000000000000000000000000000000001111111000000000000111000000000000000000000000000000000000000000000000000011100000000000000000011000000000000000000000000000000110000000000000011000000000000000000000000000000000000000
0000000000000000000000000000000000000000000000000000000000000000000001111100000000000000000011100000000000000000000000000000000000000000000000000111000000000000000000011000000000000000000000000000000111000000000000011000000000000000000000000000000000000000
0000000000000000000000000000000000000000000000000000000000000000001111110000000000000000000001100000000000000000000000000000000000000000000000000110000000000000000000011000000000000000000000000000000011000000000000011000000000000000000000000000000000000000
0000000000000000000000000000000000000000000000000000001111000001111111000000000000000000000001100000000000000000000000000000000000000000000000000110000000000000000000011000000000000000000000000000000001000000000000001100000000000000000000000000000000000000
0000000000000000000000000000000000000000000000000000111111100111110000000000000000000000000001100000000000000000000000000000000000000000000000000110000000000000000000011000000000000000000000000000000000000000000000001100000000000000000000000000000000000000
0000000000000000000000000000000000000000000000000001111111111111000000000000000000000000000000110000000000000000000000000000000000000000000000000110000000000000000000011000000000000000000000000000000000000000000000000000000000000000000000000000000000000000
0000000000000000000000000000000000000000000000000011101110011100000000000000000000000000000000110000000000000000000000000000000000000000000000001110000000000000000000011100000000000000000000000000000000000000000000000000000000000000000000000000000000000000
0000000000000000000000000000000000000000000000000111001100000000000000000000000000000000000000111000000000000000000000000000000000000000000000001100000000000000000000001110000000000000000000000000000000000000000000000000000000000000000000000000000000000000
0000000000000000000000000000000000000000000000000110011000000000000000000000000000000000000000011000000000000000000000000000000000000000000000011100000000000000000000000111000000000000000000000000000000000000000000000000000000000000000000000000000000000000
0000000000000000000000000000000000000000000000001110011000000000000000000000000000000000000000011000000000000000000000000000000000000000000000011000000000000000000000000011000000000000000000000000000000000000000000000000000000000000000000000000000000000000
0000000000000000000000000000000000000000000000011100111000000000000000000000000000000000000000011000000000000000000000000000000000000000000000011000000000000000000000000011000000000000000000000000000000000000000000000000000000000000000000000000000000000000
0000000000000000000000000000000000000000000000011000110000000000000000000000000000000000000000011000000000000000000000000000000000000000000000111000000000000000000000000011000000000000000000000000000000000000000000000000000000000000000000000000000000000000
0000000000000000000000000000000000000000000000011000110000000000000000000000000000000000000000011000000000000000000000000000000000000000000000110000000000000000000000000001100000000000000000000000000000000000000000000000000000000000000000000000000000000000
0000000000000000000000000000000000000000000000011100110000000000000000000000000000000000000000011000000000000000000000000000000000000000000000110000000000000000000000000001100000000000000000000000000000000000000000000000000000000000000000000000000000000000
0000000000000000000000000000000000000000000000001100110000000000000000000000000000000000000000001100000000000000000000000000000000000000000001110000000000000000000000000000110000000000000000000000000000000000000000000000000000000000000000000000000000000000
0000000000000000000000000000000000000000000000001101100000000000000000000000000000000000000000001111000000000000000000000000000000000000000011100000000000000000000000000000111100000000000000000000000000000000000000000000000000000000000000000000000000000000
0000000000000000000000000000000000000000000000001101100000000000000000000000000000000000000000000011100000000000000000000000000000000000000011100000000000000000000000000000111110000000000000000000000000000000000000000000000000000000000000000000000000000000
0000000000000000000000000000000000000000000000001101100000000000000000000000000000000000000000000001110000000000000000000000000000000000000001110000000000000000000000000000000111000000000000000000000000000000000000000000000000000000000000000000000000000000
0000000000000000000000000000000000000000000000001101100000000000000000000000000000000000000000000000111000000000000000000000000000000000000000110000000000000000000000000000000111000000000000000000000000000000000000000000000000000000000000000000000000000000
0000000000000000000000000000000000000000000000011101100000000000000000000000000000000000000000000000011100000000000000000000000000000000000000111000000000000000000000000000000110000000000000000000000000000000000000000000000000000000000000000000000000000000
0000000000000000000000000000000000000000000000011001100000000000000000000000000000000000000000000000001110000000000000000000000000000000000000011000000000000000000000000000000011000000000000000000000000000000000000000000000000000000000000000000000000000000
0000000000000000000000000000000000000000000000011001100000000000000000000000000000000000000000000000001110000000000000000000000000000000000000011000000000000000000000000000000011110000000000000000000000000000000000000000000000000000000000000000000000000000
0000000000000000000000000000000000000000000000000001100000000000000000000000000000000000000000000000001111000000000000000000000000000000000000111000000000000000000000000000000001111100000000000000000000000000000000000000000000000000000000000000000000000000
0000000000000000000000000000000000000000000000000001000000000000000000000000000000000000000000000000001111000000000000000000000000000000000000110000000000000000000000000000000000001100000000000000000000000000000000000000000000000000000000000000000000000000
0000000000000000000000000000000000000000000000000000000000000000000000000000000000000000000000000000001111100000000000000000000000000000000000110000000000000000000000000000000000001100000000000000000000000000000000000000000000000000000000000000000000000000
0000000000000000000000000000000000000000000000000000000000000000000000000000000000000000000000000000000111110000000000000000000000000000000001100000000000000000000000000000000000000110000000000000000000000000000000000000000000000000000000000000000000000000
0000000000000000000000000000000000000000000000000000000000000000000000000000000000000000000000000000001100111000000000000000000000000000000001100000000000000000000000000000000000000110000000000000000000000000000000000000000000000000000000000000000000000000
0000000000000000000000000000000000000000000000000000000000000000000000000000000000000000000000000000001100011000000000000000000000000000000001000000000000000000000000000000000000000000000000000000000000000000000000000000000000000000000000000000000000000000
0000000000000000000000000000000000000000000000000000000000000000000000000000000000000000000000000000011100001100000000000000000000000000000000000000000000000000000000000000000000000000000000000000000000000000000000000000000000000000000000000000000000000000
0000000000000000000000000000000000000000000000000000000000000000000000000000000000000000000000000000011000001110000000000000000000000000000000000000000000000000000000000000000000000000000000000000000000000000000000000000000000000000000000000000000000000000
0000000000000000000000000000000000000000000000000000000000000000000000000000000000000000000000000000011000000110000000000000000000000000000000000000000000000000000000000000000000000000000000000000000000000000000000000000000000000000000000000000000000000000
0000000000000000000000000000000000000000000000000000000000000000000000000000000000000000000000000000011000000110000000000000000000000000000000000000000000000000000000000000000000000000000000000000000000000000000000000000000000000000000000000000000000000000
0000000000000000000000000000000000000000000000000000000000000000000000000000000000000000000000000000110000000110000000000000000000000000000000000000000000000000000000000000000000000000000000000000000000000000000000000000000000000000000000000000000000000000
0000000000000000000000000000000000000000000000000000000000000000000000000000000000000000000000000000110000000010000000000000000000000000000000000000000000000000000000000000000000000000000000000000000000000000000000000000000000000000000000000000000000000000
0000000000000000000000000000000000000000000000000000000000000000000000000000000000000000000000000000110000000000000000000000000000000000000000000000000000000000000000000000000000000000000000000000000000000000000000000000000000000000000000000000000000000000
0000000000000000000000000000000000000000000000000000000000000000000000000000000000000000000000000000110000000000000000000000000000000000000000000000000000000000000000000000000000000000000000000000000000000000000000000000000000000000000000000000000000000000
0000000000000000000000000000000000000000000000000000000000000000000000000000000000000000000000000000110000000000000000000000000000000000000000000000000000000000000000000000000000000000000000000000000000000000000000000000000000000000000000000000000000000000
0000000000000000000000000000000000000000000000000000000000000000000000000000000000000000000000000000110000000000000000000000000000000000000000000000000000000000000000000000000000000000000000000000000000000000000000000000000000000000000000000000000000000000
0000000000000000000000000000000000000000000000000000000000000000000000000000000000000000000000000000110000000000000000000000000000000000000000000000000000000000000000000000000000000000000000000000000000000000000000000000000000000000000000000000000000000000
0000000000000000000000000000000000000000000000000000000000000000000000000000000000000000000000000000110000000000000000000000000000000000000000000000000000000000000000000000000000000000000000000000000000000000000000000000000000000000000000000000000000000000
0000000000000000000000000000000000000000000000000000000000000000000000000000000000000000000000000000110000000000000000000000000000000000000000000000000000000000000000000000000000000000000000000000000000000000000000000000000000000000000000000000000011110000
0000000000000000000000000000000000000000000000000000000000000000000000000000000000000000000000000000110000000000000000000000000000000000000000000000000000000000000000000000000000000000000000000000000000000000000000000000000000000000000000000000000001111000
0000000000000000000000000000000000000000000000000000000000000000000000000000000000000000000000000000000000000000000000000000000000000000000000000000000000000000000000000000000000000000000000000000000000000000000000000000000000000000000000000000000000011000
0000000000000000000000000000000000000000000000000000000000000000000000000000000000000000000000000000000000000000000000000000000000000000000000000000000000000000000000000000000000000000000000000000000000000000000000000000000000000000000000000000000000011100
0000000000000000000000000000000000000000000000000000000000000000000000000000000000000000000000000000000000000000000000000000000000000000000000000000000000000000000000000000000000000000000000000000000000000000000000000000000000000000000000000000000000001100
0000000000000000000000000000000000000000000000000000000000000000000000000000000000000000000000000000000000000000000000000000000000000000000000000000000000000000000000000000000000000000000000000000000000000000000000000000000000000000000000000000000000001110
0000000000000000000000000000000000000000000000000000000000000000000000000000000000000000000000000000000000000000000000000000000000000000000000000000000000000000000000000000000000000000000000000000000000000000000000000000000000000000000000000000000000000110
0000000000000000000000000000000000000000000000000000000000000000000000000000000000000000000000000000000000000000000000000000000000000000000000000000000000000000000000000000000000000000000000000000000000000000000000000000000000000000000000000000000000000111
0000000000000000000000000000000000000000000000000000000000000000000000000000000000000000000000000000000000000000000000000000000000000000000000000000000000000000000000000000000000000000000000000000000000000000000000000000000000000000000000000000000000000011
0000000000000000000000000000000000000000000000000000000000000000000000000000000000000000000000000000000000000000000000000000000000000000000000000000000000000000000000000000000000000000000000000000000000000000000000000000000000000000000000000000000000000000
0000000000000000000000000000000000000000000000000000000000000000000000000000000000000000000000000000000000000000000000000000000000000000000000000000000000000000000000000000000000000000000000000000000000000000000000000000000000000000000000000000000000000000
0000000000000000000000000000000000000000000000000000000000000000000000000000000000000000000000000000000000000000000000000000000000000000000000000000000000000000000000000000000000000000000000000000000000000000000000000000000000000000000000000000000000000000
0000000000000000000000000000000000000000000000000000000000000000000000000000000000000000000000000000000000000000000000000000000000000000000000000000000000000000000000000000000000000000000000000000000000000000000000000000000000000000000000000000000000000000
0000000000000000000000000000000000000000000000000000000000000000000000000000000000000000000000000000000000000000000000000000000000000000000000000000000000000000000000000000000000000000000000000000000000000000000000000000000000000000000000000000000000000000
0000000000000000000000000000000000000000000000000000000000000000000000000000000000000000000000000000000000000000000000000000000000000000000000000000000000000000000000000000000000000000000000000000000000000000000000000000000000000000000000000000000000000000
0000000000000000000000000000000000000000000000000000000000000000000000000000000000000000000000000000000000000000000000000000000000000000000000000000000000000000000000000000000000000000000000000000000000000000000000000000000000000000000000000000000000000000
0000000000000000000000000000000000000000000000000000000000000000000000000000000000000000000000000000000000000000000000000000000000000000000000000000000000000000000000000000000000000000000000000000000000000000000000000000000000000000000000000000000000000000
0000000000000000000000000000000000000000000000000000000000000000000000000000000000000000000000000000000000000000000000000000000000000000000000000000000000000000000000000000000000000000000000000000000000000000000000000000000000000000000000000000000000000000
0110000000000000000000000000000000000000000000000000000000000000000000000000000000000000000000000000000000000000000000000000000000000000000000000000000000000000000000000000000000000000000000000000000000000000000000000000000000000000000000000000000111000000
1110000000000000000000000000000000000000000000000000000000000000000000000000000000000000000000000000000000000000000000000000000000000000000000000000000000000000000000000000000000000000000000000000000000000000000000000000000000000000000000000000011111111110
1100000000000000000000000000000000000000000000000000000000000000000000000000000000000000000000000000000000000000000000000000000000000000000000000000000000000000000000000000000000100000000000000000000000000000000000000000000000000000000000000011111101111111
0000000000000000000000000000000000000000000000000000000000000000000000000000000000000000000000000000000000000000000000000000000000000000000000000000000000000000000000000000000001110000000000000000000000000000000000000000000000000000000011100111110000000001
0000000000000000000000000000000000000000000000000000000000000000000000000000000000000000000000000000000000000000000000000000000000000000000000000000000000000000000000000000000000111000000000000000000000000000000000000000000000000011111111111110000000000000
0000000000000000000000000000000000000000000000000000000000000000000000000000000000000000000000000000000000000000000000000000000000000000000000000000000000000000000000000000000000011100000000000000000000000000000000000000000000000001111110111100000000000000
0000000000000000000000000000000000000000000000000000000000000000000000000000000000000000000000000000000000000000000000000000000000000000000000000000000000000000000000000000000000001100000000000000000000000000000000000000000000000000000000000000000000000000
0000000000000000000000000000000000000000000000000000000000000000000000000000000000000000000000000000000000000000000000000000000000000000000000000000000001110000000000000000000000000110000000000000000000000000000000000000000000000000000000000000000000000000
0000000000000000000000000000000000000000000000000000000000000000000000000000000000000000000000000000000000000000000000000000000000000000000000000000000001110000000000000000000000000110000000000000000000000000000000000000000000000000000000000000000000000000
0000000000000000000000000000000000000000000000000000000000000000000000000000000000000000000000000000000000000000000000000000000000000000000000000000000000110111000000000000000000000111000000000000000000000000000000000000000000000000000000000000000000000000
0000000000000000000000000000000000000000000000000000000000000000000000000000000000000000000000000000000000000000000000000000000000000000000000000000000000111111000000000000000000000011000000000000000000000000000000000000000000000000000000000000000000000000
0000000000000000000000000000000000000000000000000000000000000000000000000000000000000000000000000000000000000000000000000000000000000000000000000000000000011111100000000000000000000111000000000000000000000000000000000000000000000000000000000000000000000000
0000000000000000000000000000000000000000000000000000000000000000000000000000000000000000000000000000000000000000000000000000000000000000000000000000000000001001111100000000000000000110000000000000001000000000000000000000000000000000000000000000000000000000
0000000000000000000000000000000000000000000000000000000000000000000000000000000000000000000000000000000000000000000000000000000000000000000000000000000000000000111110000000000000000110000000000000111111110000000000000000000000000000000000000000000000000000
0000000000000000000000000000000000000000000000000000000000000000000000000000000000000000000000000000000000000000000000000000000000000000000000000000000000000000000111000000000000000111100000000001111111110000000000000000000000000000000000000000000000000000
0000000000000000000000000000000000000000000000000000000000000000000000000000000000000000000000000000000000000000000000000000000000000000000000000000000000000000000111100000000000000001110000000001100000110000000000000000000000000000000000000000000000000000
0000000000000000000000000000000000000000000000000000000000000000000000000000000000000000000000000000000000000000000000000000000000000000000000000000000000000000000001100000000000000000111001111001100000011000000000000000000000000000000000000000000000000000
0000000000000000000000000000000000000000000000000000000000000000000000000000000000000000000000000000000000000000000000000000000000000000000000000000000000000000000001110000000000000000111111111111100000011000000000000000000000000000000000000000000000000000
0000000000000000000000000000000000000000000000000000000000000000000000000000000000000000000000000000000000000000000000000000000000000000000000000000000000000000000000111111100000000000111111000110000000011110000000000000000000000000000000000000000000000000
0000000000000000000000000000000000000000000000000000000000000000000000000000000000000000000000000000000000000000000000000000000000000000000000000000000000000000000000011111111000111111110000000000000000011111000000000000000000000000000000000000000000000000
0000000000000000000000000000000000000000000000000000000000000000000000000000000000000000000000000000000000000000000000000000000000000000000000000000000000000000000000000000111111111111100000000000000000000011100000000000000000000000000000000000000000000000
0000000000000000000000000000000000000000000000000000000000000000000000000000000000000000011000000000000000000000000000000000000000000000000000000000000000000000000000000000001111000000000000000000000000000001111110000000000000000000000000000000000000000000
0000000000000000000000000000000000000100000000000000000000000000000000000000000000000000011000000000000000000000000000000000000000000000000000000000000000000000000000000000000000000000000000000000000000000000111110000000000000000000000000000000000000000000
0000000000000000000000000000000000011100000000000000000000000000000000000000000000000000001100000000000000000000000000000000000000000000000000000000000000000000000000000000000000000000000000000000000000000000000011100000000000000000000000000000000000000000
0000000000000000000000000000001111111000000000000000000000000000000000000000000000000000001100000000000000000000000000000000000000000000000000000000000000000000000000000000000000000000000000000000000000000000000011110000000000000000000000000000000000000000
0000000000000000000000000000001111110000000000000000000000000000000000000000000000000000001100000000000000000000000000000000000000000000000000000000000000000000000000000000000000000000000000000000000000000000000001110000000000000000000000000000000000000000
0000000000000000000000000000011100000000000000000000000000000000000000000000000000000000000110000000000000000000000000000000000000000000000000000000000000000000000000000000000000000000000000000000000000000000000011111110000000000000000000000000000000000000
0000000000000000000000000000001100000000000000000000000000000000000000000000000000000000001100000000000000000000000000000000000000000000000000000000000000000000000000000000000000000000000000000000000000000000000111111110000000000000000000000000000000000000
0000000000000000000000000000001110000000000000000000000000000000000000000000000000000000001100000000000000000000000000000000000000000000000000000000000000000000000000000000000000000000000000000000000000000000000111111110000000000000000000000000000000000000
0000000000000000000000000000000111000000000000000000000000000000000000000000000000000000000110000000000000000000000000000000000000000000000000000000000000000000000000000000000000000000000000000000000000000000000011100011000000000000000000000000000000000000
0000000000000000000000000000000011000000000000000000000000000000000000000000000000000000000110000000000000000000000000000000000000000000000000000000000000000000000000000000000000000000000000000000000000000000000000000011100000000000000000000000000000000000
0000000000000000000000000000000011000000000000000000000000000000000000000000000000000000000110000000000000000000000000000000000000000000000000000000000000000000000000000000000000000000000000000000000000000000000000000001100000000000000000000000000000000000
0000000000000000000000000000000111000000000000000000000000000000000000000000000000000000000110000000000000000000000000000000000000000000000000000000000000000000000000000000000000000000000000000000000000000000000000000000110000000000000000000000000000000000
0000000000000000000000000000000011000000000000000000000000000000000000000000000000000000000110000000000000000000000000000000000000000000000000000000000000000000000000000000000000000000000000000000000000000000000000000000111000000000000000000000000000000000
0000000000000000000000000000000001100000000000000000000000000000000000000000000000000000000110000000000000000000000000000000000000000000000000000000000000000000000000000000000000000000000000000000000000000000000000000000011000000000000000000000000000000000
0000000000000000000000000000000001110000000000000000000000000000000000000000000000000000000110000000000000000000000000000000000000000000000000000000000000000000000000000000000000000000000000000000000000000000000000000000111000000000000000000000000000000000
0000000000000000000000000000000000110000000000000000000000000000000000000000000000000000001110000000000000000000000000000000000000000000000000000000000000000000000000000000000000000000000000000000000000000000000000000000110000000000000000000000000000000000
0000000000000000000000000000000000111000000000000000000000000000000000000000000000000000001110000000000000000000000000000000000000000000000000000000000000000000000000000000000000000000000000000000000000000000000000000000111100000111100000000000000000000000
0000000000000000000000000000000000011000000000000000000000000000000000000000000000000000000111000000000000000000000000000000000000000000000000000000000000000000000000000000000000000000000000000000000000000000000000000000011110011111110000000000000000000000
0000000000000000000000000000000000011000000000000000000000000000000000000000000000000000000011000000000000000000000000000000000000000000000000000000000000000000000000000000000000000000000000000000000000000000000000000000000111111000111100000000000000000000
0000000000000000000000000000000000011000000000000000000000000000000000000000000000000000000001100000000000000000000000000000000000000000000000000000000000000000000000000000000000000000000000000000000000000000000000000000000011110000011110000000000000000000
0000000000000000000000000000000000110000000000000000000000000000000000000000000000000000000001110000000000000000000000000000000000000000000000000000000000000000000000000000000000000000000000000000000000000000000000000000000000100000000110000000000000000000
0000000000000000000000000000000000110000000000000000000000000000000000000000000000000000000000110000000000000000000000000000000000000000000000000000000000000000000000000000000000000000000000000000000000000000000000000000000000000000001110000000000000000000
0000000000000000000000000000000000110000000000000000000000000000000000000000000000000000000000011000000000000000000000000000000000000000000000000000000000000000000000000000000000000000000000000000000000000000000000000000000000000000001100000000000011100000
0000000000000000000000000000000000110000000000000000000000000000000000000000000000000000000000011100000000000000000000000000000000000000000000000000000000000000000000000000000000000000000000000000000000000000000000000000000000000000011100000000000111111000
0000000000000000000000000000000000110000000000000000000000000000000000000000000000000000000000011100000000000000000000000000000000000000000000000000000000000000000000000000000000000000000000000000000000000000000000000000000000000000011000000000000110111100
0000000000000000000000000000000001110000000000000000000000000000000000000000000000000000000000011000000000000000000000000000000000000000000000000000000000000000000000000000000000000000000000000000000000000000000000000000000000000000011000000000001100011100
0000000000000000000000000000000001100000000000000000000000000000000000000000000000000000000000111000000000000000000000000000000000000000000000000000000000000000000000000000000000000000000000000000000000000000000000000000000000000000011000000000001110011100
0000000000000000000000000000000011100000000000000000000000000000000000000000000000000000000000110000000000000000000000000000000000000000000000000000000000000000000000000000000000000000000000000000000000000000000000000000000000000000001100000000000110111001
0000000000000000000000000000000001100000000000000000000000000000000000000000000000000000000000110000000000000000000000000000000000000000000000000000000000000000000000000000000000000000000000000000000000000000000000000000000000000000001110000000000110011111
0000000000000000000000000000000001100000000000000000000000000000000000000000000000000000000000111000000000000000000000000000000000000000000000000000000000000000000000000000000000000000000000000000000000000000000000000000000000000000000110000000000110001111
0000000000000000000000000000000001100000000000000000000000000000000000000000000000000000000000111111000000000000000000000000000000000000000000000000000000000000000000000000000000000000000000000000000000000000000000000000000000000000000110000000001110000001
0000000000000000000000000000000001110000000000000000000000000000000000000000000000000000000000000111100000000000000000000000000000000000000000000000000000000000000000000000000000000000000000000000000000000000000000000000000000000000000110000000111100000001
0000000000000000000000000000000000110000000000000000000000000000000000000000000000000000000000000001100000000000000000000000000000000000000000000000000000000000000000000000000000000000000000000000000000000000000000000000000000000000000110000001110000000001
0000000000000000000000000000000000110000000000000000000000000000000000000000000000000000000000000001100000000000000000000000000000000000000000000000000000000000000000000000000000000000000000011000000000000000000000000000000000000000000111110011100000100011
0000000000000000000000000000000000110000000000000000000000000000000000000000000000000000000000000001110000000000000000000000000000000000000000000000000000000000000000000000000000000000000000011000000000000000000000000000000000000000000011111111000001111111
0000000000000000000000000000000001100000000000000000000000000000000000000000000000000000000000000000110000000000000000000000000000000000000000000000000000000000000000000000000000000000000000011000000000000000000000000000000000000000000000011110000001111100
0000000000000000000000000000000001100000000000000000000000000000000000000000000000000000000000000000111000000000000000000000000000000000000000000000000000000000000000000000000000000000000000011000000000000000000000000000000000000000000000000000000001110001
0000000000000000000000000000000001100000000000000000000000000000000000000000000000000000000000000000011000000000000000000000000000000000000000000000000000000000000000000000000000000000000000011000000000000000000000000000000000000000000000000000000000111111
0000000000000000000000000000000001100000000000000000000000000000000000000000000000000000000000000000011000000000000000000000000000000000000000000000000000000000000000000000000000000000000000011100000000000000000000000000000000000000000000000000000000111111
0000000000000000000000000000000011100000000000000000000000000000000000000000000000000000000000000000011000000000000000000000000000000000000000000000110000000000000000000000000000000000000000001100000000000000000000000000000000000000000000000000000000000001
0000000000000000000000000000001111000000000000000000000000000000000000000000000000000000000000000000011000000000000000000000000000000000000000000000111000000000000000000000000000000000000000001100000000000000000000000000000000000000000000000000000111000011
0000000000000000000000000000011110000000000000000000000000000000000000000000000000000000000000000000011110000000000000000000000000000000000000000000011110000000000000000000000000000000000000001100000000000000000000000000000000000000000000000000000111110111
0000000000000000000000000000011000000000000000000000000000000000000000000000000000000000000000000000011111000000000000000000000000000000000000000000001111000000000000000000000000000000000000001100000000000000000000000000000000000000000000000000000110111111
0000000000000000000000000000011000000000000000000000000000000000000000000000000000000000000000000000000011000000000000000000000000000000000000000000000011110000000000000000000000000000000000001100000000000000000000000000000000000000000000000000000110011000
0000000000000000000000001100111000000000000000000000000000000000000000000000000000000000000000000000000011000000000000000000000000000000000000000000000001111110000000000000000000000000000000001100000000000000000000000000000000000000000000000000000011000000
0000000000000000000000111111110000000000000000000000000000000000000000000000000000000000000000000000000011000000000000000000000000000000000000000000000000001111000000000000000000000000000000001100000000000000000000000000000000000000000000000000000111000000
0000000000000000000000110011000000000000000000000000000000000000000000000000000000000000000000000000000011000000000000000000000000000000000000000000000000000011100000000000000000000000000000000110000000000000000000000000000000000000000000000000011110000000
0000000000000000000001110000000000000000000000000000000000000000000000000000000000000000000000000000000110000000000000000000000000000000000000000000000000000001110000000000000000000000000000000111000000000000000000000000000000000000000000000000011100000000
0000000000000000000000110000000000000000000000000000000000000000000000000000000000000000000000000000000110000000000000000000000000000000000000000000000000000000111111111100000000000000000000000011100000000000000000000000000000000000000000000000011110000000
0000000000000000000000110000000000000000000000000000000000000000000000000000000000000000000000000000000110000000000000000000000000000000000000000000000000000000001111111100000000000000000000000001100000000000000000000000000000000000000000000000000110011000
0000000000000000000000111000000000000000000000000000000000000000000000000000000000000000000000000000000110000000000000000000000000000000000000000000000000000000000000000110000000000000000000000001110000000000000000000000000000000000000000000000000011111110
0000000000000000000000110000000000000000000000000000000000000000000000000000000000000000000000000000000110000000000000000000000000000000000000000000000000000000000000001110000000000000000000000000111100000000000000000000000000000000000000000000000001100111
0000000000000000000000110000000000000000000000000000000000000000000000000000000000000000000000000000001110011111100000000000000000000000000000000000000000000000000000001100000000000000000000000000001100000000000000000000000000000000000000000000000000000011
0000000000000000000001110000000000000000000000000000000000000000000000000000000000000000000000000000000111111111100000000000000000000000000000000000000000000000000000001100011100000000000000000000001100000000000000000000000000000000000000000000000000000111
