0000000000000011100000000000000000000000000000000000000000000000000110000000000000001100000000000000000000000000000000000000000000000000000000000000000000110000000000000000000000000000000000000000000000000000000000000000001100000000000000000000000000000000
0000000000000001110000000000000000000000000000000000000000000000001100000000000000001110000000000000000000000000000000000000000000000000000000000000000000111000000000000000000000000000000000000000000000000000000000000000001100010000000000000000000000000000
0000000000000000000000000000000000000000000000000000000000000000001100000000000000000110000000000000000000000000000000000000000000000000000000000000000000011000000000000000000000000000000000000000000000000000000000000000001111111100000000000000000000000000
0000000000000000000000000000000000000000000000000000000000000000001100000000000000000110000000000000000000000000000000000000000000000000000000000000000000011110000000000000000000000000000000000000000000000000000000000000001111101100000000000000000000000000
0000000000000000000000000000000000000000000000000000000000000000011000000000000000000011000000000000000000000000000000000000000000000000000000000000000000000111000000000000000000000000000000000000000000000000000000000000000000001100000000000000000000000000
0000000000000000000000000000000000000000000000000000000000000000011000000000000000000011000000000000000000000000000000000000000000000000000000000000000000000011000000000000000000000000000000000000000000000000000000000000000000001110000000000000000000000000
0000000000000000000000000000000000000000000000000000000000000000111000000000000000000011000000000000000000000000000000000000000000000000000000000000000000000011000000000000000000000000000000000000000000000000000000000000000000000111100000000000000000000000
0000000000000000000000000000000000000000000000000000000000000000110000000000000000000011100000000000000000000000000000000000000000000000000000000000000000000011110000000000000000000000000000000000000000000000000000000000000000000011110000000000000000000000
0000000000000000000000000000000000000000000000000000000000000001110000000000000000000001100000000000000000000000000000000000000000000000000000000000000000000001110000000000000000000000000000000000000000000000000000000000000000000000111011100000000000000000
0000000000000000000000000000000000000000000000000000000000000001100000000000000000000001100000000000000000000000000000000000000000000000000000000000000000000000011000000000000000000000000000000000000000000000000000000000000000000000011111111111111100011111
0000000000000000000000000000000000000000000000000000000000000011100000000000000000000001110000000000000000000000000000000000000000000000000000000000000000000000111000000000000000000000000000000000000000000000000000000000000000000000001100011111111111111111
0000000000000000000000000000000000000000000000000000000000000111000000000000000000000000110000000000000000000000000000000000000000000000000000000000000000000000110000000000000000000000000000000000000000000000000000000000000000000000000000000000000011100000
0000000000000000000000000000000000000000000000000000000000001110000000000000000000000000110000000000000000000000000000000000000000000000000000000000000000000000110000000000000000000000000000000000000000000000000000000000000000000000000000000000000000000000
0000000000000000000000000000000000000000000000000000000000011100000000000000000000000000000000000000000000000000000000000000000000000000000000000000000000000000110000000000000000000000000000000000000000000000000000000000000000000000000000000000000000000000
0000000000000000000000000000000000000000000000000000000000011000000000000000000000000000000000000000000000000000000000000000000000000000000000000000000000000000111000000000000000000000000000000000000000000000000000000000000000000000000000000000000000000000
0000000000000000000000000000000000000000000000000000000000110000000000000000000000000000000000000000000000000000000000000000000000000000000000000000000000000000011000000000000000000000000000000000000000000000000000000000000000000000000000000000000000000000
0000000000000000000000000000000000000000000000000000000001110000000000000000000000000000000000000000000000000000000000000000000000000000000000000000000000000000111000000000000000000000000000000000000000000000000000000000000000000000000000000000000000000000
0000000000000000000000000000000000000000000000000000000001100000000000000000000000000000000000000000000000000000000000000000000000000000000000000000000000000000011100000000000000000000000000000000000000000000000000000000000000000000000000000000000000000000
0000000000000000000000000000000000000000000000000000000001100000000000000000000000000000000000000000000000000000000000000000000000000000000000000000000000000000001100000000000000000000000000000000000000000000000000000000000000000000000000000000000000000000
0000000000000000000000000000000000000000000000000000000011100000000000000000000000000000000000000000000000000000000000000000000000000000000000000000000000000000000110000000000000000000000000000000000000000000000000000000000000000000000000000000000000000000
0000000000000000000000000000000000000000000000000000000111000000000000000000000000000000000000000000000000000000000000000000000000000000000000000000000000000000000111000000000000000000000000000000000000000000000000000000000000000000000000000000000000000000
0000000000000000000000000000000000000000000000000000001110000000000000000000000000000000000000000000000000000000000000000000000000000000000000000000000000000000000011100000000000000000000000000000000000000000000000000000000000000000000000000000000000000000
0000000000000000000000000000000000000000000000000000011100000000000000000000000000000000000000000000000000000000000000000000000000000000000000000000000000000000000001100000000000000000000000000000000000000000000000000000000000000000000000000000000000000000
0000000000000000000000000000000000000000000000000000111000000000000000000000000000000000000000000000000000000000000000000000000000000000000000000000000000000000000001100000000000000000000000000000000000000000000000000000000000000000000000000000000000000000
0000000000000000000000000000000000000000000000000000110000000000000000000000000000000000000000000000000000000000000000000000000000000000000000000000000000000000000001100000000000000000000000000000000000000000000000000000000000000000000000000000000000000000
0000000000000000000000000000000000000000000000000001100000000000000000000000000000000000000000000000000000000000000000000000000000000000000000000000000000000000000001100000000000000000000000000000000000000000000000000000000000000000000000000000000000000000
0000000000000000000000000000000000000000000000000001100000000000000000000000000000000000000000000000000000000000000000000000000000000000000000000000000000000000000001100000000000000000000000000000000000000000000000000000000000000000000000000000000000000000
0000000000000000000000000000000000000000000000000001100000000000000000000000000000000000000000000000000000000000000000000000000000000000000000000000000000000000000001100000000000000000000000000000000000000000000000000000000000000000000000000000000000000000
0000000000000000000000000000000000000000000000000000110000000000000000000000000000000000000000000000000000000000000000000000000000000000000000000000000000000000000001100000000000000000000000000000000000000000000000000000000000000000000000000000000000000000
0000000000000000000000000000000000000000000000000000110000000000000000000000000000000000000000000000000000000000000000000000000000000000000000000000000000000000000001100000000000000000000000000000000000000000000000000000000000000000000000000000000000000000
0000000000000000000000000000000000000000000000000000111000000000000000000000000000000000000000000000000000000000000000000000000000000000000000000000000000000000000001100000000000000000000000000000000000000000000000000000000000000000000000000000000000000000
0000000000000000000000000000000000000000000000000000011000000000000000000000000000000000000000000000000000000000000000000000000000000000000000000000000000000000000001100000000000000000000000000000000000000000000000000000000000000000000000000000000000000000
0000000000000000000000000000000000000000000000000000011000000000000000000000000000000000000000000000000000000000000000000000000000000000000000000000000000000000000001100000000000000000000000000000000000000000000000000000000000000000000000000000000000000000
1110001111100000000000000000000000000000000000000000011000000000000000000000000000000000000000000000000000000000000000000000000000000000000000000000000000000000000001100000000000000000000000000000000000000000000000000000000000000000000000000000000000000000
1111111111111000000000000000000000000000000000000000011000000000000000000000000000000000000000000000000000000000000000000000000000000000000000000000000000000000000001100000000000000000000000000000000000000000000000000000000000000000000000000000000000000000
0011110100011100000000000000000000000000000000000000011000000000000000000000000000000000000000000000000000000000000000000000000000000000000000000000000000000000000001100000000000000000000000000000000000000000000000000000000000000000000000000000000000000000
0011100000001100000000000000000000000000000000000000001100000000000000000000000000000000000000000000000000000000000000000000000000000000000000000000000000000000000001100000000000000000000000000000000000000000000000000000000000000000000000000000000000000000
0011000000001110000000000000000000000000000000000000001100000000000000000000000000000000000000000000000000000000000000000000000000000000000000000000000000000000000000000000000000000000000000000000000000000000000000000000000000000000000000000000000000000000
0011100000000111100000000000000000000000000000000000000000000000000000000000000000000000000000000000000000000000000000000000000000000000000000000000000000000000000000000000000000000000000000000000000000000000000000000000000000000000000000000000000000000000
0001110000000011110000000000000000000000000000000000000000000000000000000000000000000000000000000000000000000000000000000000000000000000000000000000000000000000000000000000000000000000000000000000000000000000000000000000000000000000000000000000000000000000
0000111000000000110000000000000000000000000000000000000000000000000000000000000000000000000000000000000000000000000000000000000000000000000000000000000000000000000000000000000000000000000000000000000000000000000000000000000000000000000000000000000000000000
0000011000000000011100000000000000000000000000000000000000000000000000000000000000000000000000000000000000000000000000000000000000000000000000000000000000000000000000000000000000000000000000000000000000000000000000000000000000000000000000000000000000000000
0000011000000000011110000000000000000000000000000000000000000000000000000000000000000000000000000000000000000000000000000000000000000000000000000000000000000000000000000000000000000000000000000000000000000000000000000000000000000000000000000000000000000000
0000011000000000000111000000000000000000000000000000000000000000000000000000000000000000000000000000000000000000000000000000000000000000000000000000000000000000000000000000000000000000000000000000000000000000000000000000000000000000000000000000000000000000
0000001100000000000011110000000000000000000000000000000000000000000000000000000000000000000000000000000000000000000000000000000000000000000000000000000000000000000000000000000000000000000000000000000000000000000000000000000000000000000000000000000000000000
0000001110000000000000111110000000000000000000000000000000000000000000000000000000000000000000000000000000000000000000000000000000000000000000000000000000000000000000000000000000000000000000000000000000000000000000000000000000000000000000000000000000000000
0000000110000000000000011111000000000000000000000000000000000000000000000000000000000000000000000000000000000000000000000000000000000000000000000000000000000000000000000000000000000000000000000000000000000000000000000000000000000000000000000000000000000000
0000000110000000000000000011111111111111000000000000000000000000000000000000000000000000000000000000000000000000000000000000000000000000000000000000000000000000000000000000000000000000000000000000000000000000000000000000000000000000000000000000000000000000
0000000011000000000000000000111111111111110000000000000000000000000000000000000000000000000000000000000000000000000000000000000000000000000000000000000000000000000000000000000000000000000000000000000000000000000000000000000000000000000000000000000000000000
0000000011000000000000000000000000000000111100000000000000000000000000000000000000000000000000000000000000000000000000000000000000000000000000000000000000000000000000000000000000000000000000000000000000000000000000000000000000000000000000000000000000000000
0000000001100000000000000000000000000000001100000000000000000000000000000000000000000000000000000000000000000000000000000000000000000000000000000000000000000000000000000000000000000000000000000000000000000000000000000000000000000000000000000000000000000000
0000000011000000000000000000000000000000000000000000000000000000000000000000000000000000000000000000000000000000000000000000000000000000000000000000000000000000000000000000000000000000000000000000000000000000000000000000000000000000000000000000000000000000
0000000111000000000000000000000000000000000000000000000000000000000000000000000000000000000000000000000000000000000000000000000000000000000000000000000000000000000000000000000000000000000000000000000000000000000000000000000000000000000000000000000000000000
0000001110000000000000000000000000000000000000000000000000000000000000000000000000000000000000000000000000000000000000000000000000000000000000000000000000000000000000000000000000000000000000000000000000000000000000000000000000000000000000000000000000000000
0000001100000000000000000000000000000000000000000000000000000000000000000000000000000000000000000000000000000000000000000000000000000000000000000000000000000000000000000000000000000000000000000000000000000000000000000000000000000000000000000000000000000000
0000011000000000000000000000000000000000000000000000000000000000000000000000000000000000000000000000000000000000000000000000000000000000000000000000000000000000000000000000000000000000000000000000000000000000000000000000000000000000000000000000000000000000
0000011000000000000000000000000000000000000000000000000000000000000000000000000000000000000000000000000000000000000000000000000000000000000000000000000000000000000000000000000000000000000000000000000000000000000000000000000000000000000000000000000000000000
0000011000000000000000000000000000000000000000000000000000000000000000000000000000000000000000000000000000000000000000000000000000000000000000000000000000000000000000000000000000000000000000000000000000000000000000000000000000000000000000000000000000000000
0000011000000000000000000000000000000000000000000000000000000000000000000000000000000000000000000000000000000000000000000000000000000000000000000000000000000000000000000000000000000000000000000000000000000000000000000000000000000000000000000000000000000001
0000011000000000000000000000000000000000000000000000000000000000000000000000000000000000000000000000000000000000000000000000000000000000000000000000000000000000000000000000000000000000000000000000000000000000000000000000000000000000000000000000000000000001
0000010000000000000000000000000000000000000000000000000000000000000000000000000000000000000000000000000000000000000000000000000000000000000000000000000000000000000000000000000000000000000000000000000000000000000000000000000000000000000000000000000000000000
0000000000000000000000000000000000000000000000000000000000000000000000000000000000000000000000000000000000000000000000000000000000000000000000000000000000000000000000000000000000000000000000000000000000000000000000000000000000000000000000000000000000000000
0000000000000000000000000000000000000000000000000000000000000000000000000000000000000000000000000000000000000000000000000000000000000000000000000000000000000000000000000000000000000000000000000000000000000000000000000000000000000000000000000000000000000000
0000000000000000000000000000000000000000000000000000000000000000000000000000000000000000000000000000000000000000000000000000000000000000000000000000000000000000000000000000000000000000000000000000000000000000000000000000000000000000000000000000000000000000
0000000000000000000000000000000000000000000000000000000000000000000000000000000000000000000000000000000000000000000000000000000000000000000000000000000000000000000000000000000000000000000000000000000001100000000000000000000000000000000000000000000000000000
0000000000000000000000000000000000000000000000000000000000000000000000000000000000000000000000000000000000000000000000000000000000000000000000000000000000000000000000000000000000000000000000000000000001110000000000000000000000000000000000000000000000000000
0000000000000000000000000000000000000000000000000000000000000000000000000000000000000000000000000000000000000000000000000000000000000000000000000000000000000000000000000000000000000000000000000000000000111000000000000000000001100000000000000000000000000000
0000000000000000000000000000000000000000000000000000000000000000000000000000000000000000000000000000000000000000000000000000000000000000000000000000000000000000000000000000000000000000000000000000000000011100000000000000000001100000000000000000000000000000
0000000000000000000000000000000000000000000000000000000000000000000000000000000000000000000000000000000000000000000000000000000000000000000000000000000000000000000000000000000000000000000000000000000000001111000000000000000001100000000000000000000000000000
0000000000000000000000000000000000000000000000000000000000000000000000000000000000000000000000000000000000000000000000000000000000000000000000000000000000000000000000000000000000000000000000000000000000000011111000000000000001100000000000000000000000000000
0000000000000000000000000000000000000000000000000000000000000000000000000000000000000000000000000000000000000000000000000000010000000000000000000000000000000000000000000000000000000000000000000000000000000000111100000000000001100000000000000000000000000000
0000000000000000000000000000000000000000000000000000000000000000000000000000000000000000000000000000000000000000000000000000011000000000000000000000000000000000000000000000000000000000000000000000000000000000001111000000000001100000000000000000000000000000
0000000000000000000000000000000000000000000000000000000000000000000000000000000000000000000000000000000000000000000000000000011111100000000000000000000000000000000000000000000000000000000000000000000000000000000011100000000011000000000000000000000000000000
0000000000000000000000000000000000000000000000000000000000000000000000000000000000000000000000000000000000000000000000000000001111110000000000000000000000000000000000000000000000000000000000000000000000000000000001111000000011000000000000000000000000000000
0000000000000000000000000000000000000000000000000000000000000000000000000000000000000000000000000000000000000000000000000000000000110000000000000000000000000000000000000000000000000000000000000000000000000000000000011011000011000000000000000000000000000000
0000000000000000000000000000000000000000000000000000000000000000000000000000000000000000000000000000000000000000000000000000000000011000000000000000000000000000000000000000000000000000000000000000000000000000000000011111100011000000000000000000000000000000
0000000000000000000000000000000000000000000000000000000000000000000000000000000000000000000000000000000000000000000000000000000000011110000000000000000000000000000000000000000000000000000000000000000000000000000000011111100001100000000000000000000000000000
0000000000000000000000000000000000000000000000000000000000000000000000000000000000000000000000000000000000000000000000000000000000000111000000000000000000000000000000000000000000000000000000000000000000000000000000000000111001100000000000000000000000000000
0000000000000000000000000000000000000000000000000000000000000000000000000000000000000000000000000000000000000000000000000000000000000011000000000000000000000000000000000000000000000000000000000000000000000000000000000000011101100000000000000000000000000000
0000000000000000000000000000000000000000000000000000000000000000000000000000000000000000000000000000000000000000000000000000000000000001111100000000000000000000000000000000000000000000000000000000000000000000000000000000001111100000000000000000000000000000
0000000000000000000000000000000000000000000000000000000000000000000000000000000000000000000000000000000000000000000000000000000000000001111111000000000000000000000000000000000000000000000000000000000000000000000000000000000111110000000000000000000000000000
0000000000000000000000000000000000000000000000000000000000000000000000000000000000000000000000000000000000000000000000000000000000000000000011100000000000000000000000000000000000000000000000000000000000000000000000000000000001111000000000000000000000000000
0000000000000000000000000000000000000000000000000000000000000000000000000000000000000000000000000000000000000000000000000000000000000000000001110000000000000000000000000000000000000000000000000000000000000000000000000000000000011000000000000000000000000111
0000000000000000000000000000000000000000000000000000000000000000000000000000000000000000000000000000000000000000000000000000000000000000000000111000000000000000011111100000000000000000000000000000000000000000000000000000000000011000000000000000000000001111
0000000000000000000000000000000000000000000000000000000000000000000000000000000000000000000000000000000000000000000000000000000000000000000000011110000000000000111111111000000000000000000000000000000000000000000000000000000000011000000000000000000000001100
0000000000000000000000000000000000000000000000000000000000000000000000000000000000000000000000000000000000000000000000000000000000000000000000000111111100000001110000011110000000000000000000000000000000000000000000000000000000011000000000000000000000001100
0000000000000000000000000000000000000000000000000000000000000000000000000000000000000000000000000000000000000000000000000000000000000000000000000001111111000011100000000111100000000000000000000000000000000000000000000000000000011100000000000000000000001100
0000000000000000000000000000000000000000000000000000000000000000000000000000000000000000000000000000000000000000000000000000000000000000000000000000000011111111000000000011110000000000000000000000000000000000000000000000000000011100000000000000000000001100
0000000000000000000000000000000000000000000000000000000000000000000000000000000000000000000000000000000000000000000000000000000000000000000000000000000001111110000000000000111000000000000000000000000000000000000000000000000000011000000000000000000000001100
0000000000000000000000000000000000000000000000000000000000000000000000000000000000000000000000000000000000000000000000000000000000000000000000000000000000001100000000000000011000000000000000000000000000000000000000000000000000011000000000000000000000011100
0000000000000000000000000000000000000000000000000000000000000000000000000000000000000000000000000000000000000000000000000000000000000000000000000000000000011000000000000000011000000000000000000000000000000000000000000000000000011000000000000000000000111000
0000000000000000000000000000000000000000000000000000000000000000000000000000000000000000000000000000000000000000000000000000000000000000000000000000000000011000000000000000011000000000000000000000000000000000000000000000000000111000000000000000000000110000
0000000000000000000000000000000000000000000000000000000000000000000000000000000000000000000000000000000000000000000000000000000000000000000000000000000000111000000000000000011100000000000000000000000000000000000000000000000000110000000000000000000000110000
0000000000000000000000000000000000000000000000000000000000000000000000000000000000000000000000000000000000000000000000000000000000000000000000000000000000110000000000000000001110000000000000000000000000000000000000000000000000111000000000000000000001110000
0000000000000000000000000000000000000000000000000000000000000000000000000000000000000000000000000000000000000000000000000000000000000000000000000000000000000000000000000000000110000000000000000000000000000000000000000000000000110000000000000000000001100000
0000000000000000000000000000000000000000000000000000000000000000000000000000000000000000000000000000000000000000000000000000000000000000000000000000000000000000000000000000000111000000000000000000000000000000000000000000000001100000000000000000000001100000
0000000000000000000000000000000000000000000000000000000000000000000000000000000000000000000000000000000000000000000000000000000000000000000000000000000000000000000000000000000011100000000000000000000000000000000000000000000011100000000000000000000001100000
0000000000000000000000000000000000000000000000000000000000000000000000000000000000000000000000000000000000000000000000000000000000000000000000000000000000000000000000000000000001100000000000000000000000000000000000000000000011000000000000000000000011100000
0000000000000000000000000000000000000000000000000000000000000000000000000000000000000000000000000000000000000000000000000000000000000000000000000000000000000000000000000000000001100000000000000000000000000000000000000000000011000000000000000000000111000000
0000000000000000000000000000000000000000000000000000000000000000000000000000000000000000000000000000000000000000000000000000000000000000000000000000000000000000000000000000000001110000000000000000000000000000000000000000000011000000000000000000001110000000
0000000000000000000000000000000000000000000000000000000000000000000000000000000000000000000000000000000000000000000000000000000000000000000000000000000000000000000000000000000000110000000000000000000000000000000000000000000011000000000000000000011100000000
0000000000000000000000000000000000000000000000000000000000000000000000000000000000000000000000000000000000000000000000000000000000000000000000000000000000000000000000000000000000111000000000000000000000000000000000000000000111000000000000000001111000000000
0000000000000000000000000000000000000000000000000000000000000000000000000000000000000000000000000000000000000000000000000000000000000000000000000000000000000000000000000000000000011000000000000000000000000000000000000000001110000000000000000111111000000000
0000000000000000000000000000000000000000000000000000000000000000000000000000000000000000000000000000000000000000000000000000000000000000000000000000000000000000000000000000000000001100000000000000000000000000000000000000011100000000000000011110011000000000
0000000000000000000000000000000000000000000000000000000000000000000000000000000000000000000000000000000000000000000000000000000000000000000000000000000000000000000000000000000000001100000000000000000000000000000000000000111000000000000000111000011000000000
0000000000000000000000000000000000000000000000000000000000000000000000000000000000000000000000000000000000000000000000000000000000000000000000000000000000000000000000000000000000001110000000000000000000000000000000000001110000000000000000111000011111110001
0000000000000000000000000000000000000000000000000000000000000000000000000000000000000000000000000000000000000000000000000000000000000000000000000000000000000000000000000000000000000110000000000000000000000000000000000000110000000000000000011100001111111111
0000000000000000000000000000000000000000000000000000000000000000000000000000000000000000000000000000000000000000000000000000000000000000000000000000000000000000000000000000000000000111100000000000000000000000000000000000110000000000000000001110000000001110
0000000000000000000000000000000000000000000000000000000000000000000000000000000000000000000000000000000000000000000000000000000000000000000000000000000000000000000000000000000000000011111000000000000000000000000000000000110000000000000000011110000000000000
0000000000000000000000000000000000000000000000000000000000000000000000000000000000000000000000000000000000000000000000000000000000000000000000000000000000000000000000000000000000000000011000000000111100000000000000000000110000000000000001111100000000000000
0000000000000000000000000000000000000000000000000000000000000000000000000000000000000000000000000000000000000000000000000000000000000000000000000000000000000000000000000000000000000000111000000011111111000000000000000000110000000000001111110000000000000000
0000000000000000000000000000000000000000000000000000000000000000000000000000000000000000000000000000000000000000000000000000000000000000000000000000000000000000000000000000000000000000111000000111000011110000000000000000110000000000001110000000000000000000
0000000000000000000000000000000000000000000000000000000000000000000000000000000000000000000000000000000000000000000000000000000000000000000000000000000000000000000000000000000000000000011110000110000001111000000000000000110000000000001100000000000000000000
0000000000000000000000000000000000000000000000000000000000000000000000000000000000000000000000000000000000000000000000000000000000000000000000000000000000000000000000000000000000000000001111111100000000011100000001000000110000000000001100000000000000000000
0000000000000000000000000000000000000000000000000000000000000000000000000000000000000000000000000000000000000000000000000000000000000000000000000000000000000000000000000000000000000000000011111100000000001111100011110011110000000000111100000000000000000000
0000000000000000000000000000000000000000000000000000000000000000000000000000000000000000000000000000000000000000000000000000000000000000000000000000000000000000000000000000000000000000000000000000000000000111111111111111110000000001111000000000000000000000
0000000000000000000000000000000000000000000000000000000000000000000000000000000000000000000000000000000000000000000000000000000000000000000000000000000000000000000000000000000000000000000000000000000000000000011100011101110000000001110000000000000000000000
0000000000000000000000000000000000000000000000000000000000000000000000000000000000000000000000000000000000000000000000000000000000000000000000000000000000000000000000000000000000000000000000000000000000000000000000000000110000000001100000000000000000000000
0000000000000000000000000000000000000000000000000000000000000000000000000000000000000000000000000000000000000000000000000000000000000000000000000000000000000000000000000000000000000000000000000000000000000000000000000001111110000011100000000000000000000000
0000000000000000000000000000000000000000000000000000000000000000000000000000000000000000000000000000000000000000000000000000000000000000000000000000000000000000000000000000000000000000000000000000000000000000000000000011111111000011000000000000000000000000
0000000000000000000000000000000000000000000000000000000000000000000000000000000000000000000000000000000000000000000000000000000000000000000000000000000000000000000000000000000000000000000000000000000000000000000000000111100011100011000000000000000000000000
0000000000000000000000000000000000000000000000000000000000000000000000000000000000000000000000000000000000000000000000000000000000000000000000000000000000000000000000000000000000000000000000000000000000000000000000001110000001111111000000000000000000000000
0000000000000000000000000000000000000000000000000000000000000000000000000000000000000000000000000000000000000000000000000000000000000000000000000000000000000000000000000000000000000000000000000000000000000000000000001100000000111110000000000000000000000000
0000000000000000000000000000000000000000000000000000000000000000000000000000000000000000000000000000000000000000000000000000000000000000000000000000000000000000000000000000000000000000000000000000000000000000000000001100000000001000000000000000000000000000
0000000000000000000000000000000000000000000000000000000000000000000000000000000000000000000000000000000000000000000000000000000000000000000000000000000000000000000000000000000000000000000000000000000000000000000000001110000000000000000000000000000000000000
0000000000000000000000000000000000000000000000000000000000000000000000000000000000001100000000000000000000000000000000000000000000000000000000000000000000000000000000000000000000000000000000000000000000000000000000000111000000000000000000000000000000000000
0000000000000000000000000000000000000000000000000000000000000000000000000000000000001100000000000000000000000000000000000000000000000000000000000000000000000000000000000000000000000000000000000000000000000000000000000011000000000000000000000000000000000000
0000000000000000000000000000000000000000000000000000000000000000000000000000000000011100000000000000000000000000000000000000000000000000000000000000000000000000000000000000000000000000000000000000000000000000000000000001100000000000000000000000000000000000
0000000000000000000000000000000000000000000000000000000000000000000000000000000000011000000000000000000000000000000000000000000000000000000000000000000000000000000000000000000000000000000000000000000000000000000000000001100000000000000000000000000000000000
0000000000000000000000000000000000000000000000000000000000000000000000000000000000111000000000000000000000000000000000000000000000000000000000000000000000000000000000000000000000000000000000000000000000000000000000000001110000000000000000000000000000000000
0000000011000000000000000000000000000000000000000000000000000000000000000000000000110000000000000000000000000000000000000000000000000000000000000000000000000000000000000000000000000000000000000000000000000000000000000000111000000000000000000000000000000000
0000111111111110000000000000000000000000000000000000000000000000000000000000000000110000000000000000000000000000000000000000000000000000000000000000000000000000000000000000000000000000000000000000000000000000000000000000011000000000000000000000000000000000
0011111100111111111110000000000000000000000000000000000000000000000000000000000000110000000000000000000000000000000000000000000000000000000000000000000000000000000000000000000000000000000000000000000000000000000000000000011100000000000000000000000000000000
1111000000000001111111110000000000000000000000000000000000000000000000000000000000110000000000000000000000000000000000000000000000000000000000000000000000000000000000000000000000000000000000000000000000000000000000000000001100000000000000000000000000000000
1100000000000000000011111000000000000000000000000000000000000000000000000000000001100000000000000000000000000000000000000000000000000000000000000000000000000000000000000000000000000000000000000000000000000000000000000000001100000000000000000000000000000000
0000000000000000000000011100000000000000000000000000000000000000000000000000000011100000000000000000000000000000000000000000000000000000000000000000000000000000000000000000000000000000000000000000000000000000000000000000001100000000000000000000000000000000
0000000000000000000000001110000000000000000000000000000000000000000000000000000111000000000000000000000000000000000000000000000000000000000000000000000000000000000000000000000000000000000000000000000000000000000000000000001100000000000000000000000000000000
0000000000000000000000000111000000000000000000000000000000000000000000000000000110000000000000000000000000000000000000000000000000000000000000000000000000000000000000000000000000000000000000000000000000000000000000000000111100000000000000000000000000000000
0000000000000000000000000011000000000000000000000000000000000000000000000000001110000000000000000000000000000000000000000000000000000000000000000000000000000000000000000000000000000000000000000000000000000000000000000011111000000000000000000000000000000000
0000000000000000000000000011100000000000000000000000000000000000000000000001111100000000000000000000000000000000000000000000000000000000000000000000000000000000000000000000000000000000000000000000000000000000000000001111100000000000000000000000000000000000
0000000000000000000000000001100000000000000000000000000000000000000000000011110000000000000000000000000000000000000000000000000000000000000000000000000000000000000000000000000000000000000000000000000000000000000000011110000000000000000000000000000000000000
0000000000000000000000000001110000000000000000000000000000000000000000000111000000000000000000000000000000000000000000000000100000000000000000000000000000000000000000000000000000000000000000000000000000000000000001111100000000000000000000000000000000000000
0000000000000000000000000000111100000000000000000000000000000000000000001100000000000000000000000000000000000000000000000001100000000000000000000000000000000000000000000000000000000000000000000000000000000000000011111111000000000000000000000000000000000000
0000000000000000000000000000001110000000000000000000000000000000000000001100000000000000000000000000000000000000000000000001100000000000000000000000000000000000000000000000000000000000000000000000000000000000000011000011110000000000000000000000000000000000
0000000000000000000000000000000110000000000000000000000000000000000000001100000000000000000000000000000000000000000000000001100000000000000000000000000000000000000000000000000000000000000000000000000000000000000011000001111100000000000000000000000000000000
0000000000000000000000000000000000000000000000000000000000000000000000001100000000000000000000000000000000000000000000000001100000000000000000000000000000000000000000000000000000000000000000000000000000000000000111000000011110000000000000000000000000000000
0000000000000000000000000000000000000000000000000000000000000000000000000110000000000000000000000000000000000000000000000001100000000000000000000000000000000000000000000000000000000000000000000000000000000000001110000000000111100000000000000000000000000000
0000000000000000000000000000000000000000000000000000000000000000000000000110000000000000000000000000000000000000000000000011000000000000000000000000000000000000000000000000000000000000000000000000000000000000001100000000000011111100000000000000000000000000
0000000000000000000000000000000000000000000000000000000000000000000000000110000000000000000000000000000000000000000000000011000000000000000000000000000000000000000000000000000000000000000000000000000000000000001100000000000000011111100000000000000000000000
0000000000000000000000000000000000000000000000000000000000000000000000001110000000000000000000000000000000000000000000000011000000000000000000000000000000000000000000000000000000000000000000000000000000000000001100000000000000000111111000000000000000000000
0000000000000000000000000000000000000000000000000000000000000000000000011100000000000000000000000000000000000000000000000011000000000000000000000000000000000000000000000000000000000000000000000000000000000000011000000000000000000000111100000000000000000000
0000000000000000000000000000000000000000000000000000000000000000000000111000000000000000000000000000000000000000000000000011000000000000000000000000000000000000000000000000000000000000000000000000000000000000011000000000000000000000001110000000000000000000
0000000000000000000000000000000000000000000000000000000000000000000000110000000000000000000000000000000000000000000000000011000000000000000000000000000000000000000000000000000000000000000000000000000000000000011000000000000000000000000110000000000000000000
0000000000000000000000000000000000000000000000000000000000000000000000110000000000000000000000000000000000000000000000000011000000000000000000000000000000000000000000000000000000000000000000000000000000000000111000000000000000000000000000000000000000000000
0000000000000000000000000000000000000000000000000000000000000000000000110000000000000000000000000000000000000000000000000011000000000000000000000000000000000000000000000000000000000000000000000000000000000000110000000000000000000000000000000000000000000000
0000000000000000000000000000000000000000000000000000000000000000000000110000000000000000000000000000000000000000000000000111000000000000000000000000000000000000000000000000000000000000000000000000000000111111110000000000000000000000000000000000000000000000
0000000000000000000000000000000000000000000000000000000000000000000000110000000000000000000000000000000000000000000000000110000000000000000000000000000000000000000000000000000000000000000000000000000000111111100000000000000000000000000000000000000000000000
0000000000000000000000000000000000000000000000000000000000000000000000110000000000000000000000000000000000000000000000001110000000000000000000000000000000000000000000000000000000000000000000000000000001100011000000000000000000000000000000000000000000000000
0000000000000000000000000000000000000000000000000000000000000000000000110000000000000000000000000000000000000000000000001100000000000000000000000000000000000000000000000000000000000000000000000000000001100000000000000000000000000000000000000000000000000000
0000000000000000000000000000000000000000000000000000000000000000000000110000000000000000000000000000000000000000000000001100000000000000000000000000000000000000000000000000000000000000000000000000000001100000000000000000000000000000000000000000000000000000
0000000000000000000000000000000000000000000000000000000000000000000000110000000000000000000000000000000000000000000000001100000000000000000000000000000000000000000000000000000000000000000000000000000011000000000000000000000000000000000000000000000000000000
0000000000000000000000000000000000000000000000000000000000000000000000110000000000000000000000000000000000000000000000001110000000000000000000000000000000000000000000000000000000000000000000000000000011000000000000000000000000000000000000000000000000000000
0000000000000000000000000000000000000000000000000000000000000000000000110000000000000000000000000000000000000000000000001100000000000000000000000000000000000000000000000000000000000000000000000000000110000000000000000000000000000000000000000000000000000000
0000000000000000000000000000000000000000000000000000000000000000000000011000000000000000000000000000000000000000000000001110000000000000000000000000000000000000000000000000000000000000000000000000001110000000000000000000000000000000000000000000000000000000
0000000000000000000000000000000000000000000000000000000000000000000000011000000000000000000000000000000000000000000000000110000000000000000000000000000000000000000000000000000000000000000000000000011100000000000000000000000000000000000000000000000000000000
0000000000000000000000000000000000000000000000000000000000000000000000001100000000000000000000000000000000000000000000000111000000000000000000000000000000000000000000000000000000000000000000000000111000000000000000000000000000000000000000000000000000000000
0000000000000000000000000000000000000000000000000000000000000000000000001100000000000000000000000000000000000000000000000110000000000000000000000000000000000000000000000000000000000000000000000000110000000000000000000000000000000000000000000000000000000000
0000000000000000000000000000000000000000000000000000000000000000000000001100000000000000000000000000000000000000000000000110000000000000000000000000000000000000000000000000000000000000000000000000110000000000000000000000000000000000000000000000000000000000
0000000000000000000000000000000000000000000000000000000000000000000000001100000000000000000000000000000000000000000000000110000000000000000000000000000000000000000000000000000000000000000000000000111000000000000000000000000000000000000000000000000000000000
0000000000000000000000000000000000000000000000000000000000000000000000011100000000000000000000000000000000000000000000000110000000000000000000000000000000000000000000000000000000000000000000000000011100000000000000000000000000000000000000000000000000000000
0000000000000000000000000000000000000000000000000000000000000000000000011100000000000000000000000000000000000000000000000110000000000000000000000000000000000000000000000000000000000000000000000000001111000000000000000000000000000000000000000000000000000000
0000000000000000000000000000000000000000000000000000000000000000000000001100000000000000000000000000000000000000000000000110000000000000000000000000000000000000000000000000000000000000000000000000000111100000000000000000000000000000000000000000000000000000
0000000000000000000000000000000000000000000000000000000000000000000000001110000000000000000000000000000000000000000000001100000000000000000000000000000000000000000000000000000000000000000000000000000001110000000000000000000000000000000000000000000000000000
0000000000000000000000000000000000000000000000000000000000000000000000000110000000000000000000000000000000000000000000001100000000000000000000000000000000000000000000000000000000000000000000000000000000110000000000000000000000000000000000000000000000000000
0000000000000000000000000000000000000000000000000000000000000000000000000110000000000000000000000000000000000000000000001100000000000000000000000000000000000000000000000000000000000000000000000000000001110000000000000000000000000000000000000000000000000000
0000000000000000000000000000000000000000000000000000000000000000000000000110000000000000000000000000000000000000000000000110000000000000000000000000000000011000000000000000000000000000000000000000000001100000000000000000000000000000000000000000000000000000
0000000000000000000000000000000000000000000000000000000000000000000000000110000000000000000000000000000000000000000000001110000000000000000000000000000000011000000000000000000000000000000000000000000011000000000000000000000000000000000000000000000000000000
0000000000000000000000000000000000000000000000000000000000000000000000001110000000000000000000000000000000000000000000001100000000000000000000000000000000001100000000000000000000000000000000000000000011000000000000000000000000000000000000000000000000000000
0000000000000000000000000000000000000000000000000000000000000000000000011100000000000000000000000000000000000000000000001100000000000000000000000000000000001100000000000000000000000000000000000000000011000000000000000000000000000000000000000000000000000000
0000000000000000000000000000000000000000000000000000000000000000000000001100000000000000000000000000000000000000000000000110000000000000000000000000000000001110000000000000000000000000000000000000000001100000000000000000000000000000000000000000000000000000
0000000000000000000000000000000000000000000000000000000000000000000000000110000000000000000000000000000000000000000000000110000000000000000000000000000000000110000000000000000000000000000000000000000001100000000000000000000000000000000000000000000000000000
0000000000000000000000000000000000000000000000000000000000000000000000000011000000000000000000000000000000000000000000000110000000000000000000000000000000000111000000000000000000000000000000000000000001100000000000000000000000000000000000000000000000000000
0000000000000000000000000000000000000000000000000000000000000000000000000001100000000000000000000000000000000000000000000110000000000000000000000000000000000011100000000000000000000000000000000000000000110000000000000000000000000000000000000000000000000000
0000000000000000000000000000000000000000000000000000000000000000000000000001110000000000000000000000000000000000000000000110000000000000000000000000000000000001100000000000000000000000000000000000000000110000000000000000000000000000000000000000000000000000
0000000000000000000000000000000000000000000000000000000000000000000000000000111000000000000000000000000000000000000000000110000000000000000000000000000000000000110000000000000000000000000000000000000000111000000000000000000000000000000000000000000000000000
0000000000000000000000000000000000000000000000000000000000000000000000000000011000000000000000000000000000000000000000000111000000000000000000000000000000000000110000000000000000000000000000000000000000011100000000000000000000000000000000000000000000000000
0000000000000000000000000000000000000000000000000000000000000000000000000000011100000000000000000000000000000000000000000011100000000000000000000000000000000000110000000000000000000000000000000000000000001100000000000000000000000000000000000000000000000000
0000000000000000000000000000000000000000000000000000000000000000000000000000001100000000000000000000000000000000000000000001110000000000000000000000000000000000110000000000000000000000000000000000000000001100000000000000000000000000000000000000000000000000
0000000000000000000000000000000000000000000000000000000000000000000000000000001100000000000000000000000000000000000000000000111000000000000000000000000000000000110000000000000000000000000000000000000000011100000000000000000000000000000000000000000000000000
0000000000000000000000000000000000000000000000000000000000000000000000000000001100000000000000000000000000000000000000000000011000000000000000000000000000000000110000000000000000000000000000000000000001111000000000000000000000000000000000000000000000000001
0000000000000000000000000000000000000000000000000000000000000000000000000000001100000000000000000000000000000000000000000000011100000000000000000000000000000000110000000000000000000000000000000000000011100000000000000000000000000000000000000000000000000011
0000000000000000000000000000000000000000000000000000000000000000000000000000001110000000000000000000000000000000000000000000001110000000000000000000000000000001110000000000000000000000000000000000000011000000000000000000000000000000000000000000111000000111
0000000000000000000000000000000000000000000000000000000000000000000000000000000110000000000000000000000000000000000000000000000111100000000000000000000000000011100000000000000000000000000000000000000011000000000000000000000000000000000000000011111110001110
0000000000000000000000000000000000000000000000000000000000000000000000000000000111000000000000000000000000000000000000000000000011100000000000000000000000000011000000000000000000000000000000000000000011000000000000000000000000000000000000001111001111111100
0000000000000000000000000000000000000000000000000000000000000000000000000000000011000000000000000000000000000000000000000000000000110000000000000000000000000011100000000000000000000000000000000000000001100000000000000000000000000000000000111110000001111000
0000000000000000000000000000000000000000000000000000000000000000000000000000000011110000000000000000000000000000000000000000000000111000000000000000000000000001100000000000000000000000000000000000000001110000000000000000000000000000000011110000000000000000
0000000000000000000000000000000000000000000000000000000000000000000000000000000001111000000000000000000000000000000000000000000000011000000000000000000000000001110000000000000000000000000000000000000000111000000000000000000000000001111111100000000000000000
0000000000000000000000000000000000000000000000000000000000000000000000000000000000011100000000000000000000000000000000000000000000011100000000000000000000000000110000000000000000000000000000000000000000011000000000000000000000000001111100000000000000000000
0000000000000000000000000000000000000000000000000000000000000000000000000000000000001100000000000000000000000000000000000000000000001100000000000000000000000000110000000000000000000000000000000000000000111000000000000000000000000011100000000000000000000000
0000000000000000000000000000000000000000000000000000000000000000000000000000000000000111000000000000000000000000000000000000000000001100000000000000000000000000011000000000000000000000000000000000000000110000000000000000000000000111000000000000000000000000
0000000000000000000000000000000000000000000000000000000000000000000000000000000000000011100000000000000000000000000000000000000000001100000000000000000000000000011100000000000000000000000000000000000000011000000000000000000000001110000000000000000000000000
0000000000000000000000000000000000000000000000000000000000000000000000000000000000000001110000000000000000000000000000000000000000001100000000000000000000000000001110000000000000000000000000000000000000011000000000000000000000111100000000000000000000000000
0000000000000000000000000000000000000000000000000000000000000000000000000000000000000000111000000000000000000000000000000000000000001100000000000000000000000000000110000000000000000000000000000000000000110000000001000000011111111000000000000000000000000000
0000000000000000000000000000000000000000000000000000000000000000000000000000000000000000011100000000000000000000000000000000000000011100000000000000000000000000000111000000000000000000000000000000000001110000000111111111111111111000000000000000000000000000
0000000000000000000000000000000000000000000000000000000000000000000000000000000000000000001100000000000000000000000000000000000000111000000000000000000000000000000011000000000000000000000000000000000001100000001111111111110000011000000000000000000000000000
0000000000000000000000000000000000000000000000000000000000000000000000000000000000000000001110000000000000000000000000000000000001110000000000000000000000000000000001100000000000000000000000000000000011000000111100000000000000011000000000000000000000000000
0000000000000000000000000000000000000000000000000000000000000000000000000000000000000000000110000000000000000001100000000000000011100000000000000000000000000000000001100000000000000000000000000000000011100011110000000000000000011000000000000000000000000000
0000000000000000000000000000000000000000000000000000000000000000000000000000000000000000000011000000000000000001100000000000000011000000000000000000000000000000000001100000000000000000000000000000000111111111000000000000000000011000000000000000000000000000
0000000000000000000000000000000000000000000000000000000000000000000000000000000000000000000011100000000000000001110000000000000110000000000000000000000000000000000001100000000000000000000000000000000111011100000000000000000000011000000000000000000000000000
0000000000000000000000000000000000000000000000000000000000000000000000000000000000000000000001110000000000000000110000000000000110000000000000000000000000000000000001100000000000000000000000000000001110000000000000000000000000011111110000000000000000000000
0000000000000000000000000000000000000000000000000000000000000000000000000000000000000000000000110000000000000000011000000000000110000000000000000000000000000000000001100000000000000000000000000000011100000000000000000000000000011111111000000000000000000000
0000000000000000000000000000000000000000000000000000000000000000000000000000000000000000000000011000000000000000011100000000000110000000000000000000000000000000000000110000000000000000000000001111111000000000000000000000000000001100011000000000000000000000
0000000000000000000000000000000000000000000000000000000000000000000000000000000000000000000000011100000000000000001110000000000110000000000000000000000000000000000000110000000000000000000000011111110000000000000000000000000000000000011100000000000000000000
0000000000000000000000100000000000000000000000000000000000000000000000000000000000000000000000001100000000000000000110000000011100000000000000000000000000000000000000111000000000000000000000110000000000000000000000000000000000000000001100000000000000000000
0000000000000000000001100000000000000000000000000000000001000000000000000000000000000000000000001100000000000000000110000000111000000000000000000000000000000000000000011000000000000000000000110000000000000000000000000000000000000000001110000000000000000000
0000000000000000000011100000000000000000000000000000000001100000000000000000000000000000000000000110000000000000000011000001110000000000000000000000000000000000000000001100000000000000000000111000000000000000000000000000000000000000000111111000000000000000
0000000000000000000111000000000000000000000000000000000001100000000000000000000000000000000000000110000000000000000011000001100000000000000000000000000000000000000000001100000000000000000000011100000000000000000000000000000000000000000011111110000000000000
0000000000000000001110000000000000000000000000000000000001110000000000000000000000000000000000000011000000000000000011100001100000000000000000000000000000000000000000001100000000000000000000001100000000000000000000000000000000000000000000001111100000000000
0000000000000000001110000000000000000000000000000000000000110000000000000000000000000000000000000011000000000000000001100011000000000000000000000000000000000000000000000110000000000000000000001100000000000000000000000000000000000000000000000001110000000000
0000000000000000000110000000000000000000000000000000000000110000000000000000000000000000000000000011000000000000000001111111000000000000000000000000000000000000000000000111000000000000000000001100000000000000000000000000000000000000000000000000111000000000
0000000000000000011110000000000000000000000000000000000000110000000000000000000000000000000000000001100000000000000001111100000000000000000000000000000000000000000000000011000000000000000000011000000000000000000000000000000000000000000000000000011100000000
0000000000000001111100000000000000000000000000000000000000110000000000000000000000000000000000000001100000000000000000110000000000000000000000000000000000000000000000000011000000000000000000111000000000000000000000000000000000000000000000000000001110000000
0000000000000111110000000000000000000000000000000000000000111000000000000000000000000000000000000001100000000000000000110000000000000000000000000000000000000000000000000011000000000000000001110000000000000000000000000000000000000000000000000000000110000000
0000000000001110000000000000000000000000000000000000000000011000000000000000000000000000000000000001100000000000000000110000000000000000000000000000000000000000000000000111000000000000000011100000000000000000000000000000000000000000000000000000000110000000
0000000000001100000000000000000000000000000000000000000000011000000000000000000000000000000000000001100000000000000000110000000000000000000000000000000000000000000000000110000000000000000111000000000000000000000000000000000000000000000000000000000011000000
0000000000001100000000000000000000000000000000000000000000011000000000000000000000000000000000000001100000000000000000110000000000000000000000000000000000000000000000000110000000000000001110000000000000000000000000000000000000000000000000000000000011100000
0000000000001100000000000000000000000000000000000000000000011000000000000000000000000000000000000011000000000000000000110000000000000000000000000000000000000000000000000110000000000000001100000000000000000000000000000000000000000000000000000000000001100000
0000000000001100000000000000000000000000000000000000000000001110000000000000000000000000000000000011000000000000000000110000000000000000000000000000000000000000000000000110000000000000001110000000000000000000000000000000000000000000000000000000000000110000
0000000000001100000000000000000000000000000000000000000000000111000000000000000000000000000000000011000000000000000001100000000000000000000000000000000000000000000000000110000000000000000111000000000000000000000000000000000000000000000000000000000000110000
0000000000001100000000000000000000000000000000000000000000000011100000000000000000000000000000000011000000000000000001110000000000000000000000000000000000000000000000001100000000000000000011000000000000000000000000000000000000000000000000000000000000111000
0000000000001100000000000000000000000000000000000000000000000001111100000000000000000000000000000011000000000000000000110000000000000000000000000000000000000000000000001100000000000000000011000000000000000000000000000000000000000000000000000000000000011100
0000000000001100000000000000000000000000000000000000000000000000111111000000000000000000000000000011000000000000000000011000000000000000000000000000000000000000000000001100000000000000000011000000000000000000000000000000000000000000000000000000000000001100
0000000000001100000000000000000000000000000000000000000000000000000111000000000000000000000000000011000000000000000000011000000000000000000000000000000000000000000000001100000000000000000011000000000000000000000000000000000000000000000000000000000000000110
0000000000011100000000000000000000000000000000000000000000000000000001100000000000000000000000000110000000000000000000011000000000000000000000000000000000000000000000001100000000000000000011000000000000000000000000000000000000000000000000000000000000000110
0000000000011000000000000000000000000000000000000000000000000000000001110000000000000000000000000110000000000000000000011000000000000000000000000000000000000000000000001100000000000000000011000000000000000000000000000000000000000000000000000000000000000110
0000000000011000000000000000000000000000000000000000000000000000000000111000000000000000000000000110000000000000000000011000000000000000000000000000000000000000000000001100000000000000000011000000000000000000000000000000000000000000000000000000000000000110
0000000000110000000000000000000000000000000000000000000000000000000000011100000000000000000000001110000000000000000000011000000000000000000000000000000000000000000000001100000000000000000011000000000000000000000000000000000000000000000000000000000000000011
0000000000111000000000000000000000000000000000000000000000000000000000001110000000000000000000001100000000000000000000111000000000000000000000000000000000000000000000001100000000000000000011000000000000000000000000000000000000000000000000000000000000000011
0000000000011000000000000000000000000000000000000000000000000000000000000111100000000000000000001101110000000000000000110000000000000000000000000000000000000000000000000110000000000000000011000000000000000000000000000000000000000000000000000000000000000001
0000000000011000000000000000000000000000000000000000000000000000000000000011111000000000000000001111111001111000000000110000000000000000000000000000000000000000000000000110000000000000000011000000000000000000000000000000000000000000000000000000000000000000
0000000000011000000000000000000000000000000000000000000000000000000000000000011100000000000000001111011111111100000001100000000000000000000000000000000000000000000000000110000000001110000011000000000000000000000000000000000000000000000000000000000000000000
0000000000011100000000000000000000000000000000000000000000000000000000000000001100000000000000001110001110001111111111100000000000000000000000000000000000000000000000000110000000111111110111000000000000000000000000000000000000000000000000000000000000000000
0000000000011000000000000000000000000000000000000000000000000000000000000000000110000000000000001100000000000011111110000000000000000000000000000000000000000000000000000110000011110001111111000000000000000000000000000000000000000000000000000000000000000000
0000000000011100000000000000000000000000000000000000000000000000000000000000000111000000000000001100000000000000000000000000000000000000000000000000000000000000000000001100000111100000001100000000000000000000000000000000000000000000000000000000000000000000
0000000000001110000000000000000000000000000000000000000000000000000000000000000011100000000000001100000000000000000000000000000000000000000000000000000000000000000000001100000110000000000000000000000000000000000000000000000000000000000000000000000000000000
0000000000000110000000000000000000000000000000000000000000000000000000000000000001111000000000001100000000000000000000000000000000000000000000000000000000000000000000001100000110000000000000000000000000000000000000000000000000000000000000000000000000000000
0000000000000110000000000000000000000000000000000000000000000000000000000000000000011100000000001100000000000000000000000000000000000000000000000000000000000000000000001100000110000000000000000000000000000000000000000000000000000000000000000000000000000000
0000000000000110000000000001100000000000000000000000000000000000000000000000000000001110000000011100000000000000000000000000000000000000000000000000000000000000000000001100000111100000000000000000000000000000000000000000000000000000000000000000000000000000
0000000000000110000000000001100000000000000000000000000000000000000000000000000000000110000000111000000000000000000000000000000000000000000000000000000000000000000000011100001111111000000000000000000000000000000000000000000000000000000000000000000000000000
0000000000000110000000000001100000000000000000000000000000000000000000000000000000000111000000110000000000000000000000000000000000000000000000000000000000000000000000111000011100011000000000000000000000000000000000000000000000000000000000000000000000000000
0000000000000111000000000000110000000000000000000000000000000000000000000000000000000011100000110000000000000000000000000000000000000000000000000000000000000000000000110000111000011000000000000000000000000000000000000000000000000000000000000000000000000000
0000000000000011000000000000111000000000000000000000000000000000000000000000000000000001100000110000000000000000000000000000000000000000000000000000000000000000000001100011110000011100000000000000000000000000000000000000000000000000000000000000000000000000
0000000000000011000000000000011000000000000000000000000000000000000000000000000000000001100001100000000000000000000000000000000000000000000000000000000000000000000001111111000000001100000000000000000000000000000000000000000000000000000000000000000000000000
0000000000000011000000000000110000000000000000000000000000000000000000000000000000000000110011100000000000000000000000000000000000000000000000000000000000000000000001111100000000001100000000000000000000000000000000000000000000000000000000000000000000000000
0000000000000011100000000000011000000000000000000000000000000000000000000000000000000000111011000000000000000000000000000000000000000000000000000000000000000000000001110000000000001100000000000000000000000000000000000000000000000000000000000000000000000000
0000000000000001100000000000011000000000000000000000000000000000000000000000000000000000011111000000000000000000000000000000000000000000000000000000000000000000000001100000000000001111000000000000000000000000000000000000000000000000000000000000000000000000
