0000000000000000000000000000000000000000000000000000000000000000000000000111111110000000000000000000000000000000000000000000000000011100000000000000000000000000000000000000000000000110000000000000000000000000000000000011000000000000000000000000000011000000
0000000000000000000000000000000000000000000000000000000000000000000000000000000000000000000000000000000000000000000000000000000000001111100000000000000000000000000000000000000000000110000000000000000000000000000000000011100000000000000000000000000011000000
0000000000000000000000000000000000000000000000000000000000000000000000000000000000000000000000000000000000000000000000000000000000000011110000000000000000000000000000000000000000000110000000000000000000000000000000000001110000000000000000000000000001100000
0000000000000000000000000000000000000000000000000000000000000000000000000000000000000000000000000000000000000000000000000000000000000000110000000000000000000000000000000000000000000111000000000000000000000000000000000000110000000000000000000000000001100000
0000000000000000000000000000000000000000000000000000000000000000000000000000000000000000000000000000000000000000000000000000000000000000110000000000000000000000000000000000000000000011000000000000000000000000000000000000011000000000000000000000000000110000
0000000000000000000000000000000000000000000000000000000000000000000000000000000000000000000000000000000000000000000000000000000000000000011000000000000000000000000000000000000000000011100000000000000000000000000000000000011100000000000000000000000000110000
0000000000000000000000000000000000000000000000000000000000000000000000000000000000000000000000000000000000000000000000000000000000000000011000000000000000000000000000000000000000000001110000000000000000000000000000000000001100000000000000000000000000011100
0010000000000000000000000000000000000000000000000000000000000000000000000000000000000000000000000000000000000000000000000000000000000000011000000000000000000000000000000000000000000000110000000000000000000000000000000000001110000000000000000000000000011111
0110000000000000000000000000000000000000000000000000000000000000000000000000000000000000000000000000000000000000000000000000000000000000011100000000000000000000000000000000000000000000110000000000000000000000000000000000000110000000000000000000000000000011
0110000000000000000000000000000000000000000000000000000000000000000000000000000000000000000000000000000000000000000000000000000000000000001100000000000000000000000000000000000000000000110000000000000000000000000000000000000110000000000000000000000000000000
0110000000000000000000000000000000000000000000000000000000000000000000000000000000000000000000000000000000000000000000000000000000000000000111000000000000000000000000000000000000000000110000000000000000000000000000000000000011110000000000000000000000000000
0110000000000000000000000000000000000000000000000000000000000000000000000000000000000000000000000000000000000000000000000000000000000000000011110000000000000000000000000000000000000000110000000000000000000000000000000000000011111110000000000000000000000000
1100000000000000000000000000000000000000000000000000000000000000000000000000000000000000000000000000000000000000000000000000000000000000000001111100100000000000000000000000000000000000110000000000000000000000000000000000000000011111100000000000000000000000
1100000000000000000000000000000000000000000000000000000000000000000000000000000000000000000000000000000000000000000000000000000000000000000000011111110000000000000000000000000000000000110000000000000000000000000000000000000000000001111000000000000000000000
1100000000000000000000000000000000000000000000000000000000000000000000000000000000000000000000000000000000000000000000000000000000000000000000000111111000000000000000000000000000000000110000000000000000000000000000000000000000000000111100000000000000000000
1100000000000000000000000000000000000000000000000000000000000000000000000000000000000000000000000000000000000000000000000000000000000000000001011110011100000000000000000000000000000001110000000000000000000000000000000000000000000000001110000000000000000000
1100000000000000000000000000000000000000000000000000000000000000000000000000000000000000000000000000000000000000000000000000000000000000000111111100001111000000000000000000000000000001100000000000000000000000000000000000000000000000000111110000000000000000
1100000000000000000001100000000000000000000000000000000000000000000000000000000000000000000000000000000000000000000000000000000000000000000111110000000011100000000000000000000000000011100000000000000000000000000000000000000000000000000001110000000000000000
1100000000000000000001100000000000000000000000000000000000000000000000000000000000000000000000000000000000000000000000000000000000000000000110000000000001110000000000000000000011100111000000000000000000000000000000000000000000000000000000011000000000000000
1110000000000000000001100000000000000000000000000000000000000000000000000000000000000000000000000000000000000000000000000000000000000000000110000000000000111100000000000000001111111111000000000000000000000000000000000000000000000000000000011000000000000000
0110000000000000000001100000000000000000000000000000000000000000000000000000000000000000000000000000000000000000000000000000000000000000000110000000000000011110000000000000011100111111000000000000000000000000000000000000000000000000000000011000000000000000
0011000000000000000001100000000000000000000000000000000000000000000000000000000000000000000000000000000000000000000000000000000000000000000110000000000000000111000000000000111000000011100000000000000000000000000000000000000000000000000000011000000000000000
0011110000000000000001110000000000000000000000000000000000000000000000000000000000000000000000000000000000000000000000000000000000000000000110000000000000000011100000000001110000000001110000000000000000000000000000000000000000000000000000011000000000000000
0000110000000000000000110000000000000000000000000000000000000000000000000000000000000000000000000000000000000000000000000000000000000000000011000000000000000001110000111111100000000000111000000000000000000000000000000000000000000000000000011000000000000000
0000110000000000000000011000000000000000000000000000000000000000000000000000000000000000000000000000000000000000000000000000000000000000000011000000000000000000111011111111000000000000011100000000000000000000000000000000000000000000000000110000000000000000
0000111000000000000000011000000000000000000000000000000000000000000000000000000000000000000000000000000000000000000000000000000000000000000011000000000000000000011111100000000000000000001100000000000000000000000000000000000000000000000000110000000000000000
0000011100000000000000011000000000000000000000000000000000000000000000000000000000000000000000000000000000000000000000000000000000000000000011000000000000000000001110000000000000000000001100000000000000000000000000000000000000000000000000110000000000000000
0000001110000000000000011000000000000000000000000000000000000000000000000000000000000000000000000000000000000000000000000000000000000000000011000000000000000000000000000000000000000000001100000000000000000000000000000000000000000000000000110000000000000000
0000000111000000000000011000000000000000000000000000000000000000000000000000000000000000000000000000000000000000000000000000000000000000000011000000000000000000000000000000000000000000001100000000000000000000000000000000000000000000000000110000000000000000
0000000011110000000000011000000000000000000000000000000000000000000000000000000000000000000000000000000000000000000000000000000000000000000011000000000000000000000000000000000000000000001110000000000000000000000000000000000000000000000000110000000000000000
0000000001111000000000001100000000000000000000000000000000000000000000000000000000000000000000000000000000000000000000000000000000000000000011000000000000000000000000000000000000000000000111000000000000000000000000000000000000000000000000011000000000000000
0000000000011100000000001110000000000000000000000000000000000000000000000000000000000000000000000000000000000000000000000000000000000000000011000000000000000000000000000000000000000000000011000000000000000000000000000000000000000000000000011100000000000000
0000000000001111000000000111000000000000000000000000000000000000000000000000000000000000000000000000000000000000000000000000000000000000000011000000000000000000000000000000000000000000000001100000000000000000000000000000000000000000000000001110000000000000
0000000000000111100000000011000000000000000000000000000000000000000000000000000000000000000000000000000000000000000000000000000000000000000011000000000000000000000000000000000000000000000001100000000000000000000000000000000000000000000000000111000000000000
0000000000000000110000000001100000000000000000000000000000000000000000000000000000000000000000000000000000000000000000000000000000000000000011000000000000000000000000000000000000000000000000110000000000000000000000000000000000000000000000000011100000000000
1100000000000000110000000001100000000000000000000000000000000000000000000000000000000000000000000000000000000000000000000000000000000000000011000000000000000000000000000000000000000000000000110000000000000000000000000000000000000000000000000001110000000000
1110111000111000111000000001100000000000000000000000000000000000000000000000000000000000000000000000000000000000000000000000000000000000000011000000000000000000000000000000000000000000000000110000000000000000000000000000000000000000000000000000110000000000
0111111111111110011000000001100000000000000000000000000000000000000000000000000000000000000000000000000000000000000000000000000000000000000011000000000000000000000000000000000000000000000000110000000000000000000000000000000000000000000000000000011000000000
0011001111000111011100000000110000000000000000000000000000000000000000000000000000000000000000000000000000000000000000000000000000000000000111000000000000000000000000000000000000000000000000011000000000000000000000000000000000000000000000000000011000000000
0000000000000011001100000000110000000000000000000000000000000000000000000000000000000000000000000000000000000000000000000000000000000000000110000000000000000000000000000000000000000000000000011100000000000000000000000000000000000000000000000000011000000000
0000000000000011001100000000110000000000000000000000000000000000000000000000000000000000000000000000000000000000000000000000000000000000001110000000000000000000000000000000000000000000000000001110000000000000000000000000000000000000000000000000010000000000
0000000000000011100110000000110000000000000000000000000000000000000000000000000000000000000000000000000000000000000000000000000000000000001100000000000000000000000000000000000000000000000000000111000000000000000000000000000000000000000000000000000000000000
0000000000000001110111000000110000000000000000000000000000000000000000000000000000000000000000000000000000000000000000000000000000000000011110000000000000000000000000000000000000000000000000000011100000000000000000000000000000000000000000000000000000000000
0000000000000000111111000000110000000000000000000000000000000000000000000000000000000000000000000000000000000000000000000000000000000000011111000000000000000000000000000000000000000000000000000001111111111000000000000000000000000000000000000000000000000000
0000000000000000011101100000110000000000000000000000000000000000000000000000000000000000000000000000000000000000000000000000000000000000111011100000000000000000000000000000000000000000000000000000111111111110000000000000000000000000000000000000000000000000
0000000000000000000001111000110000000000000000000000000000000000000000000000000000000000000000000000000000000000000000000000000000000000110001110000000000000000000000000000000000000000000000000000000000001111000000000000000000000000000000000000000000000000
0000000000000000000000011000110000000000000000000000000000000000000000000000000000000000000000000000000000000000000000000000000000000001100000111000000000000000000000000000000000000000000000000000000000000111000000000000000000000000000000000000000000000000
0000000000000000000000001101100000000000000000000000000000000000000000000000000000000000000000000000000000000000000000000000000000001111000000011100000000000000000000000000000000000000000000000000000000000011000000000000000000000000000000000000000000000000
0000000000000000000000001111100000000000000000000000000000000000000000000000000000000000000000000000000000000000000000000000000011111110000000001111100000000000000000000000000000000000000000000000000000000011000000000000000000000000000000000000000000000000
0000000000000000000000000111000000000000000000000000000000000000000000000000000000000000000000000000000000000000000000000000000111111000000000000111111000000000000000000000000000000000000000000000000000000011000000000000000000000000000000000000000000000000
0000000000000000000000000111000000000000000000000000000000000000000000000000000000000000000000000000000000000000000000000000001110000000000000000000111100000000000000000000000000000000000000000000000000000011100100000000000000000000000000000000000000000000
0000000000000000000000000011000000000000000000000000000000000000000000000000000000000000000000000000000000000000000000000000011100000000000000000000001111000000000000000000000000000000000000000000000000000011111111100000000000000000000000000000000000000000
0000000000000000000000000111000000000000000000000000000000000000000000000000000000000000000000000000000000000000000000000000111000000000000000000000000111110000000000000000000000000000000000000000000000000000011111110000000000000000000000000000000000000000
0000000000000000000000000011000000000000000000000000000000000000000000000000000000000000000000000000000000000000000000000001100000000000000000000000000000111100000000000000000000000000000000000000000000000000000000110000000000000000000000000000000000000000
0000000000000000000000000011000000000000000000000000000000000000000000000000000000000000000000000000000000000000000000000011100000000000000000000000000000011110000000000000000000000000000000000000000000000000000000110000000000000000000000000000000000000000
0000000000000000000000000001100000000000000000000000000000000000000000000000000000000000000000000000000000000000000000000011000000000000000000000000000000000111000000000000000000000000000000000000000000000000000000110000000000000000000000000000000000000000
0000000000000000000000000000110000000000000000000000000000000000000000000000000000000000000000000000000000000000000000000110000000000000000000000000000000000011000000000000000000000000000000000000000000000000000000111111000000000000000000000000000000000000
0000000000000000000000000000111000000000000000000000000000000000000000000000000000000000000000000000000000110000000000000110000000000000000000000000000000000011100000000000000000000000000000000000000000000000000000111111100000000000000000000000000000000000
0000000000000000000000000000011100000000000000000000000000000000000000000000000000000000000000000000000000110000000000001110000000000000000000000000000000000001100000000000000000000000000000000000000000000000000000000001110000000000000000000000000000000000
0000000000000000000000000000001110000000000000000000000000000000000000000000000000000000000000000000000000110000000000001100000000000000000000000000000000000001100000000000000000000000000000000000000000000000000000000000110000000000000000000000000000000000
0000000000000000000000000000000111000000000000000000000000000000000000000000000000000000000000000000000001110000000000001110000000000000000000000000000000000001110000000000000000000000000000000000000000000000000000000000000000000000000000000000000000000000
0000000000000000000000000000000011100000000000000000000000000000000000000000000000000000000000000000000001100000000000000110000000000000000000000000000000000000111100011100000000000000000000000000000000000000000000000000000000000000000000000000000000000000
0000000000000000000000000000000001110000000000000000000000000000000000000000000000000000000000000000000001100000000000000110000000000000000000000000000000000000011111111110000000000000000000000000000000000000000000000000000000000000000000000000000000000000
0000000000000000000000000000000000111001111111111000000000000000000000000000000000000000000000000000000011100000000000000110000000000000000000000000000000000000000111110111000000000000000000000000000000000000000000000000000000000000000000000000000000000000
0000000000000000000000000000000000011111111111111110000000000000000000000000000000000000000000000000000011000000000000000110000000000000000000000000000000000000000000000011100000000000000000000000000000000000000000000000000000000000000000000000000000000000
0000000000000000000000000000000001111111000000001111000000000000000000000000000000000000000000000000000011000000000000000110000000000000000000000000000000000000000000000001100000000000000000000000000000000000000000000000000000000000000000000000000000000000
0000000000000000000000000000000011111100000000000011100000000000000000000000000000000000000000000000000011000000000000000110000000000000000000000000000000000000000000000001111000000000000000000000000000000000000000000000000000000000000000000000000000000000
1111111111111000000000000000000011000000000000000001100000000000000000000000000000000000000000000000001110000000000000000110000000000000000000000000000000000000000000000000011100000000000000000000000000000000000000000000000000000000000000000000000000000000
1111111111111111000000000000000111000000000000000000110000000000000000000000000000000000000000000000001100000000000000000110000000000000000000000000000000000000000000000000001100000000000000000000000000000000000000000000000000000000000000000000000000000000
0000000000001111110000000000001110000000000000000000110000000000000000000000000000000000000000000000001100000000000000000110000000000000000000000000000000000000000000000000000000000000000000000000000000000000000000000000000000000000000000000000000000000000
0000000000000001111100111000011100000000000000000001110000000000000000000000000000000000000000000000011100000000000000000110000000000000000000000000000000000000000000000000000000000000000000000000000000000000000000000000000000000000000000000000000000000000
0000000000000000001101111111111000000000000000000001100000000000000000000000000000000000000000000000011000000000000000000110000000000000000000000000000000000000000000000000000000000000000000000000000000000000000000000000000000000000000000000000000000000000
0000000000000000001111101111110000000000000000000000110000000000111100000000000000000000000000000000110000000000000000000110000000000000000000000000000000000000000000000000000000000000000000000000000000000000000000000000000000000000000000000000000000000000
0000000000000000000111001100000000000000000000000000111100000011111111100000000000000000000000000000110000000000000000000110000000000000000000000000000000000000000000000000000000000000000000000000000000000000000000000000000000000000000000000000000000000000
0000000000000000000000011000000000000000000000000000011111111111000011110000000000001111111100000000110000000000000000000110000000000000000000000000000000000000000000000000000000000000000000000000000000000000000000000000000000000000000000000000000000000000
0000000000000000000000011000000000000000000000000000000111111110000000111000000001111111111111110000110000000000000000000110000000000000000000000000000000000000000000000000000000000000000000000000000000000000000000000000000000000000000000000000000000000000
0000000000000000000000111000000000000000000000000000000001111000000000011100000011111000000111111000110000000000000000001100000000000000000000000000000000000000000000000000000000000000000000000000000000000000000000000000000000000000000000000000000000000000
0000000000000000000001110000000000000000000000000000000011110000000000001110011111110000000000011111100000000000000000001100000000000000000000000000000000000000000000000000000000000000000000000000000000000000000000000000000000000000000000000000000000000000
0000000000000000000001100000000000000000000000000000000110000000000000000111111101100000000000001111100000000000000000011100000000000000000000000000000000000000000000000000000000000000000000000000000000000000000000000000000000000000000000000000000000000000
0000000000000000000001100000000000000000000000000000000110000000000000000011100000110000000000000011111000000000000000011000000000000000000000000000000000000000000000000000000000000000000000000000000000000000000000000000000000000000000000000000000000000000
0000000000000000000001100000000000000000000000000000000110000000000000000000000000110000000000000000111100000000000000111000000000000000000000000000000000000000000000000000000000000000000000000000000000000000000000000000000000000000000000000000000000000000
0000000000000000000001100000000000000000000000000000001110000000000000000000000000011000000000000000001111000000000000110000000000000000000000000000000000000000000000000000000000000000000000000000000000000000000000000000000000000000000000000000000000000000
0000000000000000000011000000000000000000000000000000001100000000000000000000000000011100000000000000000111110000000000110000000000000000000000000000000000000000000000000000000000000000000000000000000000000000000000000000000000000000000000000000000000000000
0000000000000000000111000000000000000000000000000000001100000000000000000000000000001110000000000000000001111110000001100000000000000000000000000000000000000000000000000000000000000000000000000000000000000000000000000000000000000000000000000000000000000000
0000000000000000000110000000000000000000000000000000001100000000000000000000000000000111000000000000000000001111100001100000000000000000000000000000000000000000000000000000000000000000000000000000000000000000000000000000000000000000000000000000000000000000
0000000000000000000110000000000000000000000000000000001100000000000000000000000000000011000000000000000000000011111111000000000000000000000000000000000000000000000000000000000000000000000000000000000000000000000000000000000000000000000000000000000000000000
0000000000000000001110000000000000000000000000000000000110000000000000000000000000000001100000000000000000000000111111000000000000000000000000000000000000000000000000000000000000000000000000000000000000000000000000000000000000000000000000000000000000000000
0000000000000000001100000000000000000000000000000000000110000000000000000000000000000001110000000000000000000000000110000000000000000000000000000000000000000000000000000000000000000000000000000000000000000000000000000000000000000000000000000000000000000000
0000000000000000001100000000000000000000000000000000000110000000000000000000000000000000110000000000000000000000001110000000000000000000000000000000000000000000000000000000000000000000000000000000000000000000000000000000000000000000000000000000000000000000
0000000000000000001100000000000000000000000000000000000110000000000000000000000000000000110000000000000000000000001100000000000000000000000000000000000000000000000000000000000000000000000000000000000000000000000000000000000000000000000000000000000000000000
0000000000000000011100000000000000000000000000000000001110000000000000000000000000000000110000000000000000000000001100000000000000000000000000000000000000000000000000000000000000000000000000000000000000000000000000000000000000000000000000000000000000000000
0000000000000011111100000000000000000000000000000000011100000000000000000000000000000001100000000000000000000000001100000000000000000000000000000000000000000000000000000000000000000000000000000000000000000000000000000000000000000000000000000000000000000000
0000000000000111110000000000000000000000000000000000001000000000000000000000000000000001100000000000000000000000001100000000000000000000000000000000000000000000000000000000000000000000000000000000000000000000000000000000000000000000000000000000000000000000
0000000111111110000000000000000000000000000000000000000000000000000000000000000000000001110000000000000000000000011100000000000000000000000000000000000000000000000000000000000000000000000000000000000000000000000000000000000000000000000000000000000000000000
0000011111111100000000000000000000000000000000000000000000000000000000000000000000000000110000000000000000000000011000000000000000000000000000000000000000000000000000000000000000000000000000000000000000000000000000000000000000000000000000000000000000000000
0000111000011000000000000000000000000000000000000000000000000000000000000000000000000001110000000000000000000000011000000000000000000000000000000000000000000000000000000000000000000000000000000000000000000000000000000000000000000000000000000000000000000000
0001110000011000000000000000000000000000000000000000000000000000000000000000000000000001100000000000000000000000001100000000000000000000000000000000000000000000000000000000000000000000000000000000000000000000000000000000000000000000000000000000000000000000
1111100000011000000000000000000000000000000000000000000000000000000000000000000000000001100000000000000000000000001110000000000000000000000000000000000000000000000000000000000000000000000000000000000000000000000000000000000000000000000000000000000000000000
1111000000011000000000000000000000000000000000000000000000000000000000000000000000000001100000000000000000000000000111000000000000000000000000000000000000000000000000000000000000000000000000000000000000000000001111000000000000000000000000000000000000000000
1110000000111000000000000000000000000000000000000000000000000000000000000000000000000001100000000000000000000000000111100000000000000000000000000000000000000000000000000000000000000000010000000000000011111000011110000000000000000000000000000000000000000000
0000000011110000000000000000000000000000000000000000000000000000000000000000000000000001100000000000000000000000000011111111111111100000000011100000000000000000000000000000000000000111111111111111111111111111111000000000000000000000000000000000000000000000
0001000111000000000000000000000000000000000000000000000000000000000000000000000000000001100000000000000000000000000001111111111111111000011111111100000000000000000000000000000000011111111111111111111100001111100000000000000000000000000000000000000000000000
0111111110000000000000000000000000000000000000000000000000000000000000000000000000000001100000000000000000000000000001110000000000011111111100011111100000000000000000000000000001111100000000000000010000000010000000000000000000000000000000000000000000000000
1111111100000000000000000000000000000000000000000000000000000000000000000000000000000001100000000000000000000000000000110000000000001111110000000111111100000000000000000011111111110000000000000000000000000000000000000000000000000000000000000000000000000000
1100011000000000000000000000000000000000000000000000000000000000000000000000000000000001100000000000000000000000000000110000000000000000000000000000111111110000000000000111111111000000000000000000000000000000000000000000000000000000000000000000000000000000
1000111000000000000000000000000000000000000000000000000000000000000000000000000000000001100000000000000000000000000000110000000000000000000000000000000111111000000000001110000000000000000000000000000000000000000000000000000000000000000000000000000000000000
0000011000000000000000000000000000000000000000000000000000000000000000000000000000000001100000000000000000000000000000110000000000000000000000000000000000001100000011111100000000000000000000000000000000000000000000000000000000000000000000000000000000000000
0000011000000000000000000000000000000000000000000000000000000000000000000000000000000011100000000000000000000000000000110000000000000000000000000000000000001111111111111000000000000000000000000000000000000000000000000000000000000000000000000000000000000000
0000011000000000000000000000000000000000000000000000000000000000000000000000000000000011000000000000000000000000000001100000000000000000000000000000000000001111111110000000000000000000000000000000000000000000000000000000000000000000000000000000000000000000
0000001100000000000000000000000000000000000000000000000000000000000000000000000000000111000000000000000000000000000001100000000000000000000000000000000000000111100000000000000000000000000000000000000000000000000000000000000000000000000000000000000000000000
0000001100000000000000000000000000000000000000000000000000000000000000000000000000001110000000000000000000000000000001100000000000000000000000000000000000000011111000000000000000000000000000000000000000000000000000000000000000000000000000000000000000000000
0000001100000000000000000000000000000000000000000000000000000000000000000000000000000000000000000000000000000000000011100000000000000000000000000000000000000001111111000000000000000000000000000000000000000000000000000000000000000000000000000000000000000000
0000001100000000000000000000000000000000000000000000000000000000000000000000000000000000000000000000000000000000000111000000000000000000000000000000000000000000000111100000000000000000000000000000000000000000000000000000000000000000000000000000000000000000
0000001100000000000000000000000000000000000000000000000000000000000000000000000000000000000000000000000000000000001110000000000000000000000000000000000000000000000001110000000000000000000000000000000000000000000000000000000000000000000000000000000000000000
0000011000000000000000000000000000000000000000000000000000000000000000000000000000000000000000000000000000000000011100000000000000000000000000000000000000000000000000110000000000000000000000000000000000000000000000000000000000000000000000000000000000000000
0000011000000000000000000000000000000000000000000000000000000000000000000000000000000000000000000000000000000000111000000000000000000000000000000000000000000000000000110000000000000000000000000000000000000000000000000000000001100000000000000000000000000000
0000011000000000000000000000000000000000000000000000000000000000000000000000000000000000000000000000000000000001110000000000000000000000000000000000000000000000000000110000000000000000000000000000000000000000000000000000000011100000000000000000000000000000
0000011000000000000000000000000000000000000000000000000000000000000000000000000000000000000000000000000000000001100000000000000000000000000000000000000000000000000000111000000000000000000000000000000000000000000000000000000111000000000000000000000000000000
0000011100000000000000000000000000000000000000000000000000000000000000000000000000000000000000000000000000000001100000000000000000000000000000000000000000000000000000011100000000000000000000000000000000000000000000000000001110000000000000000000000000000000
0000001111110000000000000000000000000000000000000000000000000000000000000000000000000000000000000000000000000011000000000000000000000000000000000000000000000000000000001110000000000000000000000000000000000000000000000001111100000000000000000000000000000000
0000000111111000000000000000000000000000000000000000000000000000000000000000000000000000000000000000000000000011000000000000000000000000000000000000000000000000000000000111000000000000000000000000000000000000000000001111111000000000000000000000000000000000
0000000000011000000000000000000000000000000000000000000000000000000000000000000000000000000000000000000000000001100000000000000000000000000000000000000000000000000000000011000000000000000000000000000000000000000000111111000000000000000000000000000000000000
0000000000011000000000000000000000000000000000000000000000000000000000000000000000000000000000000000000000000001100000000000000000000000000000000000000000000000000000000011110000000000000000000000000000000000000011111000000000000000000000000000000000000000
0000000000011000000000000000000000000000000000000000000000000000000000000000000000000000000000000000000000000001100000000000000000000000000000000000000000000000000000000000110000000000000000000000000001100000001111100000000000000000000000000000000000000000
0000000000001100000000000000000000000000000000000000000000000000000000000000000000000000000000000000000000000001100000000000000000000000000000000000000000000000000000000000111000000000000000000000000011111111111100000000000000000000000000000000000000000000
0000000000001100000000000000000000000000000000000000000000000000000000000000000000000000000000000000000000000001100000000000000000000000000000000000000000000000000000000000011111100000000000000000000111011111110000000000000000000000000000000000000000000000
0000000000011000000000000000000000000000000000000000000000000000000000000000000000000000000000000000000000000001100000000000000000000000000000000000000000000000000000000000000111100001100000000000001110000000000000000000000000000000000000000000000000000000
0000000000011000000000000000000000000000000000000000000000000000000000000000000000000000000000000000000000000001100000000000000000000000000000000000000000000000000000000000000000111111111111110000011100000000000000000000000000000000000000000000000000000000
0000000000001100000000000000000000000000000000000000000000000000000000000000000000000000000000000000000000000001100000000000000000000000000000000000000000000000000000000000000000111111111111111111111000000000000000000000000000000000000000000000000000000000
0000000000001100000000000000000000000000000000000000000000000000000000000000000000000000000000000000000000000000110000000000000000000000000000000000000000000000000000000000000000000000000000011111110000000000000000000000000000000000000000000000000000000000
0000000000001100000000000000000000000000000000000000000000000000000000000000000000000000000000000000000000000000110000000000000000000000000000000000000000000000000000000000000000000000000000000000000000000000000000000000000000000000000000000000000000000000
0000000000011100000000000000000000000000000000000000000000000000000000000000000000000000000000000000000000000000110000000000000000000000011111100000000000000000000000000000000000000000000000000000000000000000000000000000000000000000000000000000000000000000
0000000000011000000000000000000000000000000000000000000000000000000000000000000000000000000000000000000000000000110000000000000000000000111111110000000000000000000000000000000000000000000000000000000000000000000000000000000000000000000000000000000000000000
0000000000011000000000000000000000000000000000000000000000000000000000000000000000000000000000000000000000000000111000000000000000000011110000011000000000000000000000000000000000000000000000000000000000000000000000000000000000000000000000000000000000000000
0000000000000000000000000000000000000000000000000000000000000000000000000000000000000000000000000000000000000000011000000000000000000111000000011110000000000000000000000000000000000000000000000000000000000000000000000000000000000000000000000000000000000000
0000000000000000000000000000000000000000000000000000000000000000000000000000000000000000000000000000000000000000011000000000000000011110000000000111000000000000000000000000000000000000000000000000000000000000000000000000000000000000000000000000000000000000
0000000000000000000000000000000000000000000000000000000000000000000000000000000000000000000000000000000000000000011000000000000000111000000000000011000000000000000000000000000000000000000000000000000000000000000000000000000000000000000000000000000000000000
0000000000000000000000000000000000000000000000000000000000000000000000000000000000000000000000000000000000000000001100000000000001110000000000000011100000000000000000000000000000000000000000000000000000000000000000000000000000000000000000000000000000000000
0000000000000000000000000000000000000000000000000000011100000000000000000000000000000000000000000000000000000000001110000000000011100000000000000001100000000000000000000000000000000000000000000000000000000000000000000000000000000000000000000000000000000000
0000000000000000000000000000000000000000000000000000001111110000000000000000000000000000000000000000000000000000000111100000000111000000000000000000111111111111000000000000000000000000000000000000000000000000000000000000000000000000000000000000000000000000
0000000000000000000000000000000000000000000000000000000011111100000000000000000000000000000000000000000000000000000001110000001110000000000000000000111111111111100000000000000000000000000000000000000000000000000000000000000000000000000000000000000000000000
0000000000000000000000000000000000000000000000000000000000001111000010000000000000000000000000000000000000000000000000111100011100000000000000000000000000000001110000000000000000000000000000000000000000000000000000000000000000000000000000000000000000000000
0000000000000000000000000000000000000000000000000000000000000111111111000000000000000000000000000000000000000000000000001111111000000000000000000000000000000000110000000000000000000000000000000000000000000000000000000000000000000000000000000000000000000000
0000000000000000000000000000000000000000000000000000000000000000111111100000000000000000000000000000000000000000000000000111110000000000000000000000000000000000011000000000000000000000000000000000000000000000000000000000000000000000000000000000000000000000
0000000000000000000000000000000000000000000000000000000000000000000001110000000000000000000000000000000000000000000000000001110000000000000000000000000000000000011000000000000000000000000000000000000000000000000000000000000000000000000000000000000000000000
0000000000000000000000000000000000000000000000000000000000000000000001110000000000000000000000000000000000000000000000000000111000000000000000000000000000000000001100000000000000000000000000000000000000000000000000000000000000000000000000000000000000000000
0000000000000000000000000000000000000000000000000000000000000000000001110000000000000000000000000000000000000000000000000000011000000000000000000000000000000000001110000000000000000000000000000000000000000000000000000000000000000000000000000000000000000000
0000000000000000000000000000000000000000000000000000000000000000000001110001100000000000010000000000000000000000000000000000011100000000000000000000000000000000000110000000000000000000000000000000000000000000000000000000000000000000000000000000000000000000
0000000000000000000000000000000000000000000000000000000000000000000001111101100000000000111110000000000001000001111110000000001111000000000000000000000000000000000011000000000000000000000000000000000000000000000000000000000000000000000000000000000000000000
0000000000000000000000000000000000000000000000000000000000000000000001111111110000000000111111110000011111100011111111000000001111111110000000000000000000000000000011000000000000000000000000000000000000000000000000000000000000000000000000000000000000000000
0000000000000000000000000000000000000000000000000000000000000000000000111111110000000001111111111111111111111111000011100000001100111111111100000000000000000000000000000000000000000000000000000000000000000000000000000000000000000000000000000000000000000000
0000000000000000000000000000000000000000000000000000000000000000000000011111111000000011111111111111111111111100000001100000011100000011111100000000000000000000000000000000000000000000000000000000000000000000000000000000000000000000000000000000000000000000
0000000000000000000000000000011100000000000000000000000000000000000000000001111100011111111111111111111111111000000000110000111000000000001110000000000000000000000000000000000000000000000000000000000000000000000000000000000000000000000000000000000000000000
0000000000000000000000000000001100000000000000000000000000000000000000000000111110111111111111111111111111111000000000111111110000000000000011000000000000000000000000000000000000000000000000000000000000000000000000000000000000000000000000000000000000000000
0000000000000000000000000000000110000000000000000000000000000000000000000000011111111111111111111111111111110000000000001111000000000000000011100000000000000000000000000000000000000000000000000000000000000000000000000000000000000000000000000000000000000000
0000000000000000000000000000000110000000000000000000000000000000000000111111111111111111111111111111111111100000000000000000000000000000000001110000000000000000000000000000000000000000000000000000000000000000000000000000000000000000000000000000000000000000
0000000000000000000000000000000111000000000000000000000000000000000001111111111111111111111111111111111110000000000000000000000000000000000000111000000000000000000000000000000000000000000000000000000000000000000000000000000000000000000000000000000000000000
0000000000000000000000000000000011100000000000000000000000000000000001111111111111111111111111111111111100000000000000000000000000000000000000011000000000000000000000000000000000000000000000000000000000000000000000000000000000000000000000000000000000000000
0000000000000000000000000000000001110000000000000000000000000000000001111111111111111111111111111111111000000000000000000000000000000000000000011111000000000000000000000000000000000000000000000000000000000000000000000000000000000000000000000000000000000000
0000000000000000000000000000000000111000000000000000000000000000000011111111111111111111111111111111111000000000000000000000000000000000000000001111100000000000000000000000000000000000000000000000000000000000000000000000000000000000000000000000000000000000
0000000000000000000000000000000000011100000000000000000000000000000011111111111111111111111111111111110000000000000000000000000000000000000000000001100000000000000000000000000000000000000000000000000000000000000000000000000000000000000000000000000000000000
0000000000000000000000000000000000001110000000000000000000000000000011111111111111111111111111111111110000000000000000000000000000000000000000000001100000000000000000000000000000000000000000000000000000000000000000000000000000000000000000000000000000000000
0000000000000000000000000000000000000110000000000000000000000000000011111111111111111111111111111111100000000000000000000000000000000000000000000000110000000000000000000000000000000000000000000000000000000000000000000000000000000000000000000000000000000000
0000000000000000000000000000000000000111000000000000000000000000000111111111111111111111111111111111000000000000000000000000000000000000000000000000111000000000000000000000000000000000000000000000000000000000000000000000000000000000000000000000000000000000
0000000000000000000000000000000000000111100000000000000000000000001111111111111111111111111111111100000000000000000000000000000000000000000000000000011110000000000000000000000000000000000000000000000000000000000000000000000000000000000000000000000000000000
0000000000000000000000000000000000000001100000000000000000000000001111111111111111111111111111111100000000000000000000000000000000000000000000000000000110000000000000000000000000000000000000000000000000000000000000000000000000000000000000000000000000000000
0000000000000000000000000000000000000001100000000000000000000000001111111111111111111111110011111110000000000000000000000000000000000000000000000000000111000000000000000000000000000000000000000000000000000000000000000000000000000000000000000000000000000000
0000000000000000000000000000000000000001100000000000000000000000001111111111111111111111100001111110000000000000000000000000000000000000000000000000000011000000000000000000000000000000000000000000000000000000000000000000000000000000000000000000000000000000
0000000000000000000000000000000000000001110000000000000000000000011111111111111111111111100001111111000000000000000000000000000000000000000000000000000011000000000000000000000000000000000000000000000000000000000000000000000000000000000000000000000000000000
0000000000000000000000000000000000000000110000000000000000000000111111111111111111111111000000011111000000000000000000000000000000000000000000000000000011000000000000000000000000000000000000000000000000000000000000000000000000000000000000000000000000000000
0000000000000000000000000000000000000001110000000000000000000000111111111111111111111110000000001111000000000000000000000000000000000000000000000000000011000000000000000000000000000000000000000000000000000000000000000000000000000000000000000000000000000000
0000000000000000000000000000000000000000110000000000000000000011111111111111111111111100000000001110000000000000000000000000000000000000000000000000000011000000000000000000000000000000000000000000000000000000000000000000000000000000000000000000000000000000
0000000000000000000000000000000000000000111000000000000000000111111111111111111111111000000000011110000000000000000000000000000000000000000000000000000001100000000000000000000000000000000000000000000000000000000000000000000000000000000000000000000000000000
0000000000000000000000000000000000000000011100000000000011001111111111111111111111110000000000011110000000000000000000000000000000000000000000000000000001100000000000000000000000000000000000000000000000000000000000000000000000000000000000000000000000000000
0000000000000000000000000000000000000000001100000000000111101111111111111111111111100000000000011110000000000000000000000000000000000000000000000000000001100000000000000000000000000000000000000000000000000000000000000000000000000000000000000000000000000000
0000000000000000000000000000000000000000011100000000000111111111111111111111111111000000000000011111000000000000000000000000000000000000000000000000000001100000000000000000000000000000000000000000000000000000000000000000000000000000000000000000000000000000
0000000000000000000000000000000000000000001100000000001111111111111111111111111110000000000000011111000000000000000000000000000000000000000000000000000000110000000000000000000000000000000000000000000001100000000000000000000000000000000000000000000000000000
0000000000000011000000000000000000000000001110000000001111111111111111111111111100000000000000000011000000000000000000000000000000000000000000000000000000110000000000000000000000000000000000000000001111111111110000000000000000000000000000000000000000000000
0000000000000011100000000000000000000000000111000011111111111111111111111111111000000000000000000011000000000000000000000000000000000000000000000000000000011000000000000000000000000000000000000000011110111111100000000000000000000000000000000000000000000000
0000000000000000111000000000000000000000000011100111111111111111111111111111110000000000000000000011000000000000000000000000000000000000000000000000000000011100000000000000000000000000000000000000111000000000000000000000000000000000000000000000000000000000
0000000000000000011111110000000000000000000001111111111111111111111111111110000000000000000000000011000000000000000000000000000000000000000000000000000000001111000000000000000000000000000110001111110000000000000000000000000000000000000000000000000000000000
0000000000000000000111111100000000000000000001111111111111111111111111100000000000000000000000000110000000000000000000000000000000000000000000000000000000001111100000000000000000000000011111111111100000000000000000000000000000000000000000000000000000000000
0000000000000000000000011111000000000000000000011011111111111111111111000000000000000000000000001110000000000000000000000000000000000000000000000000000000000001110000000000000000000011111011110000000000000000000000000000000000000000000000000000000000000000
0000000000000000000000000011100000000000000000000001111111111111111111000000000000000000000000001100000000000000000000000000000000000000000000000000000000000000111000000000000000000111110000000000000000000000000000000000000000000000000000000000000000000000
0000000000000000000000000001110000000000000000000000111111111111111110000000000000000000000000011000000000000000000000000000000000000000000000000000000000000000011111100000000000001110000000000000000000000000000000000000000000000000000000000000000000000000
0000000000000000000000000000111000000000000000000000111111111111111110000000000000000000000000011000000000000000000000000000000000000000000000000000000000000000001111111100000000001100000000000000000000000000000000000000000000000000000000000000000000000000
0000000000000000000000000000011110000000000000000000111111111111111000000000000000000000000000011000000000000000000000000000000000000000000000000000000000000000000000111110000000111100000000000000000000000000000000000000000000000000000000000000000000000000
0000000000000000000000000000001111000000000000000000111111111111000000000000000000000000000000011000000000000000000000000000000000000000000000000000000000000000000000000110000001111000000000000000000000000000000000000000000000000000000000000000000000000000
0000000000000000000000000000000011111110000000000000111111111110000000000000000000000000000000011000000000000000000000000000000000000000000000000000000000000000000000000111000011100000000000000000000000000000000000000000000000000000000000000000000000000000
0000000000000000000000000000000001111111100000000001111111111110000000000000000000000000000000011000000000000000000000000000000000000000000000000000000000000000000000000011000011000000000000000000000000000000000000000000000000000000000000000000000000000011
0000000000000000000000000000000000000011111111111001111111111110000000000000000000000000000000111000000000000000000000000000000000000000000000000000000000000000000000000011111111000000000000000000000000000000000000000000000000000000000000000000000000000011
0000000000000000000000000000000000000000111111111111111111111111000000000000000000000000000000110000000000000000000000000000000000000000000000000000000000000000000000000000111111110000000000000000000000000000000000000000000000000000000000000000000000000110
0000000000000000000000000000000000000000000011111111111111111110000000000000000000000000000001110000000000000000000000000000000000000000000000000000000000000000000000000000000011111000000000000000000000000000000000000000000000000000000000000000000000001100
0000000000000000000000000000000000000000000000001111111111111110000000000000000000000000000001100000000000000000000000000000000000000000000000000000000000000000000000000000000000011100000000000000000000000000000000000000000000000000000000000000000000001100
0000000000000000000000000000000000000000000000000011111111111110000000000000000000000000000011100000000000000000000000000000000000000000000000000000000000000000000000000000000000001110000000000000000000000000000000000000000000000000000000000000000000000110
0000000000000000000000000000000000000000000000000001111111111100000000000000000000000000000011000000000000000000000000000000000000000000000000000000000000000000000000000000000000001100000000000000000000000000000000000000000000000000000000000000000000000110
0000000000000000000000000000000000000000000000000001111111111100000000000000000000000000000011000000000000000000000000000000000000000000000000000000000000000000000000000000000000011100000000000000000000000000000000000000000000000000000000000000000000000110
0000000000000000000000000000000000000000000000000001111111111110000000000000000000000000000011000000000000000000000000000000000000000000000000000000000000000000000000000000000000001111100000000000000000000000000000000000000000000000000000000000000000000110
0000000000000000000000000000000000000000000000000001111111111111000000000000000000000000000011000000000000000000000000000000000000000000000000000000000000000000000000000000000000000111110000000000000000000000000000000000000000000000000000000000000000000110
0000000000000000000000000000000000000000000000000001111111111111000000000000000000000000000111000000000000000000000000000000000000000000000000000000000000000000000000000000000000000000111000000000000000000000000000000000000000000000000000000000000000000110
0000000000000000000000000000000000000000000000000001111111111110000000000000000000000000000110000000000000000000000000000000000000000000000000000000000000000000000000000000000000000000011000000000000000000000000000000000000000000000000000000000000000001100
0000000000000000000000000000000000000000000000000001111111111010000000000000000000000000000111000000000000000000000000000000000000000000000000000000000000000000000000000000000000000000011100000000000000000000000000000000000000000000000000000000000000001100
0000000000000000000000000000000000000000000000000001111111111000000000000000000000000000000011000000000000000000000000000000000000000000000000000000000000000000000000000000000000000000001111110000000000000000000000000000000000000000000000000000000000001100
0000000000000000000000000000000000000000000000000001111111111000000000000000000000000000000011100000000000000000000000000000000000000000000000000000000000000000000000000000000000000000000111110000000000000000000000000000000000000000000000000000000000001100
0000000000000000000000000000000000000000000000000001111111111100000000000000000000000000000001110000000000000000000000000000000000000000000000000000000000000000000000000000000000000000000000111000000000000000000000000000000000000000000000000000000000001100
0000000000000000000000000000000000000000000000000001111111111100000000000000000000000000000000111100000000000000000000000000000000000000000000000000000000000000000000000000000000000000000000011000000000000000000000000000000000000000000000000000000000001100
0000000000000000000000000000000000000000000000000001111111111000000000000000000000000000000000001110000000000000000000000000000000000000000000000000000000000000000000000000000000000000000000011000000000000000000000000000000000000000000000000000000000000110
0000000000000000000000000000000000000000000000000001111111111000000000000000000000000000000000000110000000000000000000000000000000000000000000000000000000000000000000000000000000000000000000011100000000000000000000000000000000000000000000000000000000000111
0000000000000000000000000000000000000000000000000001111111110000000000000000000000000000000000000110000000000000000000000000000000000000000000000000000000000000000000000000000000000000000000001100000000000000000000000000000000000000000000000000000000000011
0000000000000000000000000000000000000000000000000011111111110000000000000000000000000000000000000110000000000000000000000000000000000000000000000000000000000000000000000000000000000000000000001100000000000000000000000000000000000000000000000000000000000001
0000000000000000000000000000000000000000000000000011111111110000000000000000000000000000000000000110000000000000000000000000000000000000000000000000000000000000000000000000000000000000000000011000000000000000000000000000000000000000000000000000000000000000
0000000000000000000000000000000000000000000000000011111111100000000000000000000000000000000000000110000000000000000000000000000000000000000000000000000000000000000000000000000000000000000000111000000000000000000000000000000000000000000000000000000000000000
0000000000000000000000000000000000000000000000000111111111100000000000000000000000000000000000000011000000000000000000000000000000000000000000000000000000000000000000000000000000000000000011110000000000000000000000000000000000000000000000000000000000000000
0000000000000000000000000000000000000000000000000111111111000000000000000000000000000000000000000011000000000000000000000000000000000000000000000000000000000000000000000000000000000001111111100000000000000000000000000000000000000000000000000000000000000000
1000000000000000000000000000000000000000000000000111111110000000000000000000000000000000000000000011000000000000000000000000000000000000000000000000000000000000000000000000000000000111111100000000000000000000000000000000000000000000000000000000000000000000
1110000000000000000000000000000000000000000000001111111100000000000000000000000000000000000000000011100000000000000000000000000000000000000000000000000000000000000000000000000000011110000000000000000000000000000000000000000000000000000000000000000000000000
0111000000000000000000000000000000000000000000001111111000000000000000000000000000000000000000000001100000000000000000000000000000000000000000000000000000000000000000000000000011111100000000000000000000000000000000000000000000000000000000000000000000000000
0011111100000000000000000000000000000000000000011111100000000000000000000000000000000000000000000001111110000000000000000000000000000000000000000000000000000000000000000000000011110000000000000000000000000000000000000000000000000000000000000000000000000000
0001111111000000000000000000000000000000000000111111000000000000000000000000000000000000000000000000111111111000000000000000000000000000000000000000000000000000000000000000000011000000000000000000000000000000000000000000000000000000000000000000000000000000
0000000011000000000000000000000000000000000000111100000000000000000000000000000000000000000000000000000011111100000000000000000000000000000000000000000000000000000000000000000000000000000000000000000000000000000000000000000000000000000000000000000000000000
0000000011000000000000000000000000000000000001111000000000000000000000000000000000000000000000000000000000001100000000000000000000000000000000000000000000000000000000000000000000000000000000000000000000000000000000000000000000000000000000000000000000000000
0000000001100000000000000000000000000000000011100000000000000000000000000000000000000000000000000000000000001100000000000000000000000000000000000000000000000000000000000000000000000000000000000000000000000000000000000000000000000000000000000000000000000000
0000000001110000000000000000000000000000000111000000000000000000000000000000000000000000000000000000000000001100000000000000000000000000000000000000000000000000000000000000000000000000000000000000000000000000000000000000000000000000000000000000000000000000
0000000000111000000000000000000000000000000110000000000000000000000000000000000000000000000000000000000000001100000000000000000000000000000000000000000000000000000000000000000000000000000000000000000000000000000000000000000000000000000000000000000000000000
0000000000011000000000000000000000000000001100000000000000000000000000000000000000000000000000000000000000001100000000000000000000000000000000000000000000000000000000000000000000000000000000000000000000000000000000000000000000000000000000000000000000000000
0000000000011100000000000000000000000000011100000000000000000000000000000000000000000000000000000000000000001100000000000000000000000000000000000000000000000000000000000000000000000000000000000000000000000000000000000000000000000000000000000000000000000000
0000000000001110000000000000000000000000011000000000000000000000000000000000000000000000000000000000000000000110000000000000000000000000000000000000000000000000000000000000000000000000000000000000000000000000000000000000000000000000000000000000000000000000
0000000000000111000000000000000000000000110000000000000000000000000000000000000000000000000000000000000000000111100000000000000000000000000000000000000000000000000000000000000000000000000000000000000000000000000000000000000000000000000000000000000000000000
0000000000000011110000000000000000000000110000000000000000000000000000000000000000000000000000000000000000000011111110000000000000000000000000000000000000000000000000000000000000000000000000000000000000000000000000000000000000000000000000000000000000000000
0000000000000000111110000000000000000001110000000000000000000000000000000000000000000000000000000000000000000000111111100000000000000000000000000000000000000000000000000000000000000000000000000000000000000000000000000000000000000000000000000000000000000000
0000000000000000011111111011111100000001100000000000000000000000000000000000000000000000000000000000000000000000000001110000000000000000000000000000000000000000000000000000000000000000000000000000000000000000000000000000000000000000000000000000000000000000
0000000000000000000001111111111111111111100000000000000000000000000000000000000000000000000000000000000000000000000000110000000000000000000000000000000000000000000000000000000000000000000000000000000000000000000000000000000000000000000000000000000000000000
0000000000000000000000001100000111111111100000000000000000000000000000000000000000000000000000000000000000000000000000110000000000000000000000000000000000000000000000000000000000000000000000000000000000000000000000000000000000000000000000000000000000000000
0000000000000000000000000000000000000011000000000000000000000000000000000000000000000000000000000000000000000000000000011000000110000000000000000000000000000000000000000000000000000000000000000000000000000000000000000000000000000000000000000000000000000111
0000000000000000000000000000000000000011000000000000000000000000000000000000000000000000000000000000000000000000000000011111111111000000000000000000000000000000000000000000000000000000000000000000000000000000000000000000000000000000000000000000000000011111
0000000000000000000000000000000000000110000000000000000000000000000000000000000000000000000000000000000000000000000000001111111011111000000000000000000000000000000000000000000000000000000000000000000000000000000000000000000000000000000000000000000000111100
0000000000000000000000000000000000001110000000000000000000000000000000000000000000000000000000000000000000000000000000000000000001110000000000000000000000000000000000000000000000000000000000000000000000000000000000000000000000000000000000000000000000110000
0000000000000000000000000000000000001100000000000000000000000000000000000000000000000000000000000000000000000000000000000000000000000000000000000000000000000000000000000000000000000000000000000000000000000000000000000000000000000000000000000000000001100000
0000000000000000000000000000000000011000000000000000000000000000000000000000000000000000000000000000000000000000000000000000000000000000000000000000000000000000000000000000000000000000000000000000000000000000000000000000000000000000000000000000000011100000
0000000000000000000000000000000000011000000000000000000000000000000000000000000000000000000000000000000000000000000000000000000000000000000000000000000000000000000000000000000000000000000000000000000000000000000000000000000000000000000000000000000111000000
0000000000000000000000000000000000110000000000000000000000000000000000000000000000000000000000000000000000000000000000000000000000000000000000000000000000000000000000000000000000000000000000000000000000000000000000000000000000001111110000000000001110000000
0000000000000000000000000000000000110000000000000000000000000000000000000000000000000000000000000000000000000000000000000000000000000000000000000000000000000000000000000000000000000000000000000000000000000000000000000000000000111111111000111111111100000000
0000000000000000000000000000000000110000000000000000000000000000000000000000000000000000000000000000000000000000000000000000000000000000000000000000000000000000000000000000000000000000000000000000000000000000000000000000000001111000011111111111111000000000
0000000000000000000000000000000001100000000000000000000000000000000000000000000000000000000000000000000000000000000000000000000000000000000000000000000000000000000000000000000000000000000000000000000000000000000000000000000011000000001111100000000000000000
0000000000000000000000000000000111100000000000000000000000000000000000000000000000000000000000000000000000000000000000000000000000000000000000000000000000000000000000000000000000000000000000000000000000000000000000000000011111000000000000000000000000000000
0000000000000000000000000000011111100000000000000000000000000000000000000000000000000000000000000000000000000000000000000000000000000000000000000000000000000000000000000000000000000000000000000000000000000000000000000000011100000000000000000000000000000000
0000000000000000000000000011111001100000000000000000000000000000000000000000000000000000000000000000000000000000000000000000000000000000000000000000000000000000000000000000000000000000000000000000000000000000000000000000110000000000000000000000000000000000
0000000000000000000000111111100001100000000000000000000000000000000000000000000000000000000000000000000000000000000000000000000000000000000000000000000000000000000000000000000000000000000000000000000000000000000000000001110000000000000000000000000000000000
0000000000000000000001111110000001100000000000000000000000000000000000000000000000000000000000000000000000000000000000000000000000000000000000000000000000000000000000000000000000000000000000000000000000000000000000000011100000000000000000000000000000000000
0000000000000000011111100000000011000000000000000000000000000000000000000000000000000000000000000000000000000000000000000000000000000000000000000000000000000000000000000000000000000000000000000000000000000000000000000111000000000000000000000000000000000000
0000000000000011111111000000000011000000000000000000000000000000000000000000000000000000000000000000000000000000000000000000000000000000000000000000000000000000000000000000000000000000000000000000000000000000000000011110000000000000000000000000000000000000
0000000000001111110000000000000011000000000000000000000000000000000000000000000000000000000000000000000000000000000000000000000000000000000000000000000000000000000000000000000000000000000000000000000000000000000000011000000000000000000000000000000000000000
0000000000011100000000000000000011000000000000000000000000000000000000000000000000000000000000000000000000000000000000000000000000000000000000000000000000000000000000000000000000000000000000000000000000000000000001110000000000000000000000000000000000000000
0000000000011000000000000000000110000000000000000000000000000000000000000000000000000000000000000000000000000000000000000000000000000000000000000000000000000000000000000000000000000000000000000000000000000000000111100000000000000000000000000000000000000000
0000000000011000000000000000000110000000000000000000000000000000000000000000000000000000000000000000000000000000000000000000000000000000000000000000000000000000000000000000000000000000000000000000000000000000001111000000000000000000000000000000000000000000
0000000000011000000000000000000110000000000000000000000000000000000000000000000000000000000000000000000000000000000000000000000000000000000000000000000000000000000000000000000000000000000000000000000000000000011100000000000000000000000000000000000000000000
