0000000000000000000000000000000000000000111101100011100000000000000000000000000000000000000000000000000000000000000000001100000000000000000011000001100111100000011000000001110000000011100000000000000110000001100000000000000000000000000000000000011000000000
0000000000000000000000000000000000000000001111100111000000000000000000000000000000000000000000000000000000000000000000001110000000000000000011000001100111111000011000000000110000000001100000000000000111000001100000000000000000000000000000000000011000000000
0000000000000000000000000000000000000000000111100110000000000000000000000000000000000000000000000000000000000000000000000111100000000000000001100001110011111100001100000000111100000001110000000000000011110001100000000000000000000000000000000000011000000000
0000000000000000000000000000000000000000000011100110000000000000000000000000000000000011000000000000000000000000000000000011110000000000000001100000110001111110001100000000011110000000111000000000000001111011100000000000000000000000000000000000011000001100
0000000000000000000000000000000000000000000001110110000000000000000000000000000000000011100000000000000000000000000000000000111000000000000001100000110000111110000110000000000110000000011100000000000000011001100000000000000000000000000000000000011100001110
0000000000000000000000000000000000000000000000110110000000000000000000000000000000000001100000000000000000000000000000000000011110000000000000110000011000011110000110000000000110000000001100000000000000001101100000000000000000000000000000000000001100000110
0000000000000000000000000000000000000000000000110110000000000000000000000000000000000000110000000000000000000000000000000000000111000000000000110000011000011110000111000000000110000000000110000000000000001111000000000000000000000000011100000000001110000111
0000000000000000000000000000000000000000000000111110000000000000000000000000000000000000110000000000000000000000000000000000000011110000000000111000011100001110000011000000000110000000000110000000000000000111000000000000000000011111111110000000000110000011
0000000000000000000000000000000000000000000000111110000000000000000000000000000000000000011000000000000000000000000000000000000000111000000000011000001100001110000011000000000111000000000110000000000000000011000000000000000011111111100110000000000111000001
0000000000000000000000000000000000000000000000111100000000000000000000000000000000000000011000000000000000000000000000000000110000011110000000011000001100001110000001100000000011100000000110000000000000000011000000000000001111111110011111000000000011000001
0000000000000000000000000000000000000000000000111100000000000000000000000000000000000000001100000000000000000000000000000000110000001111000000111100000110001110000001100000000000110000000110000000000000000011000000000000011111111111111111000000000011100000
0000000000000000000000000000000000000000000000111100000000000000000000000000000000000000001100000000000000000000000000000000011000000011110111111100000110001110000000110000000000110000000110000000000000000011000000000000001111111111110011100000000001100000
0000000000000000000000000000000000000000000001111100000000000000000000000000000000000000001110000000000000000000000000000000011000000001111111001110000110000111000000110000000000110000000111000000000000000001100000000000111111000000000001110000000001110000
0000000000000000000000000000000000000000001111111100000000000000000000000000000000000000000110000000000000000000000000000000001100000000011100000110000011000011100000111000000000110000000011000000000000000001100000000111111000000000000000110000000000110000
0000000000000000000000000000000000000000001111101100000000000000000000000000000000000000000111000000000000000000000000000000001100000000000000000110000011000001100000011000000000011000000011000000000000000001111110011111100000000000000000011100000000111001
0000000000000000000000000000000000000000011111101100000000000000000000000000000000000000000011110000000000000000000000000000001110000000000000000011000011100001110000011100000000011100000011000000000000000000111111111000000000000000000000001110000000011001
0000000000000000000000000000000011000000011011001100000000000000000000000000000000000000000001111000000000000000000000000000000110000000000000000011000001100000110000001100000000001110000011000000000000000000000011110000000000000000000000000111100000011001
0000000000000000000000000000000001101100011111001100000000000000000000000000000000000000000000011000000000000000000000000000000110000000000000000011000001100000011000001111100000000111000001100000000000000000000001110000000000000000000000000001111100011001
0000000000000000000000000000000001111110001111101100000000000000000000000000000000000000000000011100000000000000000000000000000110000000000000000001100000110000011100001111100000000011111111100000000000000000000000111100000000000000000000000000011110011001
0000000000000000000000000000000000011111000001101100000000000000000000000000000000000000000000001100000000000000000000000000000110000000000000000001100000110000001110011110000000000000111111100000000000000000000000001110000000000000000000000000000111111001
0000000000000000000000000000000000000011000001101100000000000000000000000000000000000000000000011100000000000000000000000000000111000000000000000001110000111000000111110111000000000000000011100000000000000000000000000111000000000000000000000000000011111100
0000000000000000000000000000000000000011000001101100000000000000000000000000000000000000000000111000000000000000000000000000000011100000000000000000110000011000000111110011000000000000000001100000000000000000000000000011111111110000000000000000000000011110
0000000000000000000000000000000000000011111001101100000000000000000000000000000000000000000000110000000000000000000000000000000001111000000000000000110000011000001100110011100000000000000001100000000000000000000000000001111111111111111100000000000000000110
0000000000000000000000000000000000000011111111101100000000000000000000000000000000000000000001110000000000000000000000000000000000011100000000000000011000001100000110011001100000000000000000110000000000000000000000000001111000001111111111000000000000000110
0000000000000000000000000000000000000000001111001100000000000000000000000000000000000000000001100000000000000000000000000000000000001110000000000000011000001100000110011001100000000000000000110000000000000000000000000111111111000000000011100000000000000011
0000000000000000000000000000000000000000001111011000000000000000000000000000000000000000000011100000000000000000000000000000000000000111100000000000011000001100000111011000110000000000000000110000000000000000000000001111100111110000000001110000000000000011
0000000000000000000000000000000000000000001111111000000000000000000000000000000000000000000011000000000000000000000000000000000000000011110000000000001100000110000011011000110000000000000000110000000000000000000000011111000000111001111110110000000000000011
0000000000000000000000000000000000000000001101111000000000000000000000000000000000000000000001100000000000000000000000000000000000000000011000000000001100000110000011001100011000000000000000110000000000000000000011111110000000011111111111111000000000000011
0000000000000000000000000000000000000000011101110000000000000000000000000000000000000000000001111000000011000000000000000000000000000000011100000000001100000111000001101111011000000000000000011000000000001111111111111100000000000110000011111100000000000011
0000000000000000000000000000000000000000111001100000000000000000000000000000000000000000000000111100001111111111110000000000000000000000001100000000001100000011000001100111111000000000000000011000000000111111111100011000000000000000000001101100000000001111
0000000000000000000000000000000000000001110011100000000000000000000000000000000000000000000000001110011110111111111110000000000000000000001110000000000110000011000001100001111000000000000000011000000001111000000000011000000000000000000001101110000000011111
0000000000000000000000000000000000000011100011000000000000000000000000000000000000000000000000000111111001110000001111000000000000000000000111000000000110000001100000110000111100000000000000001100000111100000000000111000000000000000000001100110000000111000
0000000000000000000000000000000000000011000011000000000000000000000000000000000000000000000000000011100011100000000001100000000000000000000011100000000110000001100000110000011100000000000000001100011110000000000000110000000000000000000000110111000000110000
0000000000000000000000000000000000000111000110000000000000000000000000000000000000000000000000000001100111000000000001100000000000000000000001110000000110000001100000111000001100000000000000000110111100000000000000110000000000000000000000110011000001100000
0000000000000000000000000000000000000110000110000000000000000000000000000000000000000000000000000001111100000000000001100000000000000000000011111100000110000000110000011110000110000000000000000111110000000000000001100000000000000000000000111011100011100000
0000000000000000000000000000000000000110000110000000000000000000000000000000000000000000000000000000111100000000000001110000000000000000011111111111001110000000111111111100000110000000000000000111100000000000000001100000000000000000000000011001111111000000
0000000000000000000000000000000000000110000110000000000000000000000000000000000000000000000000000000111000000000000000110000000000000011111100000011101100000111111111111100000011000000000000011111000000000000000011000000000000000000000000011000111110000000
0000000000000000000000000000000000000110000110000000000000000000000000000000000000000000000000000000110000000000000000110000000000011111100000000001111100011111111100001100000011000000000000111111111111111000000111000000000000000000000000001110000000000000
0000000000000000000000000000000000000110000110000000000000000000000000000000000000000000000000000001110000000000000000011000001111111110000000000000011100011000011101111111111111100000000011111111111111111100000110000000000000000000000000000111111111111111
0000000000000000000000000000000000000110000011000000000000000000000000000000000000000000000000000001100000000000000000011111111111100000000000000000011110000001111111111111111111100000000111111100000000001111111110000000000000000000000000000011111111111111
0000000000000000000000000000000000000110000011000000000000000000000000000000000000000000000000000011100000000000000000000111110000000000000000000000000111111111111110000000000001110000011111110000000000000111111100000000000000000000000000000000000000000001
0000000000000000000000000000000000000110000011000000000000000000000000000000000000000000000000000011000000000000000000000110000000000000000000000000000001111110000000000000000000111000111100000000000000000000000000000000000000000000000000000000000000000000
0000000000000000000000000000000000000110000001100000000000000000000000000000000000000000000000000011000000000000000000000110000000000000000000000000000000000000000000000000000000011111110000000000000000000000000000000000000000000000000000000000000000000000
0000000000000000000000000000000000000110000001100000000000000000000000000000000000000000000000000011000000000000000000001100000000000000000000000000000000000000000000000000000000000111100000000000000000000000000000000000000000000000000000000000000000000000
0000000000000000000000000000000000000110000001100000000000000000000000000000000000000000000000000110000000000000000000001100000000000000000000000000000000000000000000000000000000000011000000000000000000000000000000000000000000000000000000000000000000000000
0000000000000000000000000000000000000110000000110000000000000000000000000011000000000000000000000110000000000000000000001100000000000110000000000000000000000000000000000000000001111111000000000000000000000000000000000000000000000000000000000000000000000000
0000000000000000000000000000000000000110000000111100000000000000000111111111111110000000000000011110000000000000000000011100000000000111100000000000000000000000000000000000000111111111000000000000000000000000000000000000000000000000000000000000000000000000
0000000000000000000000000000000000000011000000001110000000000000011111111111111111100000000001111100000000000000000000011000000000000011111111100000000000100000000000000000001111000111000000000000000000000000000000000000000000000000000000000000000000000000
0000000000000000000000000000000000000011000000000111000000000000111000000111000001111111111111110000000000000000000000110000000000000000011111111111100001111111111000000011111100000110000000000000000000000000000000000000000000000000000000000000000000000000
0000000000000000000000000000000000000011110000000011110000000111111000000110000000111111111111000000000000000000000000110000000000000000000000011111111111111111111111111111111000000110000000000000000000000000000000000000000000000000000000000000000000000000
0000000000000000000000000000000000000000111111111111111111111111110000000110000000000010000000000000000000000000000001100000000000000000000000000000011111100000001111111110000000000110000000000000000000000000000000000000000000000000000000000000000000000000
0000000000000000000000000000000000000000001111111111111111111000110000000110000000000000000000000000000000000000000001100000000000000000000000000000000000000000000000010000000000001110000000000000000000000000000000000000000000000000000000000000000000000000
0000000000000000000000000000000000000000000000001110011111100000110000001110000000000000000000000000000000000000000011100000000000000000000000111100000000000000000000000000000000001100000000000000000000000000000000000000000000000000000000000000000000000000
0000000000000000000000000000000000000000000000111111111111000000110000001100000000000000000000000000000000000000000011000000000000000000000000111111110000000000000000000000000000011000000000000000000000000000000000000000000000000000000000000000000000000000
0000000000000000000000000000000000000000000011111111100000000000110000011100000000000000000000000000000000000000000111000000000000000000000000000011111111110000000000000000000000011000000000000000000000000000000000000000000000000000000000000000000000000000
0000000000000000000000000000000000000000011111100000000000000000110001111000000000000000000000000000000000000000000110000000000000000000000000000000001111111111111111110000000000011000000000000000000000000000000000000000000000000000000000000000000000000000
0000000000000000000000000000000000000011111100000000000000000000110011110000000000000000000000000000000000000000000110000000000000000000000000000000000000001111111111111100000000011000000000000000000000000000000000000000000000000000000000000000000000000000
0000000000000000000000000000000000000111110000000000000000000001100000000000000000000000000000000000000000000000000110000000000000000000000000000000000000000000000000001110000000011000000000000000000000000000000000000000000000000000000000000000000000000000
0000000000000000000000000000000000001110000000000000000000000111100000000000000000000000000000000000000000000000000110000000000000000000000000000000000000000000000000000111110000011000000000000000000000000000000000000000000000000000000000000000000000000000
0000000000000000000000000000000000001100000000000000000111111111000000000000000000000000000000000000000000000000000110000000000000000000000000000000000000000000000000000011111110111000000000000000000000000000000000000000000000000000000000000000000000000000
0000000000000000000000000000000000011000000000000000011111111100000000000000000000000000000000000000000000000000000110000000000000000000000000000000000000000000000000000000001111111000000000000000000000000000000000000000000000000000000000000000000000000000
0000000000000000000000000000000000111000000000000000111000000000000000000000000000000000000000000000000000000000000110000000000000000000000000000000000000000000000000000000000001111110000000000000000000000000000000000000000000000000000000000000000000000000
0000000000000000000000000000000000110000000000000001110000000000000000000000000000000000000000000000000000000000001100000000000000000000000000000000000000000000000000000000000000111111100000000000000000000000000000000000000000000000000000000000000000000000
0000000000000000000000000000000001110000000000000011100000000000000000000000000000000000000000000000000000000000011100000000000000000000000000000000000000000000000000000000000000011001100000000000000000000000000000000000000000000000000000000000000000000000
0000000000000000000000000000000011100000000000000110000000000000000000000000000000000000000000000000000000000000111000000000000000000000000000000000000000000000000000000000000000011101111110000000000000000000000000000000000000000000000000000000000000000000
0000000000000000000000000000000111000000000000001110000000000000000000000000000000000000000000000000000000000001110000000000000000000000000000000000000000000000000000000000000000001100111111100000000000000000000000000000000000000000000000000000000000000000
0000000000000000000000000000000110000000000000111100000000000000000000000000000000000000000000000000000000000001100000000000000000000000000000000000000000000000000000000000000000011100001111100000000000000000000000000000000000000000000000000000000000000000
0000000000000000000000000000001110000000000001110000000000000000000000000000000000000000000000000000000000000001100000000000000000000000000000000000000000000000000000000000000000011000000001111000000000000000000000000000000000000000000000000000000000000000
0000000000000000000000000000011100000000111111100000000000000000000000000000000000000000000000000000000000000011000000000000000000000000000000000000000000000000000000000000000000110000000000011111000000000000000000000000000000000000000000000000000000000000
0000000000000000000000000000111000000001111110000000000000000000000000000000000000000000000000000000000000000111000000000000000000000000000000000000000000000000000000000000000001110000000000000111111100000000000000000000000000000000000000000000000000000000
0000000000000000000000000001110000000011100000000000000000000000000000000000000000000000000000000000000000001111000000000000000000000000000000000000000000000000000000000000000001100000000000000000111100000000000000000000000000000000000000000000000000000000
0000000000000000000000000011100000000111000000000000000000000000000000000000000000000000000000000000000000011111000000000000000000000000000000000000000000000000000000000000000001100000000000000000000000000000000000000000000000000000000000000000000000000000
0000000000000000000000000000000111111110000000000000000000000000000000000000000000000000000000000000000000111011000000000000000000000000000000000000000000000000000000000000000001100000000000000000000000000000000000000000000000000000000000000000000000000000
0000000000000000000000000000011111111110000000000000000000000000000000000000000000000000000000000000000000110011000000000000000000000000000000000000000000000000000000000000000001100000000000000000000000000000000000000000000000000000000000000000000000000000
0000000000000000000000000001111100000111000000000000000000000000000000000000000000000000000000000000000000110011000000000000000000000000000000000000000000000000000000000000000001100000000000000000000000000000000000000000000000000000000000000000000000000000
0000000000000000000000011111110000000011000000000000000000000000000000000000000000000000000000000000000001100011100000000000000000000000000000000000000000000000000000000000000001100000000000000000000000000000000000000000000000000000000000000000000000000000
0000000000000000000111111110000000000011100000000000000000000000000000000000000000000000000000000000000001100001100000000000000000000000000000000000000000000000000000000000000001100000000000000000000000000000000000000000000000000000000000000000000000000000
0000000000000000011111110000000000000001100000000000000000000000000000000000000000000000000000000000000011000001100000000000000000000000000000000000000000000000000000000000000001100000000000000000000000000000000000000000000000000000000000000000000000000000
0000000000000000111100000000000000000001110000000000000000000000000000000000000000000000000000000000000011000001100000000000000000000000000000000000000000000000000000000000000001100000000000000000000000000000000000000000000000000000000000000000000000000000
0000000000000001111000000000000000000000111100000000000000000000000000000000000000000000000000000000000111000001100000000000000000000000000000000000000000000000000000000000000001100000000000000000000000000000000000000000000000000000000000000000000000000000
0000000000000011111000000000000000000000011111000000000000000000000000000000000000000000000000000000001110000001100000000000000000000000000000000000000000000000000000000000000001100000000000000000000000000000000000000000000000000000000000000000000000000000
0000000000000011011000000000000000000000000111000000000000000000000000000000000000000000000000000000011100000001100000000000000000000000000000000000000000000000000000000000000001110000000000000000000000000000000000000000000000000000000000000000000000000000
0000000000000110011000000000000000000000000011000000000000000000000000000000000000000000000000000000011000000000110000000000000000000000000000000000000000000000000000000000000000110000000000000000000000000000000000000000000000000000000000000000000000000000
0000000000000110111000000000000000000000000001100000000000000000000000000000000000000000000000000000011000000000110000000000000000000000000000000000000000000000000000000000000001111000000000000000000000000000000000000000000000000000000000000000000000000000
0000000000001110110000000000000000000000000001110000000000000000000000000000000000000000000000000000111000000000011000000000000000000000000000000000000000000000000000000000000011111100000000000000000000000000000000000000000000000000000000000000000000000000
0000000000111100111000000000000000000000000000111000000000000000000000000000000000000000000000000001110000000000011000000000000000000000000000000000000000000000000000000000000110001100000000000000000000000000000000000000000000000000000000000000000000000000
0000011111111000011000000000000000000000000000011000000000000000000000000000000000000000000000000001100000000000011000000000000000000000000000000000000000000000000000000000000110000110000000000000000000000000000000000000000000000000000000000000000000000000
0000111111100000110000000000000000000000000000001100000000000000000000000000000000000000000000000001100000000000011000000000000000000000000000000000000000000000000000000000001100000110000000000000000000000000000000000000000000000000000000000000000000000000
0000110000000001110000000000000000000000000000001100000000000000000000000000000000000000000000000011100000000000110000000000000000000000000000000000000000000000000000000000011100000111000000000000000000000000000000000000000000000000000000000000000000000000
0000110000000011100000000000000000000000000000001111000000000000000000000000000000000000000000000011000000000000110000000000000000000000000000000000000000000000000000000000011000000011000000000000000000000000000000000000000000000000000000000000000000000000
0001110000000111000000000000000000000000000000000011000000000000000000000000000000000000000000000110000000000000110000000000000000000000000000000000000000000000000000000000011000000111000000000000000000000000000000000000000000000000000000000000000000000000
0111100000000110000000000000000000000000000000000011100000000000000000000000000000000000000000000110000000000000110000000000000000000000000000000000000000000000000000000000110000000011000000000000000000000000000000000000000000000000000000000000000000000000
1111000000000110000000000000000000000000000000000011110000000000000000000000000000000000000000001100000000000000110000000000000000000000000000000000000000000000000000000000110000000011000000000000000000000000000000000000000000000000000000000000000000000000
1111000000001110000000000000000000000000000000000001111100000000000000000000000000000000000000001100000000000001100000000000000000000000000000000000000000000000000000000000110000000110000000000000000000000000000000000000000000000000000000000000000000000000
1011000000011100000000000000000000000000000000000011011111000000000000000000000000000000000000001100000000000001100000000000000000000000000000000000000000000000000000000001110000000110000000000000000000000000000000000000000000000000000000000000000000000000
0011000000011000000000000000000000000000000000000011000011100000000000000000000000000000000000011100000000000111100000000000000000000000000000000000000000000000000000000001100000000011000000000000000000000000000000000000000000000000000000000000000000000000
0001100000011000000000000000000000000000000000000011000001110000000000000000000000000000000001111000000000001111000000000000000000000000000000000000000000000000000000000011000000000011000000000000000000000000000000000000000000000000000000000000000000000000
0001100000011000000000000000000000000000000000000011000000111000000000000000000000000000000011110000000000001100000000000000000000000000000000000000000000000000000000000011000000000110000000000000000000000000000000000000000000000000000000000000000000000000
0001100000011000000000000000000000000000000000000110000000011000000000000000000000000000000111000000000000001100000000000000000000000000000000000000000000000000000000000111000000001110000000000000000000000000000000000000000000000000000000000000000000000000
0001100000011110000000000000000000000000000000000110000000001000000000000000000000000000001110000000000000011100000000000000000000000000000000000000000000000000000000001110000000001100000000000000000000000000000000000000000000000000000000000000000000000000
0000110000001111111000000000000000000000000000000110000000000000000000000000000000000000001100000000000000011100000000000000000000000000000000000000000000000000000000001100000000001100000000000000000000000000000000000000000000000000000000000000000000000000
0000110000000111111000000000000000000000000000000110000000000000000000000000000000000000001100000000000000001111000000000000000000000000000000000000000000000000000000001100000000001100000000000000000000000000000000000000000000000000000000000000000000000000
0000110000000110001100000000000000000000000000000110000000000000000000000000000000000000001100000000000000000111000000000000000000000000000000000000000000000000000000001110000000001110000000000000000000000000000000000000000000000000000000000000000000000000
0000110000001110001111100000000000000000000000000110000000000000000000000000000000000000011000000000000000000011100000000000000000000000000000000000000000000000000000001110000000000111000000000000000000000000000000000000000000000000000000000000000000000000
0000110000001100000011110000000000000000000000000010000000000000000000000000000000000000111000000000000000000011100000000000000000000000000000000000000000000000000000011100000000000011100000000000000000000000000000000000000000000000000000000000000000000000
0000110000001100000000111000000000000000000000000000000000000000000000000000000000000001110000000000000000000001100000000000000000000000000000000000000000000000000000011000000000000001100000000000000000000000000000000000000000000000000000000000000000000000
0000110000001110000000011111000000000000000000000000000000000000000000000000000000000011100000000000000000000001100000000000000000000000000000000000000000000000000000011000000000000000110000000000000000000000000000000000000000000000000000000000000000000000
0000110000000111000000000111000000000000000000000000000000000000000000000000000000000011000000000000000000000001100000000000000000000000000000000000000000000000000000011000000000000000111000000000000000000000000000000000000000000000000000000000000000000000
0000110000000011100000000011100000000000000000000000000000000000000000000000000000000011000000000000000000000011100000000000000000000000000000000000000000000000000000011000000000000000011100000000000000000000000000000000000000000000000000000000000000000000
0000110000000001110000000001110000000000000000000000000000000000000000000000000000000011000000000000000000000011000000000000000000000000000000000000000000000000000000111000000000000000001110000000000000000000000000000000000000000000000000000000000000000000
0000110000000000111000000000111000000000000000000000000000000000000000000000000000000011000000000000000000000011000000000000000000000000000000000000000000000000000011110000000000000000000110000000000000000000000000000000000000000000000000000000000000000000
0000111000000000011000000000011110000000000000000000000000000000000000000000000000000111000000000000000000000011000000000000000000000000000000000000000000000000000111000000000000000000000110000000000000000000000000000000000000000000000000000000000000000000
0000011000000000001100000000000111000000000000000000000000000000000000000000000000001110000000000000000000000001000000000000000000000000000000000000000000000000001110000000000000000000001100000000000000000000000000000000000000000000000000000000000000000000
0000011000000000001100000000000011100000000000000000000000000000000000000000000000001100000000000000000000000000000000000000000000000000000000000000000000000000111000000000000000000000001100000000000000000000000000000000000000000000000000000000000000000000
0000011100000000001100000000000011110000000000000000000000000000000000000000000000001100000000000000000000000000000000000000000000000000000000000000000000000011110000000000000000000000001110000000000000000000000000000000000000000000000000000000000000000000
0000001100000000001110000000000000110000000000000000000000000000000000000000000000001100000000000000000000000000000000000000000000000000000000000000000000000111100000000000000000000000000111000000000000000000000000000000000000000000000000000000000000000000
0000011000000000000110000000000000110000000000000000000000000000000000000000000000001100000000000000000000000000000000000000000000000000000000000000000000001110000000000000000000000000000011110000000000000000000000000000000000000000000000000000000000000000
0000011000000000000111000000000000111000000000000000000000000000000000000000000000111000000000000000000000000000000000000000000000000000000000000000000011111100000000000000000000000000000001111000000000000000000000000000000000000000000000000000000000000000
0000011000000000000011100000000000011110000000000000000000000000000000000000000011111000000000000000000000000000000000000000000000000000000000000000001111111000000000000000000000000000000000011000000000000000000000000000000000000000000000000000000000000000
0000011000000000000001100000000000000111100000000000000000000000000000000000000111000000000000000000000000000000000000000000000000000000000000000000001100100000000000000000000000000000000000011100000000000000000000000000000000000000000000000000000000000000
0000011000000000000000000000000000000011111100000000000000000000000000000000000110000000000000000000000000000000000000000000000000000000000000000000011000000000000000000000000000000000000000001100000000000000000000000000000000000000000000000000000000000000
0000011000000000000000000000000000000000111111000000000000000000000000000000000111000000000000000000000000000000000000000000000000000000000000000000111000000000000000000000000000000000000000001100000000000000000000000000000000000000000000000000000000000000
0000011000000000000000000000000000000000000111000000000000000000000000000000000011100000000000000000000000000000000000000000000000000000000000000000111000000000000000000000000000000000000000001110000000000000000000000000000000000000000000000000000000000000
0000011000000000000000000000000000000000000000000000000000000000000000000000000001100000000000000000000000000000000000000000000000000000000000000000011000000000000000000000000000000000000000000110000000000000000000000000000000000000000000000000000000000000
0000001100000000000000000000000000000000000000000000000000000000000000000000000001100000000000000000000000000000000000000000000000000000000000000000011100000000000000000000000000000000000000000110000000000000000000000000000000000000000000000000000000000000
0000001100000000000000000000000000000000000000000000000000000000000000000000000001100000000000000000000000000000000000000000000000000000000000000000011100000000000000000000000000000000000000000110000000000000000000000000000000000000000000000000000000000000
0000001100000000000000000000000000000000000000000000000000000000000000000000000011000000000000000000000000000000000000000000000000000000000000000000011000000000000000000000000000000000000000000110000000000000000000000000000000000000000000000000000000000000
0000001100000000000000000000000000000000000000000000000000000000000000000000000011000000000000000000000000000000000000000000000000000000000000000110111000000000000000000000000000000000000000000110000000000000000000000000000000000000000000000000000000000000
0000001111111000000000000000000000000000000000000000000000000000000000000000000011000000000000000000000000000000000000000000000000000000000000011111110000000000000000000000000000000000000000000110000000000000000000000000000000000000000000000000000000000000
0000001111111100000000000000000000000000000000000000000000000000000000000000000001100000000000000000000000000000000000000000000000000000000001111001100000000000000000000000000000000000000000000110000000000011000000000000000000000000000000000000000000000000
0000001110001110000000000000000000000000000000000000000000000000000000000000000001100000000000000000000000000000000000000000000000000000000011100000000000000000000000000000000000000000000000000111111000000111000000000000000000000000000000000000000000000000
0000000110000110000000000000000000000000000000000000000000000000000000000000000001100000000000000000000000000000000000000000000000000000000111000000000000000000000000000000000000000000000000000011111111111111000000000000000000000000000000000000000000000000
0000000110000111000000000000000000000000000000000000000000000000000000000000000001100000000000000000000000000000000000000000000000000000011110000000000000000000000000000000000000000000000000000011110111111100000000000000000000000000000000000000000000000000
0000001100000011000000000000000000000000000000000000000000000000000000000000000001100000000000000000000000000000000000000000000000000000111000000000000000000000000000000000000000000000000000000001110000000000000000000000000000010000000000000000000000000000
0000001100000011000000000000000000000000000000000000000000000000000000000000000001100000000000000000000000000000000000000000000000000001110000000000000000000000000000000000000000000000000000000011111000000000000000000000000001110000000000000000000000000000
0000001100000001100000000000000000000000000000000000000000000000000000000000000001100000000000000000000000000000000000000000000000000001100000000000000000000000000000000000000000000000000000001111110000000000000000000000000001100000000000000000000000000000
0000001110000001100000000000000000000000000000000000000000000000000000000000000001100000000000000000000000000000000000000000000000000011000000000000000000000000000000000000000000000000000001111100011111100000000000000000000011100000000000000000000000000000
0000000110000000110000000000000000000000000000000000000000000000000000000000000001100000000000000000000000000000000000000000000000000111000000000000000000000000000000000000000000000000000011111000011111111000000000000000000111000000000000000000000000000000
0000001110000000111000000000000000000000000000000000000000000000000000000000000011100000000000000000000000000000000000000000000000001110000000000000000000000000000000000000000000000000000011000000000000111110000000000000001110000000000000000000000000000000
0000001100000000011100000000000000000000000000000000000000000000000000000000000011000000000000000000000000000000000000000000000001111100000000000000000000000000000000000000000000000000000111000000000000001111000000000000011100000000000000000000000000000000
0000001100000000011110000000000000000000000000000000000000000000000000000000000011000000000000000000000000000000000000000000000111110000000000000000000000000000000000000000000000000000001110000000000000000011100000000011111000000000000000000000000000000000
0000001100000000000111000000000000000000000000000000000000000000000000000000000011000000000000000000000000000000000000000000000111000000000000000000000000000000000000000000000000000000001100000000000000000001110000000111110000000000000000000000000000000000
0000001100000000000011000000000000000000000000000000000000000000000000000000000011000000000000000000000000000000000000000000000000000000000000000000000000000000000000000000000000000000011000000000000000000000111001111110000001110000000000100000000000000000
0000001100000000000001100000000000000000000000000000000000000000000000000000000011000000000000000000000000000000000000000000000000000000000000000000000000000000000000000000000000000001111000000000000000000000011111111111001111111111111111100000000000000000
0000001000000000000001111000000000000000000000000000000000000000000000000000000011000000000000000000000000000000000000000000000000000000000000000000000000000000000000000000000000000011100000000000000000000000001111000011111110001111111111000000000000000000
0000000000000000000000111100000000000000000000000000000000000000000000000000000111000000000000000000000000000000000000000000000000000000000000000000000000000000000000000000000000000111000000000000000000000000000000000001110000000000000000000000000000000000
0000000000000000000000001110000000000000000000000000000000000000000000000000000110000000000000000000000000000000000000000000000000000000000000000000000000000000000000000000000000001110000000000000000000000000000000000000000000000000000000000000000000000000
0000000000000000000000000111000000000000000000000000000000000000000000000000001100000000000000000000000000000000000000000000000000000000000000000000000000000000000000000000000000011100000000000000000000000000000000000000000000000000000000000000000000000000
0000000000000000000000000011000000000000000000000000000000000000000000000000011100000000000000000000000000000000000000000000000000000000000000000000000000000000000000000000000000011000000000000000000000000000000000000000000000000000000000000000000000000000
0000000000000000000000000000000000000000000000000000000000000000000000000000111000000000000000000000000000000000000000000000000000000000000000000000000000000000000000000000000000110000000000000000000000000000000000000000000000000000000000000000000000000000
0000000000000000000000000000000000000000000000000000000000000000000000000000110000000000000000000000000000000000000000000000000000000000000000000000000000000000000000000000000001110000000000000000000000000000000000000000000000000000000000000000000000000000
0000000000000000000000000000000000000000000000000000000000000000000000000000110000000000000000000000000000000000000000000000000000000000000000000000000000000000000000000000000000100000000000000000000000000000000000000000000000000000000000000000000000000000
0000000000000000000000000000000000000000000000000000000000000000000000000001110000000000000000000000000000000000000000000000000000000000000000000000000000000000000000000000000000000000000000000000000000000000000000000000000000000000000000000000000000000000
0000000000000000000000000000000000000000000000000000000000000000000000000111100000000000000000000000000000000000000000000000000000000000000000000000000000000000000000000000000000000000000000000000000000000000000000000000000000000000000000000000000000000000
0000000000000000000000000000000000000000000000000000000000000000000000001110000000000000000000000000000000000000000000000000000000000000000000000000000000000000000000000000000000000000000000000000000000000000000000000000000000000000000000000000000000000000
0000000000000000000000000000000000000000000000000000000000000000000000001100000000000000000000000000000000000000000000000000000000000000000000000000000000000000000000000000000000000000000000000000000000000000000000000000000000000000000000000000000000000000
0000000000000000000000000000000000000000000000000000000000000000000000000000000000000000000000000000000000000000000000000000000000000000000000000000000000000000000000000000000000000000000000000000000000000000000000000000000000000000000000000000000000000000
0000000000000000000000000000000000000000000000000000000000000000000000000000000000000000000000000000000000000000000000000000000000000000000000000000000000000000000000000000000000000000000000000000000000000000000000000000000000000000000000000000000000000000
0000000000000000000000000000000000000000000000000000000000000000000000000000000000000000000000000000000000000000000000000000000000000000000000000000000000000000000000000000000000000000000000000000000000000000000000000000000000000000000000000000000000000000
0000000000000000000000000000000000000000000000000000000000000000000000000000000000000000000000000000000000000000000000000000000000000000000000000000000000000000000000000000000000000000000000000000000000000000000000000000000000000000000000000000000000000000
0000000000000000000000000000000000000000000000000000000000000000000000000000000000000000000000000000000000000000000000000000000000000000000000000000000000000000000000000000000000000000000000000000000000000000000000000000000000000000000000000000000000000000
0000000000000000000000000000000000000000000000000000000000000000000000000000000000000000000000000000000000000000000000000000000000000000000000000000000000000000000000000000000000000000000000000000000000000000000000000000000000000000000000000000000000000000
0000000000000000000000000000000000000000000000000000000000000000000000000000000000000000000000000000000000000000000000000000000000000000000000000000000000000000000000000000000000000000000000000000000000000000000000000000000000000000000000000000000000000000
0000000000000000000000000000000000000000000000000000000000000000000000000000000000000000000000000000000000000000000000000000000000000000000000000000000000000000000000000000000000000000000000000000000000000000000000000000000000000000000000000000000000000000
0000000000000000000000000000000000000000000000000000000000000000000000000000000000000000000000000000000000000000000000000000000000000000000000000000000000000000000000000000000000000000000000000000000000000000000000000000000000000000000000000000000000000000
0000000000000000000000000000000000000000000000000000000000000000000000000000000000000000000000000000000000000000000000000000000000000000000000000000000000000000000000000000000000000000000000000000000000000000000000000000000000000000000000000000000000000000
0000000000000000000000000000000000000000000000000000000000000000000000000000000000000000000000000000000000000000000000000000000000000000000000000000000000000000000000000000000000000000000000000000000000000000000000000000000000000000000000000000000000000000
0000000000000000000000000000000000000000000000000000000000000000000000000000000000000000000000000000000000000000000000000000000000000000000000000000000000000000000000000000000000000000000000000000000000000000000000000000000000000000000000000000000000000000
0000000000000000000000000000000000000000000000000000000000000000000000000000000000000000000000000000000000000000000000000000000000000000000000000000000000000111000000000000000000000000000000000000000000000000000000000000000000000000000000000000000000000000
0000000000000000000000000000000000000000000000000000000000000000000000000000000000000000000000000000000000000000000000000000000000000000000000000000000000000111111111100000000000000000000000000000000000000000000000000000000000000000000000000000000000000000
0000000000000000000000000000000000000000000000000000000000000000000000000000000000000000000000000000000000000000000000000000000000000000000000000000000000000000111111110000000000000000000000000000000000000000000000000000000000000000000000000000000000000000
0000000000000000000000000000000000000000000000000000000000000000000000000000000000000000000000000000000000000000000000000000000000000000000000000000000000000000000000111100000000000000000000000000000000000000000000000000000000000000000000000000000000000000
0000000000000000000000000000000000000000000000000000000000000000000000000000000000000000000000000000000000000000000000000000000000000000000000000000000000000000000000011110000000000000000000000000000000000000000000000000000000000000000000000000000000000000
0000000000000000000000000000000000000000000000000000000000000000000000000000000000000000000000000000000000000000000000000000000000000000000000000000000000000000000000000110000000000000000000000000000000000000000000000000000000000000000000000000000000000000
0000000000000000000000000000000000000000000000000000000000000000000000000000000000000000000000000000000000000000000000000000000000000000000000000000000000000000000000000011000000000000000000000000000000000000000000000000000000000000000000000000000000000000
0000000000000000000000000000000000000000000000000000000000000000000000000000000000000000000000000000000000000000000000000000000000000000000000000000000000000000000000000011111000000000000000000000000000000000000000000000000000000000000000000000000000000000
0000000000000000000000000000000000000000000000000000000000000000000000000000000000000000000000000000000000000000000000000000000000000000000000000000000000000000000000000001111111100000000000000000000000000000000000000000000000000000000000000000000000000000
0000000000000000000000000000000000000000000000000000000000000000000000000000000000000000000000000000000000000000000000000000000000000000000000000000000000000000000000000000001111110000000000000000000000000000000000000000000000000000000000000000000000000000
0000000000000000000000000000000000000000000000000000000000000000000000000000000000000000000000000000000000000000000000000000000000000000000000000000000000000000000000000000000000111111111000000000000000000000000000000000000000000000000000000000000000000000
0000000000000000000000000000000000000000000000000000000000000000000000000000000000000000000000000000000000000000000000000000000000000000000000000000000000000000000000000000000000011111111110000000000000000000000000000000000000000000000000000000000000000000
0000000000000000000000000000000000000000000000000000000000000000000000000000000000000000000000000000000000000000000000000000000000000000000000000000000000000000000000000000000000001100000111000000000000000000000000000000000000000000000000000000000000000000
0000000000000000000000000000000000000000000000000000000000000000000000000000000000000000000000000000000000000000000000000000000000000000000000000000000000000000000000000000000000000000000011100000000000000000000000000000000000000000000000000000000000000000
0000000000000000000000000000000000000000000000000000000000000000000000000000000000000000000000000000000000000000000000000000000000000000000000000000000000000000000000000000000000000000000001100000000000000000000000000000000000000000000000000000000000000000
0000000000000000000000000000000000000000000000000000000000000000000000000000000000000000000000000000000000000000000000000000000000000000000000000000000000000000000000000000000000000000000000110000000000000000000000000000000000000000000000000000000000000000
0000000000000000000000000000000000000000000000000000000000000000000000000000000000000000000000000000000000000000000000000000000000000000000000000000000000000000000000000000000000000000000000110000000000000000000000000000000000000000000000000000000000000000
0000000000000000000000000000000000000000000000000000000000000000000000000000000000000000000000000000000000000000000000000000000000000000000000000000000000000000000000000000000000000000000000110000000000000000000000000000000000000000000000000000000000000000
0000000000000000000000000000000000000000000000000000000000000000000000000000000000000000000000000000000000000000000000000000000000000000000000000000000000000000000000000000000000000000000000111000000000000000000000000000000000000000000000000000000000000000
0000000000000000000000000000000000000000000000000000000000000000000000000000000000000000000000000000000000000000000000000000000000100000000000000000000000000000000000000000000000000000000000011000000000000000000000000000000000000000000000000000000000000000
0000000000000000000000000000000000000000000000000000000000000000000000000000000000000000000000000000000000000000000000000000000000110000000000000000000000000000000000000000000000000000000000001100000000000000000000000000000000000000000000000000000000000000
0000000000000000000000000000000000000000000000000000000000000000000000000000000000000000000000000000000000000000000000000000000000110000000000000000000000000000000000000000000000000000000000001100000000000000000000000000000000000000000000000000000000000000
0000000000000000000000000000000000000000000000000000000000000000000000000000000000000000000000000000000000000000000000000000000001110000000000000000000000000000000000000000000000000000000000001100000000000000000000000000000000000000000000000000000000000000
0000000000000000000000000000000000000000000000000000000000000000000000000000000000000000000000000000000000000000000000000000000001100000000000000000000000000000000000000000000000000000000000000110000000000000000000000000000000000000000000000000000000000000
0000000000000000000000000000000000000000000000000000000000000000000000000000000000000000000000000000000000000000000000000000000001100000000000000000000000000000000000000000000000000000000000000111000000000000000000000000000000000000000000000000000000000000
0000000000000000000000000000000000000000000000000000000000000000000000000000000000000000000000000000000000000000000000000000000000110000000000000000000000000000000000000000000000000000000000000011000000000000000000000000000000000000000000000000000000000000
0000000000000000000000000000000000000000000000000000000000000000000000000000000000000000000000000000000000000000000000000000000000111000000000000000000000000000000000000000000000000000000000000011110000000000000000000000000000000000000000000000000000000000
0000000000000000000000000000000000000000000000000000000000000000000000000000000000000000000000000000000000000000000000000000000000111100000000000000000000000000000000000000000000000000000000000000111000000000000000000000000000000000000000000000000000000000
0000000000000000000000000000000000000000000000000000000000000000000000000000000000000000000000000000000000000000000000000000000000001110000000000000000000000000000000000000000000000000000000000000011110000000000000000000000000000000000000000000000000000000
0000000000000000000000000000000000000000000000000000000000000000000000000000000000000000000000000000000000000000000000000000000000000111000000000000000000000000000000000000000000000000000000000000000111100000000000000000000000000000000000000000000000000000
0000000000000000000000000000000000000000000000000000000000000000000000000000000000000000000000000000000000000000000000000000000000000001100000000000000000000011100000000000000000000000000000000000000011110000000000000000000000000000000000000000000000000000
0000000000000000000000000000000000000000000000000000000000000000000000000000000000000000000000000000000000000000000000000000000000000001100000000000000000000011111111100000000000000000000000000000000000111100000000000000000000000000000000000000000000000000
0000000000000000000000000000000000000000000000000000000000000000000000000000000000000000000000000000000000000000000000000000000000000001111110000000000000000000011111111000000000000000000000000000000000001110000000000000000000000000000000000000000000000000
0000000000000000000000000000000000000000000000000000000000000000000000000000000000000000000000000000000000000000000000000000000000000001111111110000000000000000000100111100000000000000000000000000000000000111000000000000000000000000000000000000000000000000
0000000000000000000000000000000000000000000000000000000000000000000000000000000000000000000000000000000000000000000000000000000000000000000011111000000000000000000000001100000000000000000000000000000000000011000000000000000000000000000000000000000000000000
0000000000000000000000000000000000000000000000000000000000000000000000000000000000000000000000000000000000000000000000000000000000000000000000011000000000000000000000001100000000000000000000000000000000000111000000000000000000000000000000000000000000000000
0000000000000000000000000000000000000000000000000000000000000000000000000000000000000000000000000000000000000000000000000000000000000000000000111000000000000000000000001111000000000000000000000000000000000110000000000000000000000000000000000000000000000000
0000000000000000000000000000000000000000000000000000000000000000000000000000000000000000000000000000000000000000000000000000000000000000000000110000000000000000000000000111110000000000000000000000000000001100000000000000000000000000000000000000000000000000
0000000000000000000000000000000000000000000000000000000000000000000000000000000000000000000000000000000000000000000000000000000000000000000000110000000000000000000000000000111110000000000000000000000000011100000000000000000000000000000000000000000000000000
0000000000000000000000000000000000000000000000000000000000000000000000000000000000000000000000000000000000000000000000000000000000000000000000111100000000000000000000000000001111000000000000000000000000011000000000000000000000000000000000000000000000000000
0000000000000000000000000000000000000000000000000000000000000000000000000000000000000000000000000000000000000000000000000000000000000000000000011111000000000000000000000000000011100000000000000000000000111000000000000000000000000000000000000000000000000000
0000000000000000000000000000000000000000000000000000000000000000000000000000000000000000000000000000000000000000000000000000000000000000000000000111000000000000000000000000000001110000000000000000000000110000000000000000000000000000000000000000000000000000
0000000000000000000000000000000000000000000000000000000000000000000000000000000000000000000000000000000000000000000000000000000000000000000000000001100000000000000000000000000000111100000000000000000001100000000000000000000000000000000000000000000000000000
0000000000000000000000000000000000000000000000000000000000000000000000000000000000000000000000000000000000000000000000000000000000000000000000000001110000000000000000000000000000001100000000000000000011100000000000000000000000000000000000000000000000000000
0000000000000000000000000000000000000000000000000000000000000000000000000000000000000000000000000000000000000000000000000000000000000000000000000000110000000000000000000000000000000110000000000000000011000000000000000000000000000000000000000000000000000000
0000000000000000000000000000000000000000000000000000000000000000000000000000000000000000000000000000000000000000000000000000000000000000000000000000111000000000000000000000000000000110000000000000000011000000000000000000000000000000000000000000000000000000
0000000000000000000000000000000000000000000000000000000000000000000000000000000000000000000000000000000000000000000000000000000000000000000000000000011000000000000000000000000000000011100000000000000011000000000000000000000000000000000000000000000000000000
0000000000000000000000000000000000000000000000000000000000000000000000000000000000000000000000000000000000000000000000000000000000000000000000000000011100000000000000000000000000000011110000000000000111000000000000000000000000000000000000000000000000000000
0000000000000000000000000000000000000000000000000000000000000000000000000000000000000000000000000000000000000000000000000000000000000000000000000000001110000000000000000000000000000000111000000000000110000000000000000000000000000000000000000000000000000000
0000000000000000000000000000000000000000000000000000000000000000000000000000000000000000000000000000000000000000000000000000000000000000000000000000000111100000000000000000000000000000011110000000000110000000000000000000000000000000000000000000000000000000
0000000000000000000000000000000000000000000000000000000000000000000000000000000000000000000000000000000000000000000000000000000000000000000000000000000001110000000000000000000000000000000111000000000110000000000000000000000000000000000000000000000000000000
0000000000000000000000000000000000000000000000000000000000000000000000000000000000000000000000000000000000000000000000000000000000000000000000000000000000111000000000000000000000000000000011110000000110000000000000000000000000000000000000000000000000000000
0000000000000000000000000000000000000000000000000000000000000000000000000000000000000000000000000000000000000000000000000000000000000000000000000000000000011100000000000000000000000000000000111000000110000000000000000000000000000000000000000000000000000000
0000000000000000000000000000000000000000000000000000000000000000000000000000000000000000000000000000000000000000000000000000000000000000000000000000000000001100000000000000000000000000000000011111111110000000000000000000000000000000000000000000000000000000
0000000000000000000000000000000000000000000000000000000000000000000000000000000000000000000000000000000000000000000000000000000000000000000000000000000000000110000000000000000000000000000000000111111110000000000000000000000000000000000000000000000000000000
0000000000000000000000000000000000000000000000000000000000000000000000000000000000000000000000000000000000000000000000000000000000000000000000000000000000000011100000000000000000000000000000000000001110000000000000000000000000000000000000000000000000000000
0000000000000000000000000000000000000000000000000000000000000000000000000000000000000000000000000000000000000000000000000000000000000000000000000000000000000001111110000000000000000000000000000000001110000000000000000000000000000000000000000000000000000000
0000000000000000000000000000000000000000000000000000000000000000000000000000000000000000000000000000000000000000000000000000000000000000000000000000000000000000111111000000000000000000000000000000011100000000000000000000000000000000000000000000000000000000
0000000000000000000000000000000000000000000000000000000000000000000000000000000000000000000000000000000000000000000000000000000000000000000000000000000000000000000011110000000000000000000000000000011000000000000000000000000000000000000000000000000000000000
0000000000000000000000000000000000000000000000000000000000000000000000000000000000000000000000000000000000000000000000000000000000000000000000000000000000000000000000110000000000000000000000000000111000000000000000000000000000000000000000000000000000000000
0000000000000000000000000000000000000000000000000000000000000000000000000000000000000000000000000000000000000000000000000000000000000000000000000000000000000000000000011110000000000000000000000000110000000000000000000000000000000000000000000000000000000000
0000000000000000000000000010000000000000000000000000000000000000000000000000000000000000000000000000000000000000000000000000000000000000000000000000000000000000000000001111000000000000000000000000110000000000000000000000000000000000000000000000000000000000
0000000000000000000000000110000000000000000000000000000000000000000000000000000000000000000000000000000000000000000000000000000000000000000000000000000000000000000000000011000000000000000000000000111000000000000000000000000000000000000000000000000000000000
0000000000000000000000000110000000000000000000000000000000000000000000000000000000000000000000000000000000000000000000000000000000000000000000000000000000000000000000000001100000000000000000000000011000000000000000000000000000000000000000000000000000000000
0000000000000000000000001110000000000000000000000000000000000000000000000000000000000000000000000000000000000000000000000000000000000000000000000000000000000000000000000001110000000000000000000000011100000000000000000000000000000000000000000000000000000000
0000000000000000000000001100000000000000000000000000000000000000000000000000000000000000000000000000000000000000000000000000000000000000000000000000000000000000000000000000110000000000000000000000001110000000000000000000000000000000000000000000000000000000
0000000000000000000000011100000000000000000000000000000000000011000000000000000000000000000000000000000000000000000000000000000000000000000000000000000000000000000000000000111000000000000000000000000110000000000000000000000000000000000000000000000000000000
0000000000000000000000011000000000000000000000000000000000000011000000000000000000000000000000000000000000000000000000000000000000000000000000000000000000000000000000000000011000000000000000000000000110000000000000000000000000000000000000000000000000000000
0000000000000000000000011000000000000000000000000000000000000011000000000000000000000000000000000000000000000000000000000000000000000000000000000000000000000000000000000000011000000000000000000000000111100000000000000000000000000000000000000000000000000000
0000000000000000000000011000000000000000000000000000000000000111000000000000000000000000000000000000000000000000000000000000000000000000000000000000000000000000000000000000001100000000000000000000000011110000000000000000000000000000000000000000000000000000
0000000000000000000000011000000000000000000000000000000000001110000000000000000000000000000000000000000000000000000000000000000001100000000000000000000000000000000000000000001110000000000000000000000000110000000000000000000000000000000000000000000000000000
0000000000000000000000110000000000000000000000000000000011111110000000000000000000000000000000000000000000000000000000000000000001100000000000000000000000000000000000000000000110000000000000000000000001110000000000000000000000000000000000000000000000000000
0000000000000000000000111000000000000000000000000000001111111100000000000000000000000000000000000000000000000000000000000000000001100000000000000000000000000000000000000000000111000000000000000000000001100000000000000000000000000000000000000000000000000000
0000000000000000000000011000000011000000000000000000111100001100000000000000000000000000000000000000000000000000000000000000000001100000000000000000000000000000000000000000000111000000000000000000000011100000000000000000000000000000000000000000000000000000
0000000000000000000000001100000011000000000000000011110000001100000000000000000000000000000000000000000000000000000000000000000001100000000000000000000000000000000000000000111110000000000000000000000011000000000000000000000000000000000000000000000000000000
0000000000000000000000001100000110000000000000000111000000001111000000000000000000000000000000000000000000000000000000000000000001100000000000000000000000000000000000000011111000000000000000000000000011000000000000000000000000000000000000000000000000000000
0000000000000000000000001110000110000000000000000110000000000111100000000000000000000000000000000000000000000000000000000000000000110000000000000000000000000000000000000111000000000000000000000000000110000000000000000000000000000000000000000000000000000000
0000000000000000000000000111111110000000000000000110000000000001100000000000000000000000000000000000000000000000000000000000000001110000000000000000000000000000000000000110000000000000000000000000000110000000000000000000000000000000000000000000000000000000
0000000000000000000000001111111111000000000000000110000000000000110000000000000000000000000000000000000000000000000000000000000001100000000000000000000000000000000000000110000000000000000000000000000110000000000000000000000000000000000000000000000000000000
0000000000000000000000111110000011110000000000000111110000000000110000000000000000000000000000000000000000000000000000000000000001100000000000000000000000000000000000000110000000000000000000000000000111000000000000000000000000000000000000000000000000000000
1100000000000111111111111000001000111000000000000111111111000000110000000000000000000000000000000000000000000000000000000000000001100000000000000000000000000000000000000011000000000000000000000000000011110000000000000000000000000000000000000000000000000000
1111111111111111111111000000011111111110000000000110011111110000110000000000000000000000000000000000000000000000000000000000000001100000000000000000000000000000000000000011000000000000000000000000000011111000000000000000000000000000000000000000000000000000
0111111111111000000000000000011111100111100000000110000000111111110000000000000000000100000000001000000000000000000000000000000000110000000000000000000000000000000000000011000000000000000000000000000000011100000000000000000000000000000000000000000000000000
0000000000000000000000000000011001100011111000000110000000001111100000000000000000001100000000001100000000000000000000000000000000111000000000000000000000000000000000000001100000000000000000000000000000001100000000000000000000000000000000000000000000000000
0000000000000000000000000000110011000000111110001110000000000001100000000000000000000110000000001100000000000000000000000000000000011100000000000000000000000000000000000001100000000000000000000000000000011100000000000000000000000000000000000000000000000000
0000000000000000000000000000110011000000000111001111100000000000000000000000000000000110000000001110000000000000000000000000000000001111000000000000000000000000000000000001100000000000000000000000000000001111000000000000000000000000000000000000000000000000
0000000000000000000000000000110011000000000011111111111000000000000000000000000000000110000000000110000000000000000000000000000000000011100000000000000000000000000000000001100000000000000000000000000000001111100000000000000000000000000000000000000000000000
0000000000000000000000000001110011000000000000111110111100000000000000000000000000000111000000000110000000000000000000000000000000000001100000000000000000000000000000000001110000000000000000000000000000000001100000000000000000000000000000000000000000000000
